1.e-11	6.245004513516506e-17	5.00000011185997e-9
1.5e-11	1.249000902703301e-16	7.500000218096936e-9
2.e-11	2.1510571102112408e-16	9.999974706827711e-9
2.5e-11	3.191891195797325e-16	1.2500000486082019e-8
3.e-11	4.3021142204224816e-16	1.5000000658238477e-8
3.5e-11	5.48172618408671e-16	1.7500000851211617e-8
4.e-11	6.800116025829084e-16	2.0000001065001438e-8
4.5e-11	8.534839501805891e-16	2.2500001264913472e-8
5.e-11	9.922618282587337e-16	2.500000150645887e-8
5.5e-11	1.1796119636642288e-15	2.7500001782698735e-8
6.e-11	1.3739009929736312e-15	3.0000002065877496e-8
6.5e-11	1.5404344466674047e-15	3.2500002362934044e-8
7.e-11	1.762479051592436e-15	3.500000267386838e-8
7.5e-11	1.3988810110276972e-14	3.7499990948942236e-8
8.e-11	2.192690473634684e-15	4.000000333043152e-8
8.5e-11	2.4424906541753444e-15	4.25000037038159e-8
9.e-11	2.6922908347160046e-15	4.500000403556692e-8
9.5e-11	2.942091015256665e-15	4.750000444364577e-8
1.e-10	3.2057689836051395e-15	5.0000004823969046e-8
1.5e-10	6.286637876939949e-15	7.500000949456354e-8
2.e-10	1.0172418463127997e-14	1.0000001528231994e-7
2.5e-10	1.4752088439706768e-14	1.2500002220805495e-7
3.e-10	1.9147487874300578e-14	1.5000003092555962e-7
3.5e-10	2.5895952049381776e-14	1.7500003890447147e-7
4.e-10	3.23491233800155e-14	2.0000004855025288e-7
4.5e-10	4.976574707882264e-14	2.250000486530294e-7
5.e-10	4.6879167214797235e-14	2.5000007042308425e-7
5.5e-10	5.5039306445792135e-14	2.750000825391119e-7
6.e-10	8.198997036856781e-14	3.000000769440174e-7
6.5e-10	7.263634138610087e-14	3.250001090332466e-7
7.e-10	8.221201497349284e-14	3.500001233974759e-7
7.5e-10	9.220402219511925e-14	3.7500013845559454e-7
8.e-10	1.0272338535344261e-13	4.0000015412433587e-7
8.5e-10	1.1364520435819259e-13	4.2500017052859995e-7
9.e-10	1.24983356997177e-13	4.5000018758512006e-7
9.5e-10	1.367933544216271e-13	4.7500020523838504e-7
1.e-9	1.4896417432908038e-13	5.00000223613295e-7
1.5e-9	3.029234142593942e-13	7.500004292668317e-7
2.e-9	4.730382752171636e-13	1.0000007097665797e-6
2.5e-9	6.863121182476561e-13	1.2500010290749964e-6
3.e-9	9.393251474321133e-13	1.5000013855232718e-6
3.5e-9	1.2023160245178133e-12	1.7500018036353815e-6
4.e-9	1.501965218864143e-12	2.0000022531441175e-6
4.5e-9	1.8278156765916265e-12	2.2500027418992374e-6
5.e-9	2.178646152373176e-12	2.500003268207651e-6
5.5e-9	2.5538460235452476e-12	2.7500038307093355e-6
6.e-9	2.9523605782344475e-12	3.0000044287381566e-6
6.5e-9	3.3737457272309257e-12	3.250005060684291e-6
7.e-9	3.8172243144174445e-12	3.500005725964872e-6
7.5e-9	4.282463272886616e-12	3.750006423802743e-6
8.e-9	4.768685446521204e-12	4.0000071533374815e-6
8.5e-9	5.275835324169975e-12	4.250007913875198e-6
9.e-9	5.803135749715693e-12	4.500008704777514e-6
9.5e-9	6.35025365625097e-12	4.750009525544829e-6
1.e-8	6.9171890437758066e-12	5.000010375733055e-6
1.5e-8	1.3596013204164592e-11	7.500020394179963e-6
2.e-8	2.1973423081078636e-11	0.000010000032927691636
2.5e-8	3.185363084412529e-11	0.000012500047780583667
3.e-8	4.3164471996703924e-11	0.00001500006474713933
3.5e-8	5.5808913046462294e-11	0.00001750008371420586
4.e-8	6.972022958962043e-11	0.00002000010458058643
4.5e-8	8.484213331882984e-11	0.000022500127264069025
5.e-8	1.0112866100087103e-10	0.000025000151693821415
5.5e-8	1.185392894953452e-10	0.00002750017781000258
6.e-8	1.370386026877668e-10	0.000030000205558822213
6.5e-8	1.5659562535574878e-10	0.000032500234894539126
7.e-8	1.7718226885676813e-10	0.000035000265775408934
7.5e-8	1.9878543255913428e-10	0.0000375002981505651
8.e-8	2.2134716282096178e-10	0.00004000033202200548
8.5e-8	2.448810043631511e-10	0.00004250036732356133
9.e-8	2.6935653707482743e-10	0.000045000404037431885
9.5e-8	2.9475566432068945e-10	0.00004750044213663873
1.e-7	3.2106228786688007e-10	0.00005000048159697901
1.5e-7	6.310640898732345e-10	0.00007500094660373158
2.e-7	1.0193035304695286e-9	0.00010000152896960657
2.5e-7	1.4784915514098884e-9	0.00012500221776179377
3.e-7	2.003486248064912e-9	0.0001500030052676278
3.5e-7	2.5903797995496802e-9	0.00017500388562108338
4.e-7	3.2360524260255374e-9	0.00020000485414939373
4.5e-7	3.937937975706518e-9	0.0002250059069969063
5.e-7	4.6938612996427764e-9	0.0002500070409102717
5.5e-7	5.501956445996825e-9	0.00027500825308179877
6.e-7	6.360596938037588e-9	0.000300009541048788
6.5e-7	7.268303514607055e-9	0.0003250109026735615
7.e-7	8.223814962349252e-9	0.00035001233598164205
7.5e-7	9.225951336233607e-9	0.00037501383923221887
8.e-7	1.0273652151226997e-8	0.00040001541083301007
8.5e-7	1.1365947294450507e-8	0.0004250170493278471
9.e-7	1.2501941037967867e-8	0.000450018753377579
9.5e-7	1.3680810928562437e-8	0.00047502052174452913
1.e-6	1.490178802576736e-8	0.0005000223532773962
1.5e-6	2.9289822327672587e-8	0.0007500439362479894
2.e-6	4.7308748030161496e-8	0.0010000709661215357
2.5e-6	6.862024692910751e-8	0.001250102935413098
3.e-6	9.298554880064888e-8	0.0015001394860714775
3.5e-6	1.202232016161986e-7	0.001750180345865715
4.e-6	1.5018846433179078e-7	0.002000225297801528
4.5e-6	1.8276205127065737e-7	0.0022502741629599754
5.e-6	2.1784315862305448e-7	0.0025003267901615445
5.5e-6	2.55344966060278e-7	0.002750383049205052
6.e-6	2.9519155964052857e-7	0.0030004428262428995
6.5e-6	3.373157344555011e-7	0.0032505060204890412
7.e-6	3.8165737903383956e-7	0.003500572541804914
7.5e-6	4.281622647539507e-7	0.003750642308868457
8.e-6	4.767811052630577e-7	0.0040007152477685715
8.5e-6	5.274688157363983e-7	0.004250791290898004
9.e-6	5.801839253471996e-7	0.0045008703760669455
9.5e-6	6.348880945417079e-7	0.004750952445788048
0.00001	6.915457269052183e-7	0.005001037446687118
0.000015	1.359167735692779e-6	0.007502039081469292
0.00002	2.1952024988891594e-6	0.010003293449071322
0.000025	3.1839334653227525e-6	0.01250477698626673
0.00003	4.314268927885223e-6	0.015006473065108938
0.000035	5.577776023280023e-6	0.017508369044785255
0.00004	6.967730114659787e-6	0.020010454845878378
0.000045	8.478586839721913e-6	0.02251272215870248
0.00005	0.00001010566066650398	0.025015163961230158
0.000055	0.000011844915701608727	0.02751777420550816
0.00006	0.000013692822542488159	0.03002054760283901
0.000065	0.000015646256400714265	0.03252347947119283
0.00007	0.00001770242219389928	0.035026565622791495
0.000075	0.000019858798042449166	0.03752980227938377
0.00008	0.00002211309159427799	0.04003318600691319
0.000085	0.000024463205835267843	0.042536713663976045
0.00009	0.000026907211591264968	0.045040382360856945
0.000095	0.000029443325350264615	0.047544189426149686
0.0001	0.000032069891007679985	0.05004813237942063
0.00015	0.00006301280559206646	0.07509459009327646
0.0002	0.00010174723201217262	0.10015275945272784
0.00025	0.0001475411140283711	0.12522154481617687
0.0003	0.00019987747162260316	0.15030017276166607
0.00035	0.00025836301869475164	0.17538805514114308
0.0004	0.00032268396161860835	0.20048472284976881
0.00045	0.0003925814477092615	0.22558978904445653
0.0005	0.00046783661235139107	0.2507029267440757
0.00055	0.0005482608471272243	0.2758238542540141
0.0006	0.0006336891393825539	0.3009523251909575
0.00065	0.000723975329705695	0.3260881213816553
0.0007	0.0008189886257294887	0.35123104764271673
0.00075	0.0009186109705812129	0.3763809278412804
0.0008	0.001022735012130127	0.4015376018548604
0.00085	0.001131262505973396	0.42670092318098085
0.0009	0.001244103038722244	0.4518707570262386
0.00095	0.0013611729929010608	0.47704697875759194
0.001	0.0014823946970139446	0.5022294726300327
0.0015	0.0029089866228980132	0.7543785723163139
0.002	0.0046918443227852435	1.007067204554808
0.0025	0.00679647401884198	1.2602441165242055
0.003	0.009198453505539328	1.5138730781076406
0.0035	0.011879161837338614	1.7679265038773728
0.004	0.014823711491782632	2.0223823668059
0.0045	0.018019798643976515	2.2772224833750734
0.005	0.021457002276996207	2.532431468774856
0.0055	0.025126327617496003	2.787996056693931
0.006	0.029019893396174723	3.0439046336361315
0.0065	0.03313070899193704	3.300146907247264
0.007	0.03745251047477893	3.556713662419771
0.0075	0.04197963675851213	3.8135965771509426
0.008	0.04670693395625136	4.070788080399343
0.0085	0.05162968010811397	4.328281240267707
0.009	0.05674352496891544	4.586069674596629
0.0095	0.062044441153901175	4.844147478453383
0.01	0.06752868400123191	5.102509164583566
0.015	0.13177872531402102	7.700751429025608
0.02	0.2115077688239282	10.323211765621242
0.025	0.30503477022169534	12.967441899692218
0.03	0.4111640645711674	15.631704717877732
0.035	0.5289811104634836	18.31467363619352
0.04	0.6577531310460358	21.01528677059968
0.045	0.7968736483784866	23.732665729869005
0.05	0.9458285485629112	26.466066040691274
0.055	1.104173903475612	29.214844812186094
0.06	1.2715207329432587	31.97843855971896
0.065	1.4475241159584158	34.75634738437407
0.07	1.6318751588470235	37.54812332119264
0.075	1.8242949136301192	40.35336152899604
0.08	2.024529670686647	43.171693479977286
0.085	2.2323472462609573	46.00278159507158
0.09	2.447534006879877	48.846314948970466
0.095	2.669892450591874	51.70200578246256
0.1	2.8992392163386995	54.56958663484864
0.1	2.8992392163387386	54.56958663484849
0.11	3.37822530063832	60.33943612488098
0.12000000000000001	3.8832514539175236	66.15404808262757
0.13	4.413220479979778	72.01181312416055
0.14	4.967152532191534	77.91129013851376
0.15000000000000002	5.544165222834456	83.85117777898674
0.16	6.14345822434835	89.83029241285342
0.17	6.764301124242948	95.84755074326753
0.18	7.4060236913288335	101.90195588986697
0.19	8.068007964740122	107.99258608127985
0.2	8.749681744922981	114.11858535473469
0.21000000000000002	9.450513179509997	120.27915582190039
0.22	10.17000621593835	126.47355117374272
0.23	10.907696748586076	132.70107117759142
0.24000000000000002	11.66314932853247	138.96105697757133
0.25	12.435954333622508	145.25288705199836
0.26	13.225725518520775	151.5759737129138
0.27	14.032097881038165	157.92976005670022
0.28	14.854725793684707	164.3137172928968
0.29000000000000004	15.693281359185946	170.72734239229987
0.30000000000000004	16.547452956331853	177.17015600638013
0.31	17.416943948536044	183.64170061861537
0.32	18.30147153226021	190.14153889517485
0.33	19.200765706280123	196.6692522078421
0.33999999999999997	20.114568345860818	203.22443930647526
0.35	21.042632368413408	209.8067151218796
0.36	21.98472097926188	216.41570968289642
0.37	22.940606987838038	223.05106713392254
0.38	23.910072186023257	229.71244484106927
0.38999999999999996	24.892906781520082	236.3995125768284
0.39999999999999997	25.88890888011565	243.11195177450983
0.41	26.897884011516226	249.84945484487417
0.42	27.919644694128976	256.61172454837845
0.43	28.954010034755157	263.39847341729353
0.43999999999999995	30.00080535965951	270.20942322265324
0.44999999999999996	31.059861873911814	277.04430448162555
0.45999999999999996	32.131016346264914	283.9028560013991
0.47	33.21411081715152	290.78482445615373
0.48	34.30899232765714	297.6899639940544
0.49	35.415512667565025	304.61803587156123
0.5	36.53352814077752	311.5688081126366
0.51	37.66289934659886	318.5420551906933
0.52	38.80349097552275	325.53755773134776
0.53	39.95517161831114	332.55510223424926
0.54	41.11781358726635	339.594480812417
0.55	42.29129274871573	346.65549094769233
0.5599999999999999	43.47548836581558	353.7379352610214
0.57	44.67028295087357	360.8416212964347
0.58	45.87556212645694	367.9663613176732
0.59	47.09121449462879	375.11197211651984
0.6	48.31713151370726	382.27827483197535
0.61	49.553207382002284	389.4650947794978
0.62	50.799338928029016	396.6722612895849
0.63	52.05542550674093	403.8996075550582
0.64	53.32136890136613	411.1469704864335
0.65	54.59707323046152	418.4141905748465
0.6599999999999999	55.88244485983719	425.7011117620206
0.6699999999999999	57.177392319024335	433.0075813168161
0.6799999999999999	58.48182622199244	440.33344971793633
0.69	59.79565919184137	447.6785705423997
0.7	61.11880578921503	455.04280035941144
0.71	62.45118244420618	462.4259986293048
0.72	63.79270739153344	469.8280276072384
0.73	65.14330060879479	477.2487522513697
0.74	66.50288375760984	484.6880401352285
0.75	67.87138012748204	492.1457613640596
0.76	69.24871458222026	499.62178849488606
0.77	70.6348135087714	507.115996460101
0.78	72.02960476832885	514.6282624943698
0.79	73.43301764958696	522.1584660646795
0.8	74.84498282402153	529.7064888033394
0.8099999999999999	76.26543230308747	537.2722144437953
0.82	77.69429939722758	544.8555287590909
0.83	79.13151867659593	552.456319502843
0.84	80.57702593340504	560.0744763526005
0.85	82.03075814581226	567.7098908554578
0.86	83.49265344326506	575.3624563758166
0.87	84.96265107323023	583.0320680451763
0.88	86.44069136923878	590.7186227138649
0.89	87.92671572017781	598.4220189046031
0.9	89.42066654077115	606.1421567678233
0.9099999999999999	90.92248724318671	613.8789380386421
0.9199999999999999	92.43212220971981	621.6322659954328
0.9299999999999999	93.94951676649742	629.4020454198934
0.94	95.47461715815783	637.1881825585655
0.95	97.0073705234582	644.9905850857217
0.96	98.54772487176719	652.8091620675646
0.97	100.09562906040242	660.6438239276744
0.98	101.65103277277476	668.4944824136583
0.99	103.21388649730079	676.3610505649376
1.	104.78414150705248	684.2434426816242
1.01	106.36174984010904	692.1415742944517
1.02	107.94666428058093	700.0553621356963
1.03	109.53883834027715	707.9847241110616
1.04	111.13822624098867	715.9295792724769
1.05	112.74478289735976	723.8898477917772
1.06	114.35846390032467	731.8654509352195
1.07	115.97922550108649	739.8563110388197
1.08	117.60702459561136	747.8623514844471
1.0899999999999999	119.24181870962346	755.8834966766776
1.1	120.88356598407485	763.9196720203535
1.11	122.532225161074	771.970803898832
1.12	124.18775557025396	780.03681965289
1.1300000000000001	125.85011711556223	788.1176475602657
1.1400000000000001	127.51927026245761	796.2132168158109
1.1500000000000001	129.19517602549456	804.32345751222
1.1600000000000001	130.87779595628535	812.4483006213372
1.1700000000000002	132.5670921318198	820.5876779759898
1.1800000000000002	134.26302714313434	828.74152225236
1.1900000000000002	135.96556408431323	836.9097669528494
1.2000000000000002	137.6746665418117	845.0923463894302
1.2100000000000002	139.39029858408867	853.2891956674689
1.2200000000000002	141.11242475153745	861.5002506699923
1.23	142.84101004670248	869.7254480423929
1.2400000000000002	144.5760199247763	877.964725177556
1.25	146.31742028435866	886.2180202013832
1.26	148.0651774584778	894.4852719587136
1.27	149.81925820585633	902.7664199996179
1.28	151.57962970241914	911.0614045660567
1.29	153.34625953303168	919.3701665788911
1.3	155.11911568346164	927.6926476252333
1.31	156.89816653255576	936.0287899461223
1.32	158.68338084462818	944.3785364245276
1.33	160.47472776204378	952.741830573638
1.34	162.27217679800353	961.1186165254733
1.35	164.07569782951217	969.5088390197636
1.36	165.88526109053078	977.9124433931164
1.37	167.70083716530502	986.3293755684484
1.3800000000000001	169.522396981863	994.7595820446843
1.3900000000000001	171.34991180567692	1003.2030098866926
1.4000000000000001	173.18335323348674	1011.6596067154858
1.4100000000000001	175.02269318727633	1020.1293206986422
1.4200000000000002	176.86790390839957	1028.6121005409664
1.4300000000000002	178.71895795185023	1037.10789547536
1.4400000000000002	180.57582818067505	1045.6166552539266
1.4500000000000002	182.43848776051905	1054.1383301392675
1.4600000000000002	184.3069101543056	1062.6728708959927
1.4700000000000002	186.1810691170414	1071.220228782417
1.48	188.06093869074817	1079.7803555424614
1.4900000000000002	189.94649319951282	1088.3532033977283
1.5	191.83770724465342	1096.9387250397604
1.51	193.73455570000093	1105.5368736224775
1.52	195.63701370728575	1114.1476027547692
1.53	197.54505667163738	1122.7708664932786
1.54	199.4586602571805	1131.4066193353135
1.55	201.37780038273706	1140.054816211944
1.56	203.30245321762146	1148.7154124812232
1.57	205.2325951775347	1157.3883639215837
1.58	207.1682029205443	1166.073626725342
1.59	209.10925334316101	1174.7711574923792
1.6	211.05572357649663	1183.480913223928
1.61	213.00759098250893	1192.202851316505
1.62	214.96483315032742	1200.936929555969
1.6300000000000001	216.92742789265964	1209.6831061116977
1.6400000000000001	218.8953532422744	1218.4413395308932
1.6500000000000001	220.86858744856173	1227.2115887330006
1.6600000000000001	222.8471089741642	1235.9938130042437
1.6700000000000002	224.8308964916813	1244.7879719922676
1.6800000000000002	226.8199288804432	1253.5940257008992
1.6900000000000002	228.81418522335076	1262.4119344850005
1.7000000000000002	230.8136448037836	1271.241659045439
1.7100000000000002	232.81828710257008	1280.0831604241496
1.7200000000000002	234.82809179502186	1288.9363999992966
1.73	236.84303874802688	1297.8013394805298
1.7400000000000002	238.8631080172039	1306.6779409043395
1.75	240.88827984411267	1315.5661666294927
1.76	242.9185346535221	1324.465979332567
1.77	244.95385305073228	1333.377342003564
1.78	246.99421581895007	1342.300217941613
1.79	249.0396039167161	1351.2345707507488
1.8	251.0899984753834	1360.1803643357732
1.81	253.145380796647	1369.1375628982053
1.82	255.20573235011582	1378.1061309322824
1.83	257.271034770941	1387.0860332210664
1.84	259.3412698574808	1396.0772348325954
1.85	261.4164195690154	1405.0797011161217
1.86	263.49646602350583	1414.0933976984174
1.87	265.58139149539284	1423.1182904801472
1.8800000000000001	267.67117841343827	1432.1543456322963
1.8900000000000001	269.7658093586085	1441.2015295926844
1.9000000000000001	271.86526706199504	1450.2598090625163
1.9100000000000001	273.9695344027766	1459.3291510030197
1.9200000000000002	276.0785944062165	1468.4095226321278
1.9300000000000002	278.1924302416975	1477.5008914212153
1.9400000000000002	280.3110252207956	1486.603225091917
1.9500000000000002	282.4343627953833	1495.716491612969
1.9600000000000002	284.56242655577364	1504.8406591971348
1.9700000000000002	286.6952002288917	1513.9756962981617
1.98	288.83266767648456	1523.1215716078066
1.9900000000000002	290.97481289336054	1532.278254052908
2.	293.1216200056576	1541.4457127924957
2.0100000000000002	295.2730732691479	1550.6239172149715
2.02	297.4291570675666	1559.8128369353185
2.0300000000000002	299.58985591097564	1569.012441792376
2.04	301.75515443414866	1578.2227018461313
2.0500000000000003	303.9250373949935	1587.4435873750972
2.06	306.09948967299306	1596.6750688736922
2.0700000000000003	308.2784962676786	1605.917117049694
2.08	310.4620422971277	1615.169702821721
2.09	312.6501129964849	1624.432797316749
2.1	314.8426937165158	1633.7063718676952
2.11	317.03976992217395	1642.9903980110046
2.12	319.2413271912026	1652.284847484308
2.13	321.44735121275124	1661.5896922240916
2.14	323.6578277860225	1670.9049043634268
2.15	325.8727428189369	1680.230456229719
2.16	328.09208232682096	1689.5663203425024
2.17	330.3158324311165	1698.9124694112625
2.18	332.54397935811346	1708.2688763332992
2.19	334.77650943769737	1717.635514191614
2.2	337.01340910212633	1727.0123562528454
2.21	339.2546648848191	1736.3993759652212
2.22	341.50026341916777	1745.796546956552
2.23	343.7501914373672	1755.2038430322468
2.24	346.0044357692647	1764.6212381733703
2.25	348.2629833412256	1774.0487065347188
2.2600000000000002	350.5258211750205	1783.4862224429326
2.27	352.7929363867272	1792.933760394642
2.2800000000000002	355.06431618564915	1802.3912950546128
2.29	357.339947873253	1811.858801253964
2.3000000000000003	359.61981884212395	1821.336253988377
2.31	361.90391657493154	1830.8236284163422
2.3200000000000003	364.19222864341725	1840.320899857435
2.33	366.48474270739536	1849.8280437906155
2.34	368.78144651376897	1859.3450358525533
2.35	371.08232789556143	1868.8718518359701
2.36	373.3873747709604	1878.4084676880145
2.37	375.6965751423823	1887.9548595086653
2.38	378.00991709554154	1897.5110035491348
2.39	380.3273887985434	1907.0768762103248
2.4	382.6489785009833	1916.6524540412843
2.41	384.9746745330624	1926.237713737693
2.42	387.3044653047183	1935.832632140379
2.43	389.6383393047626	1945.437186233832
2.44	391.9762851000375	1955.051353144766
2.45	394.31829133458126	1964.675110140678
2.46	396.66434672880587	1974.3084346284481
2.47	399.014440078689	1983.9513041529415
2.48	401.3685602549743	1993.6036963956365
2.49	403.7266962023853	2003.2655891732763
2.5	406.0888369388507	2012.9369604365272
2.5100000000000002	408.45497155474163	2022.6177882686784
2.52	410.8250892121139	2032.3080508843204
2.5300000000000002	413.19917914397104	2042.0077266280884
2.54	415.57723065352695	2051.716793973381
2.5500000000000003	417.9592331134902	2061.435231521132
2.56	420.34517596534414	2071.1630179985573
2.5700000000000003	422.73504871865435	2080.9001322579707
2.58	425.1288409503693	2090.6465532755606
2.59	427.5265423041419	2100.40226015023
2.6	429.9281424896563	2110.167232102422
2.61	432.33363128196066	2119.9414484729614
2.62	434.7429985208197	2129.7248887219457
2.63	437.15623411005987	2139.5175324275947
2.64	439.57332801694054	2149.3193592851667
2.65	441.9942702715213	2159.1303491058607
2.66	444.419050966044	2168.95048181574
2.67	446.8476602543192	2178.779737454665
2.68	449.28008835112684	2188.6180961752543
2.69	451.716325531616	2198.4655382418373
2.7	454.1563621307235	2208.322044029443
2.71	456.6001885425878	2218.1875940227746
2.72	459.0477952199836	2228.0621688152337
2.73	461.49917267375406	2237.9457491079193
2.74	463.95431147225395	2247.8383157086632
2.75	466.41320224080084	2257.7398495310654
2.7600000000000002	468.87583566113324	2267.650331593553
2.77	471.3422024708743	2277.56974301844
2.7800000000000002	473.81229346300347	2287.4980650310044
2.79	476.28609948533534	2297.435278958573
2.8000000000000003	478.76361144000424	2307.3813662296207
2.81	481.2448202829574	2317.336308372889
2.8200000000000003	483.7297170234493	2327.3000870164833
2.83	486.2182927235509	2337.2726838870294
2.84	488.7105384976576	2347.2540808088
2.85	491.20644551200763	2357.244259702873
2.86	493.7060049842033	2367.2432025862863
2.87	496.209208182742	2377.2508915712187
2.88	498.71604642655	2387.267308864164
2.89	501.22651108452345	2397.2924367651303
2.9	503.74059357507684	2407.326257666843
2.91	506.2582853656906	2417.3687540539377
2.92	508.77957797247205	2427.419908502199
2.93	511.3044629597186	2437.479703677789
2.94	513.8329319394838	2447.548122336474
2.95	516.364976571153	2457.6251473228804
2.96	518.9005885610229	2467.710761569754
2.97	521.4397596618827	2477.804948097215
2.98	523.9824816726034	2487.9076900120317
2.99	526.5287464377363	2498.0189705069165
3.	529.0785458471059	2508.1387728597992
3.0100000000000002	531.6318718354158	2518.267080433131
3.02	534.1887163818592	2528.4038766731946
3.0300000000000002	536.7490715097288	2538.54914510941
3.04	539.3129292860363	2548.7028693536668
3.0500000000000003	541.8802818211325	2558.8650330996406
3.06	544.4511212683365	2569.0356201221393
3.0700000000000003	547.0254398235661	2579.2146142764504
3.08	549.6032297249708	2589.4019994976798
3.09	552.1844832525738	2599.5977598001227
3.1	554.7691927279155	2609.801879276626
3.11	557.3573505137003	2620.0143420979584
3.12	559.9489490134483	2630.2351325121945
3.13	562.543980671153	2640.4642348440993
3.14	565.1424379709404	2650.7016334945247
3.15	567.7443134367326	2660.9473129398075
3.16	570.3495996319148	2671.201257731178
3.17	572.9582891590078	2681.4634524941666
3.18	575.570374659344	2691.733881928037
3.19	578.1858488127434	2702.012530805201
3.2	580.8047043371994	2712.299383970654
3.21	583.4269339885625	2722.594426341413
3.22	586.0525305602306	2732.897642905963
3.23	588.6814868828407	2743.2090187236995
3.24	591.3137958239704	2753.5285389244045
3.25	593.9494502878299	2763.8561887076767
3.2600000000000002	596.5884432149724	2774.1919533424325
3.27	599.2307675819959	2784.535818166357
3.2800000000000002	601.8764164012551	2794.887768585392
3.29	604.5253827205729	2805.2477900732124
3.3000000000000003	607.1776596229582	2815.6158681707298
3.31	609.833240226323	2825.9919884855753
3.3200000000000003	612.4921176832072	2836.376136691607
3.33	615.1542851804986	2846.768298528402
3.34	617.8197359391677	2857.168459800787
3.35	620.4884632139954	2867.576606378344
3.36	623.1604602933064	2877.9927241949304
3.37	625.8357204987068	2888.4167992482
3.38	628.5142371848235	2898.8488175991415
3.39	631.1960037390495	2909.288765371618
3.4	633.8810135812831	2919.736628751886
3.41	636.5692601636811	2930.192393988165
3.42	639.2607369704075	2940.6560473901695
3.43	641.9554375173868	2951.1275753286736
3.44	644.6533553520586	2961.6069642350594
3.45	647.354484053137	2972.0942006008845
3.46	650.0588172303745	2982.5892709774607
3.47	652.7663485243172	2993.0921619753926
3.48	655.4770716060802	3003.602860264195
3.49	658.1909801771085	3014.121352571837
3.5	660.9080679689519	3024.647625684351
3.5100000000000002	663.6283287430358	3035.181666445407
3.52	666.3517562904381	3045.7234617559075
3.5300000000000002	669.0783444316662	3056.2729985735873
3.54	671.8080870164363	3066.8302639126114
3.5500000000000003	674.5409779234557	3077.3952448431755
3.56	677.2770110602078	3087.9679284911176
3.5700000000000003	680.0161803627389	3098.5483020375295
3.58	682.7584797954464	3109.1363527183757
3.59	685.5039033508688	3119.7320678240994
3.6	688.2524450494807	3130.3354346992637
3.61	691.0040989394868	3140.9464407421656
3.62	693.7588590966182	3151.5650734044684
3.63	696.5167196239306	3162.1913201908283
3.64	699.277674651612	3172.825168658559
3.65	702.0417183367736	3183.4666064172243
3.66	704.8088448632689	3194.1156211283333
3.67	707.5790484414904	3204.7722005049554
3.68	710.3523233081828	3215.4363323113803
3.69	713.1286637262515	3226.1080043627644
3.7	715.9080639845786	3236.787204524804
3.71	718.6905183978333	3247.47392071338
3.72	721.4760213062906	3258.168140894224
3.73	724.2645670756508	3268.8698530826005
3.74	727.056150096855	3279.5790453429554
3.75	729.8507647859074	3290.295705788586
3.7600000000000002	732.6484055837054	3301.0198225813556
3.77	735.4490669558545	3311.7513839313206
3.7800000000000002	738.2527433925021	3322.4903780964487
3.79	741.0594294081615	3333.2367933822816
3.8000000000000003	743.869119541545	3343.99061814164
3.81	746.6818083553934	3354.7518407743005
3.8200000000000003	749.4974904363108	3365.5204497266977
3.83	752.3161603945979	3376.2964334916132
3.84	755.1378128640876	3387.0797806078745
3.85	757.9624425019865	3397.8704796600678
3.86	760.7900439887093	3408.668519278224
3.87	763.6206120277229	3419.473888137537
3.88	766.4541413453892	3430.2865749580737
3.89	769.290626690805	3441.106568504476
3.9	772.1300628356538	3451.933857585692
3.91	774.9724445740451	3462.7684310546742
3.92	777.8177667223673	3473.6102778081067
3.93	780.6660241191374	3484.45938678614
3.94	783.5172116248485	3495.3157469720873
3.95	786.3713241218246	3506.179347392177
3.96	789.2283565140742	3517.0501771152694
3.97	792.0883037271451	3527.9282252525936
3.98	794.9511607079804	3538.813480957481
3.99	797.8169224247758	3549.7059334250916
4.	800.6855838668387	3560.605571892169
4.01	803.5571400444495	3571.512385636769
4.0200000000000005	806.4315859887192	3582.426363977997
4.03	809.30891675146	3593.3474962757873
4.04	812.1891274050403	3604.2757719306005
4.05	815.0722130422537	3615.2111803832095
4.0600000000000005	817.958168776189	3626.1537111144435
4.07	820.8469897400892	3637.1033536449277
4.08	823.7386710872296	3648.0600975348625
4.09	826.6332079907788	3659.023932383754
4.1	829.5305956436807	3669.9948478302117
4.109999999999999	832.4308292585132	3680.9728335516625
4.119999999999999	835.333904067373	3691.95787926416
4.13	838.2398153217453	3702.9499747221234
4.14	841.1485582923759	3713.949109718108
4.1499999999999995	844.0601282691555	3724.9552740825875
4.159999999999999	846.9745205609925	3735.968457683718
4.17	849.8917304956911	3746.988650427111
4.18	852.8117534198345	3758.015842255609
4.1899999999999995	855.7345846986638	3769.0500231490714
4.199999999999999	858.6602197159586	3780.0911831241397
4.21	861.5886538739223	3791.139312234028
4.22	864.5198825930652	3802.1944005683063
4.2299999999999995	867.4539013120888	3813.2564382526816
4.239999999999999	870.3907054877719	3824.3254154487845
4.25	873.3302905948617	3835.401322353973
4.26	876.2726521259491	3846.4841492010773
4.27	879.2177855913757	3857.5738862582602
4.279999999999999	882.165686519108	3868.6705238287477
4.29	885.1163504546356	3879.7740522506583
4.3	888.0697729608628	3890.8844618967933
4.31	891.0259496179968	3902.0017431744272
4.319999999999999	893.9848760234462	3913.1258865251193
4.33	896.9465477917123	3924.2568824245086
4.34	899.9109605542839	3935.394721382111
4.35	902.8781099595368	3946.5393939411415
4.359999999999999	905.8479916726264	3957.6908906783037
4.369999999999999	908.8206013753897	3968.849202203608
4.38	911.7959347662387	3980.014319160171
4.39	914.773987560067	3991.1862322240413
4.3999999999999995	917.754755488143	4002.3649321039984
4.409999999999999	920.7382342980154	4013.5504095413708
4.42	923.7244197534136	4024.7426553098508
4.43	926.7133076341543	4035.941660215327
4.4399999999999995	929.7048937360343	4047.147415095662
4.449999999999999	932.6991738707485	4058.359910820559
4.46	935.6961438657875	4069.579138291357
4.47	938.6957995643446	4080.805088440864
4.4799999999999995	941.6981368252206	4092.03775223316
4.489999999999999	944.7031515227341	4103.277120663444
4.5	947.7108395466308	4114.523184757864
4.51	950.7211968019883	4125.775935573322
4.52	953.7342192091293	4137.035364197324
4.529999999999999	956.7499027035308	4148.301461747805
4.54	959.7682432357323	4159.574219372947
4.55	962.7892367712543	4170.853628251036
4.56	965.8128792905032	4182.139679590276
4.569999999999999	968.8391667886912	4193.432364628639
4.58	971.8680952757445	4204.731674633694
4.59	974.899660776221	4216.037600902438
4.6	977.9338593292294	4227.3501347611655
4.609999999999999	980.9706869883339	4238.669267565267
4.619999999999999	984.0101398214821	4249.994990699099
4.63	987.0522139109187	4261.327295575827
4.64	990.0969053530979	4272.666173637248
4.6499999999999995	993.1442102586107	4284.0116163536595
4.659999999999999	996.1941247521	4295.363615223701
4.67	999.246644972179	4306.722161774191
4.68	1002.3017670713521	4318.087247559978
4.6899999999999995	1005.359487215939	4329.458864163802
4.699999999999999	1008.4198015859935	4340.837003196133
4.71	1011.4827063752274	4352.22165629504
4.72	1014.5481977909297	4363.612815126009
4.7299999999999995	1017.6162720538966	4375.010471381844
4.739999999999999	1020.6869253983501	4386.414616782489
4.75	1023.7601540718656	4397.825243074898
4.76	1026.835954335293	4409.242342032881
4.77	1029.9143224626869	4420.665905456974
4.779999999999999	1032.995254741233	4432.095925174299
4.79	1036.078747471173	4443.53239303842
4.8	1039.164796965732	4454.9753009292035
4.81	1042.2533995510435	4466.424640752673
4.819999999999999	1045.34455156609	4477.880404440906
4.83	1048.4382493626156	4489.342583951847
4.84	1051.534489305067	4500.811171269217
4.85	1054.6332677705211	4512.286158402365
4.859999999999999	1057.734581148612	4523.767537386121
4.869999999999999	1060.8384258414687	4535.255300280693
4.88	1063.944798263642	4546.749439171515
4.89	1067.0536948420377	4558.249946169124
4.8999999999999995	1070.165112015848	4569.75681340902
4.909999999999999	1073.2790462364896	4581.270033051567
4.92	1076.395493967532	4592.789597281832
4.93	1079.5144516846328	4604.315498309476
4.9399999999999995	1082.6359158754792	4615.847728368648
4.949999999999999	1085.7598830397112	4627.386279717812
4.96	1088.8863496888655	4638.931144639661
4.97	1092.0153123463124	4650.482315440997
4.9799999999999995	1095.146767547184	4662.039784452574
4.989999999999999	1098.2807118383257	4673.6035440290325
5.	1101.4171417782154	4685.173586548708
5.01	1104.5560539369174	4696.749904413581
5.02	1107.6974448960145	4708.332490049128
5.029999999999999	1110.8413112485428	4719.921335904183
5.04	1113.9876495989388	4731.516434450863
5.05	1117.1364565629751	4743.117778184425
5.06	1120.2877287676988	4754.725359623152
5.069999999999999	1123.4414628513778	4766.339171308256
5.08	1126.597655463436	4777.959205803744
5.09	1129.756303264397	4789.585455696315
5.1	1132.917402925825	4801.217913595236
5.109999999999999	1136.0809511302757	4812.8565721322775
5.119999999999999	1139.2469445712213	4824.501423961527
5.13	1142.4153799530104	4836.152461759339
5.14	1145.5862539908048	4847.809678224206
5.1499999999999995	1148.7595634105198	4859.473066076643
5.159999999999999	1151.9353049487765	4871.142618059096
5.17	1155.1134753528422	4882.818326935827
5.18	1158.2940713805729	4894.500185492801
5.1899999999999995	1161.4770898003633	4906.188186537589
5.199999999999999	1164.6625273910925	4917.8823228992715
5.21	1167.8503809420667	4929.582587428316
5.22	1171.040647252969	4941.2889729964845
5.2299999999999995	1174.2333231338048	4953.001472496728
5.239999999999999	1177.4284054048508	4964.720078843091
5.25	1180.6258908966013	4976.444784970602
5.26	1183.8257764497148	4988.175583835171
5.27	1187.028058914968	4999.912468413508
5.279999999999999	1190.2327351531976	5011.655431702996
5.29	1193.439802035255	5023.40446672162
5.3	1196.6492564419532	5035.159566507848
5.31	1199.8610952640154	5046.920724120539
5.319999999999999	1203.0753154020326	5058.687932638868
5.33	1206.2919137664007	5070.461185162187
5.34	1209.5108872772855	5082.240474809969
5.35	1212.7322328645635	5094.025794721694
5.359999999999999	1215.9559474677817	5105.8171380567655
5.369999999999999	1219.1820280361026	5117.614497994401
5.38	1222.4104715282588	5129.417867733553
5.39	1225.6412749125088	5141.2272404928135
5.3999999999999995	1228.874435166585	5153.042609510325
5.409999999999999	1232.1099492776502	5164.863968043677
5.42	1235.3478142422496	5176.691309369838
5.43	1238.588027066263	5188.524626785033
5.4399999999999995	1241.8305847648644	5200.363913604691
5.449999999999999	1245.075484362469	5212.2091631633275
5.46	1248.322722892695	5224.06036881447
5.47	1251.5722973983143	5235.9175239305705
5.4799999999999995	1254.8242049312098	5247.780621902919
5.489999999999999	1258.0784425523289	5259.649656141541
5.5	1261.3350073316383	5271.524620075126
5.51	1264.5938963480894	5283.405507150953
5.52	1267.8551066895632	5295.292310834782
5.529999999999999	1271.118635452831	5307.185024610777
5.54	1274.384479743519	5319.083641981442
5.55	1277.6526366760504	5330.9881564675
5.56	1280.9231033736214	5342.898561607854
5.569999999999999	1284.1958769681373	5354.814850959452
5.58	1287.4709546001977	5366.73701809727
5.59	1290.7483334190267	5378.66505661417
5.6	1294.0280105824531	5390.598960120854
5.609999999999999	1297.3099832568614	5402.538722245786
5.619999999999999	1300.594248617146	5414.484336635079
5.63	1303.8808038466798	5426.435796952454
5.64	1307.1696461372721	5438.393096879153
5.6499999999999995	1310.46077268912	5450.356230113828
5.659999999999999	1313.754180710785	5462.325190372521
5.67	1317.0498674191344	5474.299971388526
5.68	1320.347830039319	5486.280566912355
5.6899999999999995	1323.6480658047194	5498.266970711636
5.699999999999999	1326.9505719569227	5510.259176571061
5.71	1330.2553457456734	5522.257178292301
5.72	1333.5623844288364	5534.260969693912
5.7299999999999995	1336.8716852723628	5546.270544611285
5.739999999999999	1340.1832455502513	5558.285896896572
5.75	1343.4970625445058	5570.307020418586
5.76	1346.8131335451014	5582.333909062749
5.77	1350.1314558499566	5594.366556731036
5.779999999999999	1353.45202676488	5606.404957341868
5.79	1356.774843603545	5618.4491048300515
5.8	1360.099903687448	5630.498993146715
5.81	1363.427204345878	5642.554616259236
5.819999999999999	1366.7567429158757	5654.615968151167
5.83	1370.0885167422002	5666.683042822167
5.84	1373.422523177292	5678.755834287929
5.85	1376.7587595812415	5690.834336580118
5.859999999999999	1380.0972233217515	5702.918543746298
5.869999999999999	1383.4379117740982	5715.008449849849
5.88	1386.7808223211061	5727.104048969934
5.89	1390.1259523531046	5739.205335201388
5.8999999999999995	1393.4732992679053	5751.312302654704
5.909999999999999	1396.8228604707501	5763.424945455892
5.92	1400.1746333742994	5775.543257746505
5.93	1403.5286153985785	5787.667233683483
5.9399999999999995	1406.8848039709596	5799.7968674391495
5.949999999999999	1410.2431965261214	5811.9321532011245
5.96	1413.6037905060127	5824.073085172242
5.97	1416.9665833598347	5836.219657570541
5.9799999999999995	1420.331572543987	5848.371864629116
5.989999999999999	1423.698755522055	5860.529700596138
6.	1427.0681297647654	5872.693159734739
6.01	1430.439692749963	5884.86223632297
6.02	1433.8134419625671	5897.036924653718
6.029999999999999	1437.189374894558	5909.217219034685
6.04	1440.5674890449282	5921.403113788281
6.05	1443.9477819196586	5933.5946032515785
6.06	1447.3302510316926	5945.79168177627
6.069999999999999	1450.7148939008962	5957.994343728575
6.08	1454.101708054032	5970.202583489201
6.09	1457.490691024731	5982.416395453285
6.1	1460.8818403534576	5994.635774030313
6.109999999999999	1464.2751535874827	6006.860713644086
6.119999999999999	1467.6706282808548	6019.091208732643
6.13	1471.0682619943673	6031.327253748214
6.14	1474.4680522955282	6043.568843157138
6.1499999999999995	1477.8699967585417	6055.815971439855
6.159999999999999	1481.27409296426	6068.068633090782
6.17	1484.6803385001722	6080.3268226183045
6.18	1488.0887309603654	6092.59053454471
6.1899999999999995	1491.4992679455047	6104.859763406128
6.199999999999999	1494.9119470627893	6117.134503752444
6.21	1498.3267659259432	6129.4147501473035
6.22	1501.7437221551745	6141.700497168002
6.2299999999999995	1505.1628133771505	6153.991739405459
6.239999999999999	1508.5840372249713	6166.288471464145
6.25	1512.007391338144	6178.590687962053
6.26	1515.4328733625532	6190.898383530624
6.27	1518.8604809504272	6203.211552814673
6.279999999999999	1522.2902117603217	6215.5301904723765
6.29	1525.7220634570895	6227.854291175201
6.3	1529.1560337118517	6240.183849607845
6.31	1532.5921202019676	6252.518860468177
6.319999999999999	1536.030320611019	6264.859318467216
6.33	1539.470632628773	6277.2052183290425
6.34	1542.9130539511666	6289.5565547907845
6.35	1546.3575822802638	6301.913322602503
6.359999999999999	1549.804215324247	6314.27551652721
6.369999999999999	1553.2529507973866	6326.643131340784
6.38	1556.7037864200101	6339.016161831922
6.39	1560.1567199184778	6351.394602802076
6.3999999999999995	1563.6117490251645	6363.7784490654285
6.409999999999999	1567.068871478427	6376.167695448828
6.42	1570.5280850225838	6388.5623367917415
6.43	1573.9893874078834	6400.962367946189
6.4399999999999995	1577.452776390491	6413.367783776729
6.449999999999999	1580.9182497324534	6425.77857916038
6.46	1584.385805201674	6438.194748986561
6.47	1587.8554405719074	6450.616288157112
6.4799999999999995	1591.3271536227066	6463.043191586155
6.489999999999999	1594.8009421394177	6475.47545420009
6.5	1598.2768039131515	6487.913070937551
6.51	1601.7547367407617	6500.3560367493565
6.52	1605.234738424821	6512.804346598463
6.529999999999999	1608.7168067735902	6525.2579954598905
6.54	1612.2009396010037	6537.716978320709
6.55	1615.687134726645	6550.181290179986
6.56	1619.175389975721	6562.650926048728
6.569999999999999	1622.665703179036	6575.125880949836
6.58	1626.158072172981	6587.606149918084
6.59	1629.652494799495	6600.091728000025
6.6	1633.1489689060522	6612.582610253992
6.609999999999999	1636.6474923456433	6625.078791750044
6.619999999999999	1640.148062976742	6637.5802675699
6.63	1643.6506786632876	6650.0870328069
6.64	1647.1553372746678	6662.59908256599
6.6499999999999995	1650.6620366856882	6675.116411963632
6.659999999999999	1654.1707747765581	6687.6390161278
6.67	1657.6815494328648	6700.166890197907
6.68	1661.194358545551	6712.7000293247875
6.6899999999999995	1664.7092000109014	6725.238428670644
6.699999999999999	1668.226071730501	6737.782083408963
6.71	1671.7449716112474	6750.330988724577
6.72	1675.2658975652926	6762.885139813491
6.7299999999999995	1678.7888475100515	6775.44453188295
6.739999999999999	1682.313819368162	6788.009160151325
6.75	1685.8408110674739	6800.579019848103
6.76	1689.3698205410255	6813.154106213847
6.77	1692.900845727021	6825.734414500131
6.779999999999999	1696.4338845688173	6838.319939969544
6.79	1699.968935014896	6850.910677895602
6.8	1703.5059950188415	6863.506623562712
6.81	1707.045062539331	6876.107772266171
6.819999999999999	1710.586135540108	6888.714119312088
6.83	1714.129211989959	6901.325660017348
6.84	1717.6742898627008	6913.942389709589
6.85	1721.2213671371564	6926.564303727146
6.859999999999999	1724.77044179714	6939.191397419023
6.869999999999999	1728.3215118314306	6951.823666144851
6.88	1731.8745752337572	6964.461105274835
6.89	1735.429630002779	6977.103710189734
6.8999999999999995	1738.9866741420642	6989.751476280807
6.909999999999999	1742.5457056600758	7002.404398949794
6.92	1746.1067225701481	7015.062473608859
6.93	1749.669722890471	7027.725695680569
6.9399999999999995	1753.2347046440614	7040.39406059781
6.949999999999999	1756.801665858762	7053.067563803825
6.96	1760.370604567208	7065.7462007521135
6.97	1763.9415188068174	7078.429966906428
6.9799999999999995	1767.5144066197631	7091.11885774071
6.989999999999999	1771.0892660529728	7103.8128687391
7.	1774.6660951580834	7116.511995395826
7.01	1778.2448919914489	7129.21623321524
7.02	1781.8256546141056	7141.925577711738
7.029999999999999	1785.4083810917625	7154.640024409735
7.04	1788.9930694947832	7167.35956884364
7.05	1792.579717898164	7180.084206557808
7.06	1796.168324381524	7192.81393310652
7.069999999999999	1799.7588870290674	7205.548744053892
7.08	1803.3514039295992	7218.28863497393
7.09	1806.9458731764753	7231.03360145041
7.1	1810.5422928676096	7243.783639076917
7.109999999999999	1814.140661105438	7256.538743456733
7.119999999999999	1817.7409759969164	7269.29891020287
7.13	1821.3432356534934	7282.064134937993
7.14	1824.9474381911	7294.834413294413
7.1499999999999995	1828.5535817301256	7307.60974091402
7.159999999999999	1832.1616643954096	7320.390113448282
7.17	1835.7716843162254	7333.1755265582215
7.18	1839.3836396262477	7345.965975914307
7.1899999999999995	1842.9975284635527	7358.761457196493
7.199999999999999	1846.6133489706012	7371.561966094189
7.21	1850.2310992942134	7384.36749830617
7.22	1853.8507775855558	7397.178049540582
7.2299999999999995	1857.4723820001304	7409.993615514915
7.239999999999999	1861.0959106977489	7422.8141919559375
7.25	1864.7213618425283	7435.639774599701
7.26	1868.348733602866	7448.470359191486
7.27	1871.978024151425	7461.305941485765
7.279999999999999	1875.6092316651248	7474.14651724619
7.29	1879.2423543251189	7486.992082245555
7.3	1882.8773903167794	7499.84263226574
7.31	1886.514337829683	7512.698163097704
7.319999999999999	1890.1531950576025	7525.5586705414635
7.33	1893.7939601984776	7538.424150406031
7.34	1897.4366314544097	7551.294598509399
7.35	1901.0812070316485	7564.170010678525
7.359999999999999	1904.727685140566	7577.050382749259
7.369999999999999	1908.3760639956506	7589.935710566363
7.38	1912.0263418154866	7602.825989983423
7.39	1915.6785168227498	7615.72121686289
7.3999999999999995	1919.332587244175	7628.621387075981
7.409999999999999	1922.9885513105598	7641.526496502691
7.42	1926.6464072567353	7654.436541031744
7.43	1930.3061533215578	7667.351516560567
7.4399999999999995	1933.9677877479041	7680.271418995293
7.449999999999999	1937.6313087826306	7693.196244250646
7.46	1941.2967146765895	7706.125988250018
7.47	1944.9640036845929	7719.060646925358
7.4799999999999995	1948.633174065406	7732.000216217184
7.489999999999999	1952.3042240817363	7744.9446920745395
7.5	1955.9771520002114	7757.894070454964
7.51	1959.6519560913798	7770.8483473245
7.52	1963.328634629673	7783.807518657579
7.529999999999999	1967.0071858934132	7796.771580437085
7.54	1970.6876081647922	7809.740528654277
7.55	1974.3698997298548	7822.714359308782
7.56	1978.0540588784884	7835.693068408536
7.569999999999999	1981.7400839044017	7848.676651969774
7.58	1985.4279731051304	7861.665106017041
7.59	1989.1177247820033	7874.658426583095
7.6	1992.809337240138	7887.656609708926
7.609999999999999	1996.502808788422	7900.659651443695
7.619999999999999	2000.1981377395127	7913.667547844765
7.63	2003.8953224098075	7926.680294977597
7.64	2007.5943611194405	7939.697888915782
7.6499999999999995	2011.2952521922684	7952.720325740991
7.659999999999999	2014.9979939558518	7965.7476015429365
7.67	2018.7025847414493	7978.77971241937
7.68	2022.4090228840087	7991.816654476073
7.6899999999999995	2026.117306722132	8004.85842382674
7.699999999999999	2029.8274345980892	8017.905016593067
7.71	2033.5394048577914	8030.956428904652
7.72	2037.2532158507825	8044.012656899001
7.7299999999999995	2040.9688659302171	8057.073696721467
7.739999999999999	2044.686353452869	8070.13954452529
7.75	2048.405676779096	8083.210196471493
7.76	2052.1268342728354	8096.285648728888
7.77	2055.8498243016	8109.365897474093
7.779999999999999	2059.5746452364547	8122.450938891434
7.79	2063.301295452008	8135.540769172962
7.8	2067.029773326408	8148.63538451845
7.81	2070.760077241309	8161.734781135284
7.819999999999999	2074.492205581887	8174.838955238553
7.83	2078.2261567367996	8187.947903050898
7.84	2081.9619290982027	8201.061620802622
7.85	2085.6995210617106	8214.180104731533
7.859999999999999	2089.438931026405	8227.303351083021
7.869999999999999	2093.1801573948123	8240.431356109977
7.88	2096.9231985729	8253.564116072808
7.89	2100.668052970055	8266.701627239376
7.8999999999999995	2104.4147189990795	8279.843885884984
7.909999999999999	2108.163195076172	8292.990888292366
7.92	2111.91347962093	8306.14263075166
7.93	2115.6655710563236	8319.299109560374
7.9399999999999995	2119.419467808687	8332.460321023354
7.949999999999999	2123.1751683077155	8345.626261452802
7.96	2126.9326709864454	8358.796927168198
7.97	2130.6919742812483	8371.972314496325
7.9799999999999995	2134.4530766318126	8385.152419771199
7.989999999999999	2138.215976481143	8398.337239334098
8.	2141.980672275539	8411.526769533488
8.01	2145.747162464591	8424.721006725042
8.02	2149.5154455011593	8437.919947271568
8.03	2153.2855198413863	8451.123587543072
8.04	2157.0573839446565	8464.331923916641
8.049999999999999	2160.831036273601	8477.544952776456
8.06	2164.6064752940874	8490.762670513795
8.07	2168.383699475202	8503.985073526968
8.08	2172.162707289249	8517.21215822134
8.09	2175.9434972117274	8530.443921009259
8.1	2179.726067721335	8543.680358310088
8.11	2183.5104172999413	8556.921466550133
8.12	2187.296544432593	8570.167242162648
8.129999999999999	2191.084447607491	8583.417681587818
8.14	2194.874125315985	8596.672781272711
8.15	2198.6655760525673	8609.93253767129
8.16	2202.458798314854	8623.19694724436
8.17	2206.2537906035864	8636.466006459585
8.18	2210.0505514225993	8649.739711791406
8.19	2213.849079278839	8663.018059721087
8.2	2217.6493726823282	8676.301046736648
8.209999999999999	2221.4514301461754	8689.588669332867
8.22	2225.255250186553	8702.88092401126
8.23	2229.060831322688	8716.17780728003
8.24	2232.8681720768554	8729.479315654082
8.25	2236.6772709743695	8742.785445654989
8.26	2240.488126543569	8756.096193810965
8.27	2244.3007373158116	8769.411556656856
8.28	2248.115101825465	8782.731530734116
8.29	2251.9312186098896	8796.05611259078
8.3	2255.749086209433	8809.385298781435
8.31	2259.5687031674292	8822.71908586724
8.32	2263.3900680301786	8836.057470415883
8.33	2267.2131793469266	8849.400449001492
8.34	2271.038035669895	8862.748018204788
8.35	2274.8646355542214	8876.10017461286
8.36	2278.692977557983	8889.456914819282
8.37	2282.523060242182	8902.81823542407
8.38	2286.354882170733	8916.184133033641
8.39	2290.1884419104404	8929.554604260757
8.4	2294.0237380310145	8942.929645724591
8.41	2297.8607691050556	8956.309254050691
8.42	2301.6995337080166	8969.693425870852
8.43	2305.5400304182317	8983.082157823232
8.44	2309.382257816891	8996.475446552282
8.45	2313.226214488029	9009.873288708714
8.46	2317.0718990185255	9023.275680949513
8.47	2320.91930999807	9036.682619937837
8.48	2324.7684460191954	9050.094102343144
8.49	2328.6193056772354	9063.510124841032
8.5	2332.4718875703265	9076.930684113295
8.51	2336.3261902993995	9090.355776847886
8.52	2340.182212468172	9103.785399738907
8.53	2344.039952683132	9117.219549486555
8.540000000000001	2347.8994095535413	9130.658222797165
8.55	2351.7605816914197	9144.101416383157
8.56	2355.6234677115344	9157.549126962995
8.57	2359.488066231393	9171.001351261206
8.58	2363.3543758712367	9184.458086008348
8.59	2367.222395254035	9197.919327941006
8.6	2371.092123005474	9211.385073801768
8.61	2374.963557753931	9224.855320339138
8.620000000000001	2378.8366981305035	9238.330064307665
8.63	2382.7115427689673	9251.809302467795
8.64	2386.588090305782	9265.293031585905
8.65	2390.4663393800784	9278.781248434283
8.66	2394.346288633664	9292.273949791128
8.67	2398.2279367109854	9305.771132440466
8.68	2402.111282259157	9319.272793172247
8.69	2405.996323927916	9332.77892878219
8.700000000000001	2409.8830603696483	9346.28953607189
8.71	2413.771490239348	9359.804611848705
8.72	2417.661612194639	9373.324152925818
8.73	2421.553424895746	9386.848156122156
8.74	2425.4469270054965	9400.37661826242
8.75	2429.3421171893115	9413.909536177043
8.76	2433.2389941151905	9427.446906702171
8.77	2437.1375564537116	9440.988726679645
8.780000000000001	2441.0378028780265	9454.534992957033
8.790000000000001	2444.9397320638495	9468.085702387565
8.8	2448.8433426894253	9481.640851830052
8.81	2452.748633435572	9495.200438149053
8.82	2456.6556029856283	9508.76445821468
8.83	2460.5642500254685	9522.332908902676
8.84	2464.474573243483	9535.90578709435
8.85	2468.38657133058	9549.483089676614
8.860000000000001	2472.300242980179	9563.064813541932
8.870000000000001	2476.215586888189	9576.650955588295
8.88	2480.1326017530077	9590.241512719205
8.89	2484.051286275534	9603.83648184373
8.9	2487.971639159126	9617.435859876376
8.91	2491.893659109616	9631.039643737153
8.92	2495.8173448353004	9644.647830351529
8.93	2499.742695046924	9658.260416650424
8.940000000000001	2503.6697084576854	9671.877399570185
8.950000000000001	2507.59838378321	9685.498776052556
8.96	2511.528719741571	9699.124543044727
8.97	2515.460715053251	9712.754697499222
8.98	2519.394368441157	9726.389236373956
8.99	2523.3296786306087	9740.028156632217
9.	2527.2666443493245	9753.671455242613
9.01	2531.205264327416	9767.319129179064
9.020000000000001	2535.1455372973896	9780.971175420833
9.030000000000001	2539.087461994128	9794.627590952447
9.040000000000001	2543.031037154884	9808.288372763704
9.05	2546.9762615192917	9821.953517849715
9.06	2550.9231338293375	9835.623023210812
9.07	2554.8716528293535	9849.296885852538
9.08	2558.8218172660268	9862.975102785684
9.09	2562.7736258883833	9876.657671026249
9.100000000000001	2566.7270774477784	9890.344587595408
9.110000000000001	2570.6821706978894	9904.035849519498
9.120000000000001	2574.6389043947256	9917.731453830078
9.13	2578.5972772965906	9931.431397563778
9.14	2582.5572881641074	9945.135677762413
9.15	2586.518935760184	9958.844291472888
9.16	2590.482218850031	9972.557235747225
9.17	2594.447136201141	9986.274507642549
9.180000000000001	2598.4136865832793	9999.99610422103
9.190000000000001	2602.381868768486	10013.722022549915
9.200000000000001	2606.351681531063	10027.452259701493
9.21	2610.323123647577	10041.18681275311
9.22	2614.2961938968433	10054.925678787109
9.23	2618.270891059917	10068.668854890839
9.24	2622.2472139200977	10082.416338156649
9.25	2626.2251612629075	10096.168125681845
9.260000000000002	2630.204731876111	10109.924214568751
9.270000000000001	2634.185924549672	10123.684601924571
9.280000000000001	2638.168738075776	10137.449284861486
9.29	2642.153171248821	10151.21826049661
9.299999999999999	2646.1392228653917	10164.991525951942
9.309999999999999	2650.126891724273	10178.769078354382
9.319999999999999	2654.1161766264413	10192.550914835741
9.329999999999998	2658.1070763750386	10206.337032532643
9.34	2662.0995897753965	10220.127428586628
9.35	2666.0937156350083	10233.922100144042
9.36	2670.0894527635273	10247.721044356073
9.37	2674.086799972766	10261.524258378726
9.379999999999999	2678.0857560766844	10275.331739372807
9.389999999999999	2682.0863198913853	10289.143484503904
9.399999999999999	2686.08849023511	10302.959490942405
9.409999999999998	2690.0922659282337	10316.77975586345
9.42	2694.0976457932497	10330.604276446931
9.43	2698.1046286547744	10344.433049877465
9.44	2702.1132133395336	10358.26607334441
9.45	2706.1233986763655	10372.103344041841
9.459999999999999	2710.1351834962056	10385.944859168525
9.469999999999999	2714.1485666320837	10399.790615927915
9.479999999999999	2718.163546919119	10413.640611528146
9.489999999999998	2722.1801231945155	10427.49484318201
9.5	2726.198294297545	10441.35330810693
9.51	2730.2180590695725	10455.216003525027
9.52	2734.2394163540007	10469.082926662973
9.53	2738.262364996308	10482.954074752086
9.54	2742.286903844025	10496.829445028301
9.549999999999999	2746.3130317467303	10510.70903473212
9.559999999999999	2750.3407475560407	10524.59284110862
9.569999999999999	2754.3700501256126	10538.48086140745
9.58	2758.400938311128	10552.37309288279
9.59	2762.4334109703	10566.269532793394
9.6	2766.4674669628575	10580.170178402506
9.61	2770.5031051505457	10594.075026977915
9.62	2774.5403243971105	10607.984075791881
9.629999999999999	2778.579123568315	10621.897322121204
9.639999999999999	2782.6195015319026	10635.814763247108
9.649999999999999	2786.661457157615	10649.736396455317
9.66	2790.704989317183	10663.662219036
9.67	2794.7500968843074	10677.592228283764
9.68	2798.7967787346747	10691.526421497663
9.69	2802.84503374594	10705.46479598118
9.7	2806.89486079771	10719.407349042165
9.709999999999999	2810.946258771558	10733.354077992888
9.719999999999999	2814.9992265510127	10747.30498015002
9.729999999999999	2819.053763021543	10761.260052834576
9.74	2823.1098670705696	10775.219293371967
9.75	2827.1675375874365	10789.182699091916
9.76	2831.2267734634293	10803.150267328514
9.77	2835.28757359176	10817.121995420186
9.78	2839.3499368675493	10831.097880709625
9.79	2843.4138621878474	10845.077920543887
9.799999999999999	2847.4793484516063	10859.062112274292
9.809999999999999	2851.546394559686	10873.050453256454
9.82	2855.6149994148473	10887.04294085025
9.83	2859.685161921742	10901.03957241982
9.84	2863.7568809869094	10915.04034533356
9.85	2867.830155518778	10929.045256964087
9.86	2871.9049844276533	10943.05430468827
9.87	2875.9813666257123	10957.067485887172
9.879999999999999	2880.059301027011	10971.0847979461
9.889999999999999	2884.1387865474458	10985.106238254482
9.9	2888.219822104799	10999.131804206012
9.91	2892.3024066186945	11013.161493198524
9.92	2896.386539010591	11027.195302633976
9.93	2900.472218203819	11041.233229918555
9.94	2904.559443123523	11055.275272462524
9.95	2908.648212696691	11069.321427680294
9.959999999999999	2912.738525852138	11083.37169299041
9.969999999999999	2916.8303815205045	11097.426065815514
9.98	2920.923778634249	11111.484543582359
9.99	2925.0187161276435	11125.547123721773
10.	2929.115192936761	11139.613803668646