# epsilon [g/cm^3]   P [dyn/cm^2]
1.364583e+14 6.612176e+32
1.375161e+14 6.769597e+32
1.385821e+14 6.930766e+32
1.396563e+14 7.095771e+32
1.407389e+14 7.264706e+32
1.418299e+14 7.437662e+32
1.429293e+14 7.614736e+32
1.440372e+14 7.796025e+32
1.451538e+14 7.981631e+32
1.462789e+14 8.171656e+32
1.474129e+14 8.366204e+32
1.485556e+14 8.565385e+32
1.497071e+14 8.769307e+32
1.508676e+14 8.978085e+32
1.520371e+14 9.191832e+32
1.532156e+14 9.410669e+32
1.544033e+14 9.634716e+32
1.556002e+14 9.864097e+32
1.568063e+14 1.009894e+33
1.580219e+14 1.033937e+33
1.592468e+14 1.058553e+33
1.604812e+14 1.083755e+33
1.617252e+14 1.109556e+33
1.629789e+14 1.135972e+33
1.642422e+14 1.163017e+33
1.655154e+14 1.190706e+33
1.667984e+14 1.219054e+33
1.680914e+14 1.248077e+33
1.693944e+14 1.277791e+33
1.707075e+14 1.308212e+33
1.720307e+14 1.339358e+33
1.733643e+14 1.371245e+33
1.747081e+14 1.403891e+33
1.760624e+14 1.437315e+33
1.774272e+14 1.471534e+33
1.788026e+14 1.506568e+33
1.801886e+14 1.542436e+33
1.815854e+14 1.579158e+33
1.829929e+14 1.616754e+33
1.844114e+14 1.655245e+33
1.858409e+14 1.694653e+33
1.872815e+14 1.734999e+33
1.887333e+14 1.776305e+33
1.901963e+14 1.818595e+33
1.916706e+14 1.861891e+33
1.931564e+14 1.906219e+33
1.946537e+14 1.951602e+33
1.961626e+14 1.998065e+33
1.976832e+14 2.045634e+33
1.992155e+14 2.094336e+33
2.007598e+14 2.144197e+33
2.023160e+14 2.195246e+33
2.038843e+14 2.247510e+33
2.054648e+14 2.301018e+33
2.070575e+14 2.355800e+33
2.086625e+14 2.411886e+33
2.102800e+14 2.469308e+33
2.119100e+14 2.528096e+33
2.135527e+14 2.588285e+33
2.152081e+14 2.649906e+33
2.168763e+14 2.712994e+33
2.185575e+14 2.777584e+33
2.202517e+14 2.843712e+33
2.219590e+14 2.911415e+33
2.236795e+14 2.980729e+33
2.254134e+14 3.051693e+33
2.271608e+14 3.124347e+33
2.289217e+14 3.198731e+33
2.306962e+14 3.274886e+33
2.324845e+14 3.352853e+33
2.342866e+14 3.432677e+33
2.361027e+14 3.514401e+33
2.379329e+14 3.598071e+33
2.397773e+14 3.683733e+33
2.416360e+14 3.771434e+33
2.435091e+14 3.861224e+33
2.453967e+14 3.953151e+33
2.472989e+14 4.047266e+33
2.492159e+14 4.143623e+33
2.511478e+14 4.242273e+33
2.530946e+14 4.343272e+33
2.550565e+14 4.446675e+33
2.570336e+14 4.552541e+33
2.590260e+14 4.660926e+33
2.610339e+14 4.771892e+33
2.630574e+14 4.885500e+33
2.650965e+14 5.001813e+33
2.671515e+14 5.120895e+33
2.692224e+14 5.242812e+33
2.713093e+14 5.367631e+33
2.734124e+14 5.495423e+33
2.755318e+14 5.626256e+33
2.776676e+14 5.760205e+33
2.798200e+14 5.897342e+33
2.819891e+14 6.037744e+33
2.841750e+14 6.181489e+33
2.863778e+14 6.328657e+33
2.885977e+14 6.479328e+33
2.908349e+14 6.633586e+33
2.930893e+14 6.791517e+33
