# epsilon [g/cm^3]   P [dyn/cm^2]
1.364583e+14 6.584878e+32
1.375161e+14 6.732261e+32
1.385821e+14 6.882942e+32
1.396563e+14 7.036996e+32
1.407389e+14 7.194497e+32
1.418299e+14 7.355524e+32
1.429293e+14 7.520155e+32
1.440372e+14 7.688471e+32
1.451538e+14 7.860553e+32
1.462789e+14 8.036488e+32
1.474129e+14 8.216360e+32
1.485556e+14 8.400258e+32
1.497071e+14 8.588272e+32
1.508676e+14 8.780495e+32
1.520371e+14 8.977019e+32
1.532156e+14 9.177942e+32
1.544033e+14 9.383362e+32
1.556002e+14 9.593380e+32
1.568063e+14 9.808099e+32
1.580219e+14 1.002762e+33
1.592468e+14 1.025206e+33
1.604812e+14 1.048152e+33
1.617252e+14 1.071612e+33
1.629789e+14 1.095597e+33
1.642422e+14 1.120118e+33
1.655154e+14 1.145189e+33
1.667984e+14 1.170820e+33
1.680914e+14 1.197025e+33
1.693944e+14 1.223817e+33
1.707075e+14 1.251209e+33
1.720307e+14 1.279213e+33
1.733643e+14 1.307844e+33
1.747081e+14 1.337116e+33
1.760624e+14 1.367044e+33
1.774272e+14 1.397641e+33
1.788026e+14 1.428923e+33
1.801886e+14 1.460905e+33
1.815854e+14 1.493603e+33
1.829929e+14 1.527032e+33
1.844114e+14 1.561210e+33
1.858409e+14 1.596153e+33
1.872815e+14 1.631878e+33
1.887333e+14 1.668403e+33
1.901963e+14 1.705745e+33
1.916706e+14 1.743923e+33
1.931564e+14 1.782955e+33
1.946537e+14 1.822861e+33
1.961626e+14 1.863660e+33
1.976832e+14 1.905373e+33
1.992155e+14 1.948019e+33
2.007598e+14 1.991619e+33
2.023160e+14 2.036195e+33
2.038843e+14 2.081769e+33
2.054648e+14 2.128364e+33
2.070575e+14 2.176000e+33
2.086625e+14 2.224704e+33
2.102800e+14 2.274497e+33
2.119100e+14 2.325404e+33
2.135527e+14 2.377451e+33
2.152081e+14 2.430663e+33
2.168763e+14 2.485066e+33
2.185575e+14 2.540687e+33
2.202517e+14 2.597553e+33
2.219590e+14 2.655691e+33
2.236795e+14 2.715130e+33
2.254134e+14 2.775900e+33
2.271608e+14 2.838030e+33
2.289217e+14 2.901551e+33
2.306962e+14 2.966493e+33
2.324845e+14 3.032889e+33
2.342866e+14 3.100771e+33
2.361027e+14 3.170172e+33
2.379329e+14 3.241127e+33
2.397773e+14 3.313670e+33
2.416360e+14 3.387836e+33
2.435091e+14 3.463662e+33
2.453967e+14 3.541186e+33
2.472989e+14 3.620445e+33
2.492159e+14 3.701477e+33
2.511478e+14 3.784323e+33
2.530946e+14 3.869024e+33
2.550565e+14 3.955620e+33
2.570336e+14 4.044155e+33
2.590260e+14 4.134671e+33
2.610339e+14 4.227213e+33
2.630574e+14 4.321826e+33
2.650965e+14 4.418557e+33
2.671515e+14 4.517453e+33
2.692224e+14 4.618562e+33
2.713093e+14 4.721934e+33
2.734124e+14 4.827620e+33
2.755318e+14 4.935672e+33
2.776676e+14 5.046142e+33
2.798200e+14 5.159084e+33
2.819891e+14 5.274555e+33
2.841750e+14 5.392609e+33
2.863778e+14 5.513307e+33
2.885977e+14 5.636705e+33
2.908349e+14 5.762865e+33
2.930893e+14 5.891850e+33
