# epsilon [g/cm^3]   P [dyn/cm^2]
1.364583e+14 6.576630e+32
1.375161e+14 6.720989e+32
1.385821e+14 6.868517e+32
1.396563e+14 7.019284e+32
1.407389e+14 7.173359e+32
1.418299e+14 7.330817e+32
1.429293e+14 7.491731e+32
1.440372e+14 7.656177e+32
1.451538e+14 7.824233e+32
1.462789e+14 7.995977e+32
1.474129e+14 8.171492e+32
1.485556e+14 8.350859e+32
1.497071e+14 8.534163e+32
1.508676e+14 8.721491e+32
1.520371e+14 8.912931e+32
1.532156e+14 9.108573e+32
1.544033e+14 9.308509e+32
1.556002e+14 9.512834e+32
1.568063e+14 9.721644e+32
1.580219e+14 9.935037e+32
1.592468e+14 1.015311e+33
1.604812e+14 1.037598e+33
1.617252e+14 1.060374e+33
1.629789e+14 1.083649e+33
1.642422e+14 1.107436e+33
1.655154e+14 1.131744e+33
1.667984e+14 1.156586e+33
1.680914e+14 1.181974e+33
1.693944e+14 1.207919e+33
1.707075e+14 1.234433e+33
1.720307e+14 1.261529e+33
1.733643e+14 1.289220e+33
1.747081e+14 1.317519e+33
1.760624e+14 1.346439e+33
1.774272e+14 1.375994e+33
1.788026e+14 1.406197e+33
1.801886e+14 1.437064e+33
1.815854e+14 1.468608e+33
1.829929e+14 1.500844e+33
1.844114e+14 1.533788e+33
1.858409e+14 1.567455e+33
1.872815e+14 1.601861e+33
1.887333e+14 1.637023e+33
1.901963e+14 1.672956e+33
1.916706e+14 1.709678e+33
1.931564e+14 1.747206e+33
1.946537e+14 1.785558e+33
1.961626e+14 1.824751e+33
1.976832e+14 1.864805e+33
1.992155e+14 1.905739e+33
2.007598e+14 1.947570e+33
2.023160e+14 1.990320e+33
2.038843e+14 2.034008e+33
2.054648e+14 2.078655e+33
2.070575e+14 2.124283e+33
2.086625e+14 2.170911e+33
2.102800e+14 2.218564e+33
2.119100e+14 2.267262e+33
2.135527e+14 2.317029e+33
2.152081e+14 2.367888e+33
2.168763e+14 2.419864e+33
2.185575e+14 2.472981e+33
2.202517e+14 2.527264e+33
2.219590e+14 2.582738e+33
2.236795e+14 2.639430e+33
2.254134e+14 2.697367e+33
2.271608e+14 2.756575e+33
2.289217e+14 2.817083e+33
2.306962e+14 2.878919e+33
2.324845e+14 2.942112e+33
2.342866e+14 3.006692e+33
2.361027e+14 3.072690e+33
2.379329e+14 3.140137e+33
2.397773e+14 3.209064e+33
2.416360e+14 3.279504e+33
2.435091e+14 3.351490e+33
2.453967e+14 3.425057e+33
2.472989e+14 3.500238e+33
2.492159e+14 3.577069e+33
2.511478e+14 3.655587e+33
2.530946e+14 3.735828e+33
2.550565e+14 3.817831e+33
2.570336e+14 3.901634e+33
2.590260e+14 3.987276e+33
2.610339e+14 4.074798e+33
2.630574e+14 4.164241e+33
2.650965e+14 4.255648e+33
2.671515e+14 4.349061e+33
2.692224e+14 4.444524e+33
2.713093e+14 4.542083e+33
2.734124e+14 4.641783e+33
2.755318e+14 4.743672e+33
2.776676e+14 4.847797e+33
2.798200e+14 4.954208e+33
2.819891e+14 5.062955e+33
2.841750e+14 5.174088e+33
2.863778e+14 5.287661e+33
2.885977e+14 5.403727e+33
2.908349e+14 5.522341e+33
2.930893e+14 5.643558e+33
