# epsilon [g/cm^3]   P [dyn/cm^2]
1.364583e+14 6.573798e+32
1.375161e+14 6.717120e+32
1.385821e+14 6.863567e+32
1.396563e+14 7.013207e+32
1.407389e+14 7.166109e+32
1.418299e+14 7.322345e+32
1.429293e+14 7.481987e+32
1.440372e+14 7.645109e+32
1.451538e+14 7.811788e+32
1.462789e+14 7.982101e+32
1.474129e+14 8.156127e+32
1.485556e+14 8.333948e+32
1.497071e+14 8.515645e+32
1.508676e+14 8.701303e+32
1.520371e+14 8.891010e+32
1.532156e+14 9.084852e+32
1.544033e+14 9.282920e+32
1.556002e+14 9.485307e+32
1.568063e+14 9.692106e+32
1.580219e+14 9.903414e+32
1.592468e+14 1.011933e+33
1.604812e+14 1.033995e+33
1.617252e+14 1.056538e+33
1.629789e+14 1.079573e+33
1.642422e+14 1.103110e+33
1.655154e+14 1.127160e+33
1.667984e+14 1.151734e+33
1.680914e+14 1.176844e+33
1.693944e+14 1.202502e+33
1.707075e+14 1.228719e+33
1.720307e+14 1.255508e+33
1.733643e+14 1.282880e+33
1.747081e+14 1.310850e+33
1.760624e+14 1.339429e+33
1.774272e+14 1.368631e+33
1.788026e+14 1.398470e+33
1.801886e+14 1.428960e+33
1.815854e+14 1.460114e+33
1.829929e+14 1.491947e+33
1.844114e+14 1.524475e+33
1.858409e+14 1.557712e+33
1.872815e+14 1.591673e+33
1.887333e+14 1.626375e+33
1.901963e+14 1.661833e+33
1.916706e+14 1.698064e+33
1.931564e+14 1.735086e+33
1.946537e+14 1.772914e+33
1.961626e+14 1.811567e+33
1.976832e+14 1.851063e+33
1.992155e+14 1.891420e+33
2.007598e+14 1.932657e+33
2.023160e+14 1.974793e+33
2.038843e+14 2.017847e+33
2.054648e+14 2.061840e+33
2.070575e+14 2.106793e+33
2.086625e+14 2.152725e+33
2.102800e+14 2.199659e+33
2.119100e+14 2.247616e+33
2.135527e+14 2.296619e+33
2.152081e+14 2.346690e+33
2.168763e+14 2.397852e+33
2.185575e+14 2.450130e+33
2.202517e+14 2.503548e+33
2.219590e+14 2.558131e+33
2.236795e+14 2.613903e+33
2.254134e+14 2.670892e+33
2.271608e+14 2.729122e+33
2.289217e+14 2.788623e+33
2.306962e+14 2.849421e+33
2.324845e+14 2.911544e+33
2.342866e+14 2.975021e+33
2.361027e+14 3.039883e+33
2.379329e+14 3.106159e+33
2.397773e+14 3.173879e+33
2.416360e+14 3.243076e+33
2.435091e+14 3.313782e+33
2.453967e+14 3.386029e+33
2.472989e+14 3.459852e+33
2.492159e+14 3.535283e+33
2.511478e+14 3.612360e+33
2.530946e+14 3.691117e+33
2.550565e+14 3.771591e+33
2.570336e+14 3.853819e+33
2.590260e+14 3.937840e+33
2.610339e+14 4.023693e+33
2.630574e+14 4.111418e+33
2.650965e+14 4.201055e+33
2.671515e+14 4.292647e+33
2.692224e+14 4.386235e+33
2.713093e+14 4.481864e+33
2.734124e+14 4.579578e+33
2.755318e+14 4.679422e+33
2.776676e+14 4.781443e+33
2.798200e+14 4.885688e+33
2.819891e+14 4.992206e+33
2.841750e+14 5.101047e+33
2.863778e+14 5.212260e+33
2.885977e+14 5.325898e+33
2.908349e+14 5.442013e+33
2.930893e+14 5.560660e+33
