# epsilon [g/cm^3]   P [dyn/cm^2]
1.364583e+14 6.574288e+32
1.375161e+14 6.717790e+32
1.385821e+14 6.864425e+32
1.396563e+14 7.014260e+32
1.407389e+14 7.167365e+32
1.418299e+14 7.323813e+32
1.429293e+14 7.483675e+32
1.440372e+14 7.647027e+32
1.451538e+14 7.813944e+32
1.462789e+14 7.984505e+32
1.474129e+14 8.158789e+32
1.485556e+14 8.336877e+32
1.497071e+14 8.518852e+32
1.508676e+14 8.704800e+32
1.520371e+14 8.894806e+32
1.532156e+14 9.088960e+32
1.544033e+14 9.287351e+32
1.556002e+14 9.490073e+32
1.568063e+14 9.697220e+32
1.580219e+14 9.908889e+32
1.592468e+14 1.012518e+33
1.604812e+14 1.034619e+33
1.617252e+14 1.057202e+33
1.629789e+14 1.080278e+33
1.642422e+14 1.103859e+33
1.655154e+14 1.127953e+33
1.667984e+14 1.152574e+33
1.680914e+14 1.177732e+33
1.693944e+14 1.203439e+33
1.707075e+14 1.229708e+33
1.720307e+14 1.256549e+33
1.733643e+14 1.283977e+33
1.747081e+14 1.312003e+33
1.760624e+14 1.340642e+33
1.774272e+14 1.369905e+33
1.788026e+14 1.399807e+33
1.801886e+14 1.430361e+33
1.815854e+14 1.461583e+33
1.829929e+14 1.493486e+33
1.844114e+14 1.526085e+33
1.858409e+14 1.559396e+33
1.872815e+14 1.593435e+33
1.887333e+14 1.628216e+33
1.901963e+14 1.663756e+33
1.916706e+14 1.700072e+33
1.931564e+14 1.737181e+33
1.946537e+14 1.775100e+33
1.961626e+14 1.813846e+33
1.976832e+14 1.853438e+33
1.992155e+14 1.893895e+33
2.007598e+14 1.935234e+33
2.023160e+14 1.977476e+33
2.038843e+14 2.020640e+33
2.054648e+14 2.064746e+33
2.070575e+14 2.109814e+33
2.086625e+14 2.155867e+33
2.102800e+14 2.202925e+33
2.119100e+14 2.251010e+33
2.135527e+14 2.300144e+33
2.152081e+14 2.350351e+33
2.168763e+14 2.401654e+33
2.185575e+14 2.454077e+33
2.202517e+14 2.507644e+33
2.219590e+14 2.562380e+33
2.236795e+14 2.618311e+33
2.254134e+14 2.675463e+33
2.271608e+14 2.733862e+33
2.289217e+14 2.793536e+33
2.306962e+14 2.854513e+33
2.324845e+14 2.916820e+33
2.342866e+14 2.980488e+33
2.361027e+14 3.045545e+33
2.379329e+14 3.112023e+33
2.397773e+14 3.179951e+33
2.416360e+14 3.249362e+33
2.435091e+14 3.320289e+33
2.453967e+14 3.392763e+33
2.472989e+14 3.466820e+33
2.492159e+14 3.542492e+33
2.511478e+14 3.619817e+33
2.530946e+14 3.698830e+33
2.550565e+14 3.779567e+33
2.570336e+14 3.862066e+33
2.590260e+14 3.946366e+33
2.610339e+14 4.032507e+33
2.630574e+14 4.120527e+33
2.650965e+14 4.210469e+33
2.671515e+14 4.302374e+33
2.692224e+14 4.396285e+33
2.713093e+14 4.492246e+33
2.734124e+14 4.590302e+33
2.755318e+14 4.690498e+33
2.776676e+14 4.792881e+33
2.798200e+14 4.897499e+33
2.819891e+14 5.004400e+33
2.841750e+14 5.113635e+33
2.863778e+14 5.225254e+33
2.885977e+14 5.339310e+33
2.908349e+14 5.455855e+33
2.930893e+14 5.574944e+33
