# epsilon [g/cm^3]   P [dyn/cm^2]
1.364583e+14 6.626130e+32
1.375161e+14 6.788702e+32
1.385821e+14 6.955263e+32
1.396563e+14 7.125911e+32
1.407389e+14 7.300746e+32
1.418299e+14 7.479870e+32
1.429293e+14 7.663389e+32
1.440372e+14 7.851411e+32
1.451538e+14 8.044046e+32
1.462789e+14 8.241407e+32
1.474129e+14 8.443610e+32
1.485556e+14 8.650775e+32
1.497071e+14 8.863022e+32
1.508676e+14 9.080477e+32
1.520371e+14 9.303267e+32
1.532156e+14 9.531523e+32
1.544033e+14 9.765379e+32
1.556002e+14 1.000497e+33
1.568063e+14 1.025045e+33
1.580219e+14 1.050194e+33
1.592468e+14 1.075961e+33
1.604812e+14 1.102360e+33
1.617252e+14 1.129406e+33
1.629789e+14 1.157116e+33
1.642422e+14 1.185506e+33
1.655154e+14 1.214592e+33
1.667984e+14 1.244392e+33
1.680914e+14 1.274924e+33
1.693944e+14 1.306204e+33
1.707075e+14 1.338252e+33
1.720307e+14 1.371086e+33
1.733643e+14 1.404726e+33
1.747081e+14 1.439191e+33
1.760624e+14 1.474501e+33
1.774272e+14 1.510678e+33
1.788026e+14 1.547743e+33
1.801886e+14 1.585717e+33
1.815854e+14 1.624622e+33
1.829929e+14 1.664483e+33
1.844114e+14 1.705321e+33
1.858409e+14 1.747161e+33
1.872815e+14 1.790028e+33
1.887333e+14 1.833946e+33
1.901963e+14 1.878942e+33
1.916706e+14 1.925042e+33
1.931564e+14 1.972273e+33
1.946537e+14 2.020663e+33
1.961626e+14 2.070240e+33
1.976832e+14 2.121034e+33
1.992155e+14 2.173073e+33
2.007598e+14 2.226390e+33
2.023160e+14 2.281014e+33
2.038843e+14 2.336979e+33
2.054648e+14 2.394317e+33
2.070575e+14 2.453062e+33
2.086625e+14 2.513248e+33
2.102800e+14 2.574910e+33
2.119100e+14 2.638086e+33
2.135527e+14 2.702812e+33
2.152081e+14 2.769125e+33
2.168763e+14 2.837066e+33
2.185575e+14 2.906674e+33
2.202517e+14 2.977989e+33
2.219590e+14 3.051054e+33
2.236795e+14 3.125912e+33
2.254134e+14 3.202606e+33
2.271608e+14 3.281183e+33
2.289217e+14 3.361687e+33
2.306962e+14 3.444166e+33
2.324845e+14 3.528669e+33
2.342866e+14 3.615245e+33
2.361027e+14 3.703945e+33
2.379329e+14 3.794821e+33
2.397773e+14 3.887928e+33
2.416360e+14 3.983318e+33
2.435091e+14 4.081049e+33
2.453967e+14 4.181178e+33
2.472989e+14 4.283763e+33
2.492159e+14 4.388866e+33
2.511478e+14 4.496547e+33
2.530946e+14 4.606870e+33
2.550565e+14 4.719900e+33
2.570336e+14 4.835703e+33
2.590260e+14 4.954347e+33
2.610339e+14 5.075902e+33
2.630574e+14 5.200440e+33
2.650965e+14 5.328033e+33
2.671515e+14 5.458756e+33
2.692224e+14 5.592687e+33
2.713093e+14 5.729904e+33
2.734124e+14 5.870488e+33
2.755318e+14 6.014521e+33
2.776676e+14 6.162087e+33
2.798200e+14 6.313274e+33
2.819891e+14 6.468171e+33
2.841750e+14 6.626868e+33
2.863778e+14 6.789459e+33
2.885977e+14 6.956038e+33
2.908349e+14 7.126705e+33
2.930893e+14 7.301559e+33
