1 2.793103
2 3.113855
3 2.811896
4 2.221258
5 2.219293
6 2.974082
7 2.753142
8 2.386436
9 2.796361
10 3.139023
11 3.147072
12 2.917698
13 3.065580
14 2.828589
15 2.546020
16 2.903455
17 2.019215
18 2.566769
19 3.052178
20 3.202414
21 3.119743
22 1.823078
23 1.899574
24 2.140908
25 2.936968
26 2.077818
27 3.141416
28 1.894749
29 3.169931
30 2.823978
31 1.840497
32 2.092114
33 3.006914
34 3.195182
35 3.178788
36 1.990493
37 2.779216
38 1.849337
39 2.401252
40 2.623420
41 3.047055
42 2.512481
43 3.202635
44 2.839143
45 2.302885
46 2.572500
47 2.604640
48 3.042517
49 3.123225
50 2.099472
51 2.787557
52 2.440253
53 2.729243
54 2.646467
55 2.299253
56 2.803766
57 2.809180
58 2.697338
59 3.143700
60 2.942348
61 2.238991
62 3.040287
63 2.979967
64 3.203880
65 2.550674
66 2.270291
67 2.588969
68 2.745938
69 2.763866
70 2.544124
71 2.661950
72 2.579013
73 1.854293
74 2.211773
75 2.535442
76 2.128129
77 2.589161
78 2.278641
79 2.731276
80 2.169973
81 3.081874
82 2.866464
83 1.898022
84 1.916890
85 2.548808
86 2.328850
87 3.004285
88 1.972401
89 2.972382
90 3.190367
91 2.098144
92 2.147797
93 2.837865
94 2.128465
95 1.835763
96 1.928044
97 2.899918
98 2.999424
99 2.527126
100 2.597794
101 2.817493
102 1.863526
103 2.298394
104 2.678708
105 2.249390
106 2.477817
107 1.902661
108 3.007297
109 2.231678
110 1.907949
111 2.283522
112 3.053307
113 3.005943
114 2.067178
115 2.350810
116 2.488228
117 3.013917
118 2.433125
119 2.261699
120 2.279721
121 2.247494
122 1.821281
123 2.414803
124 2.809958
125 2.664046
126 3.029262
127 2.494984
128 3.071505
129 1.789252
130 2.521902
131 2.617497
132 2.205643
133 2.442848
134 1.778867
135 3.092535
136 3.076081
137 2.032058
138 2.300802
139 2.814789
140 2.225568
141 3.211734
142 1.851457
143 2.418886
144 2.701537
145 2.629886
146 2.857771
147 3.053897
148 2.076596
149 2.036426
150 2.419217
151 2.649081
152 2.476746
153 2.738838
154 2.484733
155 2.374207
156 1.938729
157 2.012265
158 2.325279
159 2.069646
160 2.674969
161 1.873821
162 2.847809
163 2.958823
164 1.809414
165 3.055052
166 1.984455
167 2.008627
168 2.515743
169 2.751780
170 1.951152
171 3.181549
172 2.857242
173 2.047151
174 2.821618
175 2.906119
176 2.494069
177 2.183204
178 2.817328
179 2.692177
180 3.197019
181 3.078451
182 2.915752
183 3.116780
184 2.986124
185 2.359490
186 2.449254
187 2.804570
188 2.705554
189 2.414816
190 3.112580
191 2.409348
192 1.873048
193 2.290912
194 2.751952
195 2.566113
196 3.085868
197 2.565631
198 2.751286
199 2.240365
200 2.006520
201 2.683256
202 3.160627
203 3.006793
204 2.215720
205 2.685613
206 2.731589
207 2.517464
208 2.127694
209 2.929130
210 3.043645
211 2.038836
212 2.455185
213 2.821814
214 1.791927
215 2.504290
216 2.859835
217 2.417192
218 2.439941
219 2.825658
220 2.408371
221 2.703824
222 2.551979
223 3.130907
224 3.049885
225 1.910569
226 2.392813
227 2.534683
228 2.988731
229 2.771747
230 1.895461
231 2.574987
232 2.012608
233 2.855321
234 2.048145
235 2.643081
236 2.277834
237 2.113490
238 3.199781
239 2.021113
240 2.720296
241 3.082418
242 2.345003
243 3.198516
244 2.525390
245 2.799741
246 2.339422
247 3.185844
248 2.435107
249 2.028699
250 2.164138
251 2.911220
252 2.338054
253 2.224027
254 2.353728
255 2.965147
256 2.735620
257 2.342264
258 2.014107
259 1.826173
260 2.652055
261 2.449573
262 2.136170
263 1.990641
264 2.999894
265 1.991862
266 2.591030
267 1.969972
268 2.073067
269 2.410751
270 3.093484
271 2.878856
272 1.786175
273 2.086164
274 3.067796
275 2.037704
276 2.720958
277 1.897609
278 2.299661
279 2.568547
280 1.885587
281 2.663966
282 2.591124
283 2.391664
284 2.051556
285 1.932530
286 2.552798
287 2.213568
288 2.186938
289 2.004946
290 1.987430
291 2.486720
292 2.188004
293 2.336749
294 2.149167
295 2.645448
296 2.667698
297 2.854352
298 2.149765
299 2.119983
300 2.317459
301 2.433697
302 3.143113
303 3.095403
304 1.810042
305 1.933419
306 1.841554
307 2.364886
308 2.396151
309 3.169847
310 2.176827
311 3.098948
312 1.973581
313 1.894733
314 2.847045
315 1.885108
316 2.023152
317 3.045532
318 1.970885
319 3.057720
320 2.584035
321 1.824905
322 2.528327
323 2.387672
324 2.219887
325 2.778157
326 2.481280
327 1.884953
328 2.586704
329 1.920802
330 2.026107
331 1.867525
332 2.914041
333 2.655276
334 2.042641
335 2.804734
336 2.460360
337 2.714173
338 2.455611
339 2.102508
340 1.856575
341 3.190329
342 2.532029
343 3.194099
344 2.856033
345 2.524402
346 2.796489
347 3.111718
348 2.648093
349 2.622660
350 2.789156
351 2.615901
352 2.566707
353 1.912877
354 2.590965
355 3.037226
356 2.249121
357 2.463248
358 2.438914
359 1.899201
360 1.845288
361 2.802046
362 2.971532
363 2.699219
364 1.923650
365 3.205738
366 3.203511
367 2.306273
368 2.537194
369 3.055469
370 1.967595
371 2.848817
372 2.469682
373 2.258894
374 3.165579
375 2.354334
376 2.697741
377 2.588687
378 2.172166
379 1.901948
380 3.006311
381 2.162825
382 1.912378
383 3.222795
384 2.250537
385 2.494283
386 2.685295
387 2.405834
388 2.521554
389 2.903598
390 3.013354
391 2.360539
392 2.016239
393 2.172351
394 3.211900
395 2.719710
396 2.470482
397 2.420800
398 3.053351
399 2.356721
400 2.721278
401 2.433455
402 2.929640
403 2.331960
404 2.319373
405 2.154416
406 2.236204
407 2.584702
408 3.182269
409 2.943058
410 2.928144
411 1.886679
412 2.816896
413 3.212113
414 3.029382
415 2.464484
416 2.259677
417 1.938046
418 2.196325
419 3.039006
420 2.496537
421 3.154316
422 3.061013
423 2.722726
424 2.716493
425 2.809680
426 2.007677
427 2.744019
428 2.272270
429 3.150843
430 2.627100
431 1.894968
432 2.224005
433 2.834434
434 2.325484
435 2.523816
436 3.004248
437 2.904835
438 2.103868
439 3.222840
440 2.489029
441 2.190734
442 2.999079
443 1.978395
444 1.993931
445 2.868926
446 1.793470
447 2.587760
448 2.566604
449 1.998398
450 2.404066
451 3.125481
452 2.863029
453 3.139244
454 3.138144
455 2.170677
456 2.159739
457 1.859679
458 1.959966
459 3.091976
460 2.961072
461 2.082075
462 2.460518
463 2.994961
464 2.524255
465 3.109888
466 2.237937
467 2.784102
468 1.883660
469 2.288297
470 2.666643
471 2.100515
472 2.721473
473 2.775042
474 2.124368
475 3.003471
476 2.089897
477 2.894425
478 2.899215
479 3.053113
480 2.384842
481 2.765111
482 2.388203
483 2.248502
484 1.839018
485 3.222186
486 2.306460
487 2.207292
488 1.785113
489 2.220211
490 3.148236
491 2.482563
492 2.198655
493 2.032904
494 1.998728
495 2.982681
496 3.064759
497 2.221590
498 1.980474
499 3.164929
