# epsilon [g/cm^3]   P [dyn/cm^2]
1.364583e+14 6.513068e+32
1.375161e+14 6.634291e+32
1.385821e+14 6.757771e+32
1.396563e+14 6.883548e+32
1.407389e+14 7.011667e+32
1.418299e+14 7.142171e+32
1.429293e+14 7.275103e+32
1.440372e+14 7.410510e+32
1.451538e+14 7.548436e+32
1.462789e+14 7.688930e+32
1.474129e+14 7.832039e+32
1.485556e+14 7.977812e+32
1.497071e+14 8.126297e+32
1.508676e+14 8.277546e+32
1.520371e+14 8.431611e+32
1.532156e+14 8.588542e+32
1.544033e+14 8.748395e+32
1.556002e+14 8.911223e+32
1.568063e+14 9.077082e+32
1.580219e+14 9.246027e+32
1.592468e+14 9.418117e+32
1.604812e+14 9.593410e+32
1.617252e+14 9.771966e+32
1.629789e+14 9.953845e+32
1.642422e+14 1.013911e+33
1.655154e+14 1.032782e+33
1.667984e+14 1.052005e+33
1.680914e+14 1.071585e+33
1.693944e+14 1.091530e+33
1.707075e+14 1.111845e+33
1.720307e+14 1.132539e+33
1.733643e+14 1.153619e+33
1.747081e+14 1.175090e+33
1.760624e+14 1.196961e+33
1.774272e+14 1.219240e+33
1.788026e+14 1.241932e+33
1.801886e+14 1.265048e+33
1.815854e+14 1.288593e+33
1.829929e+14 1.312577e+33
1.844114e+14 1.337007e+33
1.858409e+14 1.361892e+33
1.872815e+14 1.387240e+33
1.887333e+14 1.413059e+33
1.901963e+14 1.439360e+33
1.916706e+14 1.466150e+33
1.931564e+14 1.493438e+33
1.946537e+14 1.521234e+33
1.961626e+14 1.549548e+33
1.976832e+14 1.578389e+33
1.992155e+14 1.607766e+33
2.007598e+14 1.637690e+33
2.023160e+14 1.668172e+33
2.038843e+14 1.699220e+33
2.054648e+14 1.730847e+33
2.070575e+14 1.763062e+33
2.086625e+14 1.795876e+33
2.102800e+14 1.829302e+33
2.119100e+14 1.863349e+33
2.135527e+14 1.898031e+33
2.152081e+14 1.933357e+33
2.168763e+14 1.969342e+33
2.185575e+14 2.005996e+33
2.202517e+14 2.043332e+33
2.219590e+14 2.081363e+33
2.236795e+14 2.120102e+33
2.254134e+14 2.159562e+33
2.271608e+14 2.199757e+33
2.289217e+14 2.240699e+33
2.306962e+14 2.282404e+33
2.324845e+14 2.324885e+33
2.342866e+14 2.368156e+33
2.361027e+14 2.412233e+33
2.379329e+14 2.457130e+33
2.397773e+14 2.502863e+33
2.416360e+14 2.549447e+33
2.435091e+14 2.596898e+33
2.453967e+14 2.645233e+33
2.472989e+14 2.694466e+33
2.492159e+14 2.744617e+33
2.511478e+14 2.795700e+33
2.530946e+14 2.847735e+33
2.550565e+14 2.900738e+33
2.570336e+14 2.954727e+33
2.590260e+14 3.009722e+33
2.610339e+14 3.065740e+33
2.630574e+14 3.122800e+33
2.650965e+14 3.180923e+33
2.671515e+14 3.240127e+33
2.692224e+14 3.300433e+33
2.713093e+14 3.361862e+33
2.734124e+14 3.424434e+33
2.755318e+14 3.488171e+33
2.776676e+14 3.553094e+33
2.798200e+14 3.619225e+33
2.819891e+14 3.686587e+33
2.841750e+14 3.755203e+33
2.863778e+14 3.825096e+33
2.885977e+14 3.896290e+33
2.908349e+14 3.968809e+33
2.930893e+14 4.042678e+33
