# epsilon [g/cm^3]   P [dyn/cm^2]
1.364583e+14 6.542770e+32
1.375161e+14 6.674769e+32
1.385821e+14 6.809431e+32
1.396563e+14 6.946811e+32
1.407389e+14 7.086961e+32
1.418299e+14 7.229939e+32
1.429293e+14 7.375802e+32
1.440372e+14 7.524608e+32
1.451538e+14 7.676415e+32
1.462789e+14 7.831286e+32
1.474129e+14 7.989281e+32
1.485556e+14 8.150463e+32
1.497071e+14 8.314897e+32
1.508676e+14 8.482649e+32
1.520371e+14 8.653785e+32
1.532156e+14 8.828373e+32
1.544033e+14 9.006484e+32
1.556002e+14 9.188188e+32
1.568063e+14 9.373559e+32
1.580219e+14 9.562668e+32
1.592468e+14 9.755594e+32
1.604812e+14 9.952411e+32
1.617252e+14 1.015320e+33
1.629789e+14 1.035804e+33
1.642422e+14 1.056701e+33
1.655154e+14 1.078020e+33
1.667984e+14 1.099769e+33
1.680914e+14 1.121956e+33
1.693944e+14 1.144592e+33
1.707075e+14 1.167683e+33
1.720307e+14 1.191241e+33
1.733643e+14 1.215274e+33
1.747081e+14 1.239792e+33
1.760624e+14 1.264805e+33
1.774272e+14 1.290322e+33
1.788026e+14 1.316354e+33
1.801886e+14 1.342911e+33
1.815854e+14 1.370004e+33
1.829929e+14 1.397644e+33
1.844114e+14 1.425841e+33
1.858409e+14 1.454607e+33
1.872815e+14 1.483954e+33
1.887333e+14 1.513892e+33
1.901963e+14 1.544435e+33
1.916706e+14 1.575593e+33
1.931564e+14 1.607381e+33
1.946537e+14 1.639809e+33
1.961626e+14 1.672892e+33
1.976832e+14 1.706643e+33
1.992155e+14 1.741074e+33
2.007598e+14 1.776200e+33
2.023160e+14 1.812034e+33
2.038843e+14 1.848592e+33
2.054648e+14 1.885887e+33
2.070575e+14 1.923934e+33
2.086625e+14 1.962749e+33
2.102800e+14 2.002347e+33
2.119100e+14 2.042744e+33
2.135527e+14 2.083956e+33
2.152081e+14 2.126000e+33
2.168763e+14 2.168891e+33
2.185575e+14 2.212648e+33
2.202517e+14 2.257288e+33
2.219590e+14 2.302829e+33
2.236795e+14 2.349288e+33
2.254134e+14 2.396684e+33
2.271608e+14 2.445037e+33
2.289217e+14 2.494365e+33
2.306962e+14 2.544688e+33
2.324845e+14 2.596027e+33
2.342866e+14 2.648402e+33
2.361027e+14 2.701833e+33
2.379329e+14 2.756342e+33
2.397773e+14 2.811950e+33
2.416360e+14 2.868681e+33
2.435091e+14 2.926556e+33
2.453967e+14 2.985599e+33
2.472989e+14 3.045833e+33
2.492159e+14 3.107282e+33
2.511478e+14 3.169971e+33
2.530946e+14 3.233924e+33
2.550565e+14 3.299168e+33
2.570336e+14 3.365728e+33
2.590260e+14 3.433631e+33
2.610339e+14 3.502904e+33
2.630574e+14 3.573575e+33
2.650965e+14 3.645671e+33
2.671515e+14 3.719222e+33
2.692224e+14 3.794256e+33
2.713093e+14 3.870805e+33
2.734124e+14 3.948898e+33
2.755318e+14 4.028566e+33
2.776676e+14 4.109842e+33
2.798200e+14 4.192757e+33
2.819891e+14 4.277345e+33
2.841750e+14 4.363640e+33
2.863778e+14 4.451675e+33
2.885977e+14 4.541487e+33
2.908349e+14 4.633111e+33
2.930893e+14 4.726583e+33
