# epsilon [g/cm^3]   P [dyn/cm^2]
1.364583e+14 6.586732e+32
1.375161e+14 6.734794e+32
1.385821e+14 6.886185e+32
1.396563e+14 7.040978e+32
1.407389e+14 7.199252e+32
1.418299e+14 7.361083e+32
1.429293e+14 7.526552e+32
1.440372e+14 7.695740e+32
1.451538e+14 7.868732e+32
1.462789e+14 8.045612e+32
1.474129e+14 8.226468e+32
1.485556e+14 8.411390e+32
1.497071e+14 8.600469e+32
1.508676e+14 8.793797e+32
1.520371e+14 8.991472e+32
1.532156e+14 9.193590e+32
1.544033e+14 9.400252e+32
1.556002e+14 9.611559e+32
1.568063e+14 9.827616e+32
1.580219e+14 1.004853e+33
1.592468e+14 1.027441e+33
1.604812e+14 1.050537e+33
1.617252e+14 1.074152e+33
1.629789e+14 1.098297e+33
1.642422e+14 1.122986e+33
1.655154e+14 1.148229e+33
1.667984e+14 1.174040e+33
1.680914e+14 1.200431e+33
1.693944e+14 1.227416e+33
1.707075e+14 1.255006e+33
1.720307e+14 1.283218e+33
1.733643e+14 1.312063e+33
1.747081e+14 1.341557e+33
1.760624e+14 1.371713e+33
1.774272e+14 1.402548e+33
1.788026e+14 1.434076e+33
1.801886e+14 1.466312e+33
1.815854e+14 1.499273e+33
1.829929e+14 1.532975e+33
1.844114e+14 1.567435e+33
1.858409e+14 1.602669e+33
1.872815e+14 1.638695e+33
1.887333e+14 1.675531e+33
1.901963e+14 1.713195e+33
1.916706e+14 1.751706e+33
1.931564e+14 1.791082e+33
1.946537e+14 1.831344e+33
1.961626e+14 1.872510e+33
1.976832e+14 1.914602e+33
1.992155e+14 1.957640e+33
2.007598e+14 2.001646e+33
2.023160e+14 2.046640e+33
2.038843e+14 2.092647e+33
2.054648e+14 2.139687e+33
2.070575e+14 2.187785e+33
2.086625e+14 2.236964e+33
2.102800e+14 2.287248e+33
2.119100e+14 2.338663e+33
2.135527e+14 2.391233e+33
2.152081e+14 2.444986e+33
2.168763e+14 2.499946e+33
2.185575e+14 2.556142e+33
2.202517e+14 2.613601e+33
2.219590e+14 2.672352e+33
2.236795e+14 2.732424e+33
2.254134e+14 2.793845e+33
2.271608e+14 2.856648e+33
2.289217e+14 2.920862e+33
2.306962e+14 2.986520e+33
2.324845e+14 3.053653e+33
2.342866e+14 3.122296e+33
2.361027e+14 3.192482e+33
2.379329e+14 3.264245e+33
2.397773e+14 3.337622e+33
2.416360e+14 3.412648e+33
2.435091e+14 3.489360e+33
2.453967e+14 3.567797e+33
2.472989e+14 3.647997e+33
2.492159e+14 3.730000e+33
2.511478e+14 3.813846e+33
2.530946e+14 3.899577e+33
2.550565e+14 3.987235e+33
2.570336e+14 4.076864e+33
2.590260e+14 4.168507e+33
2.610339e+14 4.262211e+33
2.630574e+14 4.358020e+33
2.650965e+14 4.455984e+33
2.671515e+14 4.556149e+33
2.692224e+14 4.658566e+33
2.713093e+14 4.763286e+33
2.734124e+14 4.870359e+33
2.755318e+14 4.979839e+33
2.776676e+14 5.091780e+33
2.798200e+14 5.206238e+33
2.819891e+14 5.323268e+33
2.841750e+14 5.442929e+33
2.863778e+14 5.565280e+33
2.885977e+14 5.690381e+33
2.908349e+14 5.818295e+33
2.930893e+14 5.949084e+33
