# epsilon [g/cm^3]   P [dyn/cm^2]
1.364583e+14 6.484831e+32
1.375161e+14 6.595868e+32
1.385821e+14 6.708806e+32
1.396563e+14 6.823677e+32
1.407389e+14 6.940516e+32
1.418299e+14 7.059355e+32
1.429293e+14 7.180229e+32
1.440372e+14 7.303172e+32
1.451538e+14 7.428221e+32
1.462789e+14 7.555411e+32
1.474129e+14 7.684778e+32
1.485556e+14 7.816361e+32
1.497071e+14 7.950197e+32
1.508676e+14 8.086324e+32
1.520371e+14 8.224782e+32
1.532156e+14 8.365611e+32
1.544033e+14 8.508851e+32
1.556002e+14 8.654544e+32
1.568063e+14 8.802732e+32
1.580219e+14 8.953457e+32
1.592468e+14 9.106762e+32
1.604812e+14 9.262693e+32
1.617252e+14 9.421293e+32
1.629789e+14 9.582610e+32
1.642422e+14 9.746688e+32
1.655154e+14 9.913576e+32
1.667984e+14 1.008332e+33
1.680914e+14 1.025597e+33
1.693944e+14 1.043158e+33
1.707075e+14 1.061020e+33
1.720307e+14 1.079187e+33
1.733643e+14 1.097665e+33
1.747081e+14 1.116460e+33
1.760624e+14 1.135577e+33
1.774272e+14 1.155021e+33
1.788026e+14 1.174797e+33
1.801886e+14 1.194913e+33
1.815854e+14 1.215373e+33
1.829929e+14 1.236183e+33
1.844114e+14 1.257350e+33
1.858409e+14 1.278879e+33
1.872815e+14 1.300776e+33
1.887333e+14 1.323049e+33
1.901963e+14 1.345703e+33
1.916706e+14 1.368744e+33
1.931564e+14 1.392181e+33
1.946537e+14 1.416018e+33
1.961626e+14 1.440264e+33
1.976832e+14 1.464925e+33
1.992155e+14 1.490008e+33
2.007598e+14 1.515521e+33
2.023160e+14 1.541471e+33
2.038843e+14 1.567864e+33
2.054648e+14 1.594710e+33
2.070575e+14 1.622016e+33
2.086625e+14 1.649789e+33
2.102800e+14 1.678037e+33
2.119100e+14 1.706769e+33
2.135527e+14 1.735994e+33
2.152081e+14 1.765718e+33
2.168763e+14 1.795952e+33
2.185575e+14 1.826703e+33
2.202517e+14 1.857981e+33
2.219590e+14 1.889794e+33
2.236795e+14 1.922152e+33
2.254134e+14 1.955064e+33
2.271608e+14 1.988540e+33
2.289217e+14 2.022588e+33
2.306962e+14 2.057220e+33
2.324845e+14 2.092445e+33
2.342866e+14 2.128273e+33
2.361027e+14 2.164714e+33
2.379329e+14 2.201780e+33
2.397773e+14 2.239480e+33
2.416360e+14 2.277825e+33
2.435091e+14 2.316827e+33
2.453967e+14 2.356497e+33
2.472989e+14 2.396846e+33
2.492159e+14 2.437886e+33
2.511478e+14 2.479629e+33
2.530946e+14 2.522086e+33
2.550565e+14 2.565271e+33
2.570336e+14 2.609195e+33
2.590260e+14 2.653871e+33
2.610339e+14 2.699312e+33
2.630574e+14 2.745531e+33
2.650965e+14 2.792541e+33
2.671515e+14 2.840356e+33
2.692224e+14 2.888990e+33
2.713093e+14 2.938457e+33
2.734124e+14 2.988771e+33
2.755318e+14 3.039946e+33
2.776676e+14 3.091998e+33
2.798200e+14 3.144940e+33
2.819891e+14 3.198790e+33
2.841750e+14 3.253561e+33
2.863778e+14 3.309270e+33
2.885977e+14 3.365933e+33
2.908349e+14 3.423566e+33
2.930893e+14 3.482187e+33
