# epsilon [g/cm^3]   P [dyn/cm^2]
1.364583e+14 6.488604e+32
1.375161e+14 6.600998e+32
1.385821e+14 6.715339e+32
1.396563e+14 6.831661e+32
1.407389e+14 6.949998e+32
1.418299e+14 7.070384e+32
1.429293e+14 7.192856e+32
1.440372e+14 7.317449e+32
1.451538e+14 7.444201e+32
1.462789e+14 7.573148e+32
1.474129e+14 7.704329e+32
1.485556e+14 7.837781e+32
1.497071e+14 7.973546e+32
1.508676e+14 8.111662e+32
1.520371e+14 8.252171e+32
1.532156e+14 8.395113e+32
1.544033e+14 8.540532e+32
1.556002e+14 8.688469e+32
1.568063e+14 8.838969e+32
1.580219e+14 8.992076e+32
1.592468e+14 9.147835e+32
1.604812e+14 9.306292e+32
1.617252e+14 9.467494e+32
1.629789e+14 9.631488e+32
1.642422e+14 9.798323e+32
1.655154e+14 9.968048e+32
1.667984e+14 1.014071e+33
1.680914e+14 1.031637e+33
1.693944e+14 1.049507e+33
1.707075e+14 1.067686e+33
1.720307e+14 1.086180e+33
1.733643e+14 1.104995e+33
1.747081e+14 1.124135e+33
1.760624e+14 1.143607e+33
1.774272e+14 1.163417e+33
1.788026e+14 1.183569e+33
1.801886e+14 1.204071e+33
1.815854e+14 1.224927e+33
1.829929e+14 1.246145e+33
1.844114e+14 1.267731e+33
1.858409e+14 1.289690e+33
1.872815e+14 1.312030e+33
1.887333e+14 1.334757e+33
1.901963e+14 1.357877e+33
1.916706e+14 1.381398e+33
1.931564e+14 1.405326e+33
1.946537e+14 1.429669e+33
1.961626e+14 1.454434e+33
1.976832e+14 1.479627e+33
1.992155e+14 1.505257e+33
2.007598e+14 1.531331e+33
2.023160e+14 1.557856e+33
2.038843e+14 1.584841e+33
2.054648e+14 1.612293e+33
2.070575e+14 1.640221e+33
2.086625e+14 1.668633e+33
2.102800e+14 1.697536e+33
2.119100e+14 1.726941e+33
2.135527e+14 1.756855e+33
2.152081e+14 1.787286e+33
2.168763e+14 1.818245e+33
2.185575e+14 1.849741e+33
2.202517e+14 1.881782e+33
2.219590e+14 1.914378e+33
2.236795e+14 1.947538e+33
2.254134e+14 1.981273e+33
2.271608e+14 2.015592e+33
2.289217e+14 2.050506e+33
2.306962e+14 2.086024e+33
2.324845e+14 2.122158e+33
2.342866e+14 2.158918e+33
2.361027e+14 2.196314e+33
2.379329e+14 2.234358e+33
2.397773e+14 2.273061e+33
2.416360e+14 2.312435e+33
2.435091e+14 2.352490e+33
2.453967e+14 2.393240e+33
2.472989e+14 2.434695e+33
2.492159e+14 2.476868e+33
2.511478e+14 2.519772e+33
2.530946e+14 2.563419e+33
2.550565e+14 2.607822e+33
2.570336e+14 2.652994e+33
2.590260e+14 2.698949e+33
2.610339e+14 2.745700e+33
2.630574e+14 2.793260e+33
2.650965e+14 2.841644e+33
2.671515e+14 2.890867e+33
2.692224e+14 2.940942e+33
2.713093e+14 2.991884e+33
2.734124e+14 3.043709e+33
2.755318e+14 3.096432e+33
2.776676e+14 3.150068e+33
2.798200e+14 3.204632e+33
2.819891e+14 3.260142e+33
2.841750e+14 3.316614e+33
2.863778e+14 3.374064e+33
2.885977e+14 3.432509e+33
2.908349e+14 3.491966e+33
2.930893e+14 3.552453e+33
