# epsilon [g/cm^3]   P [dyn/cm^2]
1.364583e+14 6.459617e+32
1.375161e+14 6.561605e+32
1.385821e+14 6.665203e+32
1.396563e+14 6.770437e+32
1.407389e+14 6.877333e+32
1.418299e+14 6.985916e+32
1.429293e+14 7.096213e+32
1.440372e+14 7.208252e+32
1.451538e+14 7.322060e+32
1.462789e+14 7.437665e+32
1.474129e+14 7.555095e+32
1.485556e+14 7.674379e+32
1.497071e+14 7.795546e+32
1.508676e+14 7.918627e+32
1.520371e+14 8.043650e+32
1.532156e+14 8.170648e+32
1.544033e+14 8.299650e+32
1.556002e+14 8.430690e+32
1.568063e+14 8.563798e+32
1.580219e+14 8.699008e+32
1.592468e+14 8.836353e+32
1.604812e+14 8.975866e+32
1.617252e+14 9.117582e+32
1.629789e+14 9.261536e+32
1.642422e+14 9.407762e+32
1.655154e+14 9.556297e+32
1.667984e+14 9.707177e+32
1.680914e+14 9.860439e+32
1.693944e+14 1.001612e+33
1.707075e+14 1.017426e+33
1.720307e+14 1.033490e+33
1.733643e+14 1.049807e+33
1.747081e+14 1.066382e+33
1.760624e+14 1.083219e+33
1.774272e+14 1.100321e+33
1.788026e+14 1.117694e+33
1.801886e+14 1.135340e+33
1.815854e+14 1.153266e+33
1.829929e+14 1.171474e+33
1.844114e+14 1.189970e+33
1.858409e+14 1.208758e+33
1.872815e+14 1.227842e+33
1.887333e+14 1.247228e+33
1.901963e+14 1.266920e+33
1.916706e+14 1.286923e+33
1.931564e+14 1.307242e+33
1.946537e+14 1.327881e+33
1.961626e+14 1.348847e+33
1.976832e+14 1.370143e+33
1.992155e+14 1.391775e+33
2.007598e+14 1.413750e+33
2.023160e+14 1.436071e+33
2.038843e+14 1.458744e+33
2.054648e+14 1.481776e+33
2.070575e+14 1.505171e+33
2.086625e+14 1.528935e+33
2.102800e+14 1.553075e+33
2.119100e+14 1.577596e+33
2.135527e+14 1.602503e+33
2.152081e+14 1.627805e+33
2.168763e+14 1.653505e+33
2.185575e+14 1.679612e+33
2.202517e+14 1.706130e+33
2.219590e+14 1.733068e+33
2.236795e+14 1.760430e+33
2.254134e+14 1.788225e+33
2.271608e+14 1.816459e+33
2.289217e+14 1.845138e+33
2.306962e+14 1.874270e+33
2.324845e+14 1.903862e+33
2.342866e+14 1.933921e+33
2.361027e+14 1.964455e+33
2.379329e+14 1.995471e+33
2.397773e+14 2.026976e+33
2.416360e+14 2.058979e+33
2.435091e+14 2.091488e+33
2.453967e+14 2.124509e+33
2.472989e+14 2.158052e+33
2.492159e+14 2.192125e+33
2.511478e+14 2.226735e+33
2.530946e+14 2.261892e+33
2.550565e+14 2.297604e+33
2.570336e+14 2.333880e+33
2.590260e+14 2.370729e+33
2.610339e+14 2.408159e+33
2.630574e+14 2.446180e+33
2.650965e+14 2.484802e+33
2.671515e+14 2.524033e+33
2.692224e+14 2.563884e+33
2.713093e+14 2.604364e+33
2.734124e+14 2.645483e+33
2.755318e+14 2.687252e+33
2.776676e+14 2.729679e+33
2.798200e+14 2.772777e+33
2.819891e+14 2.816555e+33
2.841750e+14 2.861025e+33
2.863778e+14 2.906196e+33
2.885977e+14 2.952081e+33
2.908349e+14 2.998690e+33
2.930893e+14 3.046035e+33
