# epsilon [g/cm^3]   P [dyn/cm^2]
1.364583e+14 6.616576e+32
1.375161e+14 6.775621e+32
1.385821e+14 6.938488e+32
1.396563e+14 7.105270e+32
1.407389e+14 7.276061e+32
1.418299e+14 7.450957e+32
1.429293e+14 7.630058e+32
1.440372e+14 7.813463e+32
1.451538e+14 8.001277e+32
1.462789e+14 8.193605e+32
1.474129e+14 8.390557e+32
1.485556e+14 8.592243e+32
1.497071e+14 8.798776e+32
1.508676e+14 9.010275e+32
1.520371e+14 9.226857e+32
1.532156e+14 9.448645e+32
1.544033e+14 9.675764e+32
1.556002e+14 9.908343e+32
1.568063e+14 1.014651e+33
1.580219e+14 1.039041e+33
1.592468e+14 1.064016e+33
1.604812e+14 1.089592e+33
1.617252e+14 1.115783e+33
1.629789e+14 1.142603e+33
1.642422e+14 1.170068e+33
1.655154e+14 1.198194e+33
1.667984e+14 1.226995e+33
1.680914e+14 1.256488e+33
1.693944e+14 1.286691e+33
1.707075e+14 1.317619e+33
1.720307e+14 1.349291e+33
1.733643e+14 1.381724e+33
1.747081e+14 1.414937e+33
1.760624e+14 1.448948e+33
1.774272e+14 1.483777e+33
1.788026e+14 1.519443e+33
1.801886e+14 1.555966e+33
1.815854e+14 1.593367e+33
1.829929e+14 1.631668e+33
1.844114e+14 1.670888e+33
1.858409e+14 1.711052e+33
1.872815e+14 1.752181e+33
1.887333e+14 1.794298e+33
1.901963e+14 1.837428e+33
1.916706e+14 1.881595e+33
1.931564e+14 1.926823e+33
1.946537e+14 1.973139e+33
1.961626e+14 2.020568e+33
1.976832e+14 2.069136e+33
1.992155e+14 2.118873e+33
2.007598e+14 2.169805e+33
2.023160e+14 2.221961e+33
2.038843e+14 2.275370e+33
2.054648e+14 2.330064e+33
2.070575e+14 2.386072e+33
2.086625e+14 2.443427e+33
2.102800e+14 2.502160e+33
2.119100e+14 2.562305e+33
2.135527e+14 2.623896e+33
2.152081e+14 2.686967e+33
2.168763e+14 2.751554e+33
2.185575e+14 2.817694e+33
2.202517e+14 2.885424e+33
2.219590e+14 2.954781e+33
2.236795e+14 3.025806e+33
2.254134e+14 3.098538e+33
2.271608e+14 3.173018e+33
2.289217e+14 3.249289e+33
2.306962e+14 3.327393e+33
2.324845e+14 3.407374e+33
2.342866e+14 3.489278e+33
2.361027e+14 3.573150e+33
2.379329e+14 3.659039e+33
2.397773e+14 3.746992e+33
2.416360e+14 3.837059e+33
2.435091e+14 3.929292e+33
2.453967e+14 4.023741e+33
2.472989e+14 4.120461e+33
2.492159e+14 4.219505e+33
2.511478e+14 4.320930e+33
2.530946e+14 4.424793e+33
2.550565e+14 4.531153e+33
2.570336e+14 4.640070e+33
2.590260e+14 4.751604e+33
2.610339e+14 4.865819e+33
2.630574e+14 4.982780e+33
2.650965e+14 5.102552e+33
2.671515e+14 5.225204e+33
2.692224e+14 5.350803e+33
2.713093e+14 5.479422e+33
2.734124e+14 5.611132e+33
2.755318e+14 5.746008e+33
2.776676e+14 5.884126e+33
2.798200e+14 6.025564e+33
2.819891e+14 6.170402e+33
2.841750e+14 6.318721e+33
2.863778e+14 6.470606e+33
2.885977e+14 6.626141e+33
2.908349e+14 6.785415e+33
2.930893e+14 6.948518e+33
