# epsilon [g/cm^3]   P [dyn/cm^2]
1.364583e+14 6.507488e+32
1.375161e+14 6.626693e+32
1.385821e+14 6.748083e+32
1.396563e+14 6.871696e+32
1.407389e+14 6.997573e+32
1.418299e+14 7.125756e+32
1.429293e+14 7.256288e+32
1.440372e+14 7.389210e+32
1.451538e+14 7.524567e+32
1.462789e+14 7.662404e+32
1.474129e+14 7.802766e+32
1.485556e+14 7.945699e+32
1.497071e+14 8.091250e+32
1.508676e+14 8.239468e+32
1.520371e+14 8.390400e+32
1.532156e+14 8.544098e+32
1.544033e+14 8.700610e+32
1.556002e+14 8.859990e+32
1.568063e+14 9.022290e+32
1.580219e+14 9.187562e+32
1.592468e+14 9.355862e+32
1.604812e+14 9.527245e+32
1.617252e+14 9.701767e+32
1.629789e+14 9.879487e+32
1.642422e+14 1.006046e+33
1.655154e+14 1.024475e+33
1.667984e+14 1.043242e+33
1.680914e+14 1.062352e+33
1.693944e+14 1.081813e+33
1.707075e+14 1.101629e+33
1.720307e+14 1.121809e+33
1.733643e+14 1.142359e+33
1.747081e+14 1.163285e+33
1.760624e+14 1.184594e+33
1.774272e+14 1.206294e+33
1.788026e+14 1.228391e+33
1.801886e+14 1.250893e+33
1.815854e+14 1.273807e+33
1.829929e+14 1.297141e+33
1.844114e+14 1.320902e+33
1.858409e+14 1.345099e+33
1.872815e+14 1.369739e+33
1.887333e+14 1.394830e+33
1.901963e+14 1.420381e+33
1.916706e+14 1.446400e+33
1.931564e+14 1.472895e+33
1.946537e+14 1.499876e+33
1.961626e+14 1.527351e+33
1.976832e+14 1.555330e+33
1.992155e+14 1.583821e+33
2.007598e+14 1.612833e+33
2.023160e+14 1.642378e+33
2.038843e+14 1.672463e+33
2.054648e+14 1.703100e+33
2.070575e+14 1.734298e+33
2.086625e+14 1.766067e+33
2.102800e+14 1.798418e+33
2.119100e+14 1.831362e+33
2.135527e+14 1.864909e+33
2.152081e+14 1.899071e+33
2.168763e+14 1.933859e+33
2.185575e+14 1.969284e+33
2.202517e+14 2.005357e+33
2.219590e+14 2.042092e+33
2.236795e+14 2.079500e+33
2.254134e+14 2.117592e+33
2.271608e+14 2.156383e+33
2.289217e+14 2.195884e+33
2.306962e+14 2.236109e+33
2.324845e+14 2.277070e+33
2.342866e+14 2.318782e+33
2.361027e+14 2.361258e+33
2.379329e+14 2.404512e+33
2.397773e+14 2.448559e+33
2.416360e+14 2.493412e+33
2.435091e+14 2.539087e+33
2.453967e+14 2.585599e+33
2.472989e+14 2.632962e+33
2.492159e+14 2.681193e+33
2.511478e+14 2.730308e+33
2.530946e+14 2.780323e+33
2.550565e+14 2.831253e+33
2.570336e+14 2.883117e+33
2.590260e+14 2.935930e+33
2.610339e+14 2.989712e+33
2.630574e+14 3.044478e+33
2.650965e+14 3.100247e+33
2.671515e+14 3.157038e+33
2.692224e+14 3.214870e+33
2.713093e+14 3.273761e+33
2.734124e+14 3.333730e+33
2.755318e+14 3.394798e+33
2.776676e+14 3.456985e+33
2.798200e+14 3.520311e+33
2.819891e+14 3.584797e+33
2.841750e+14 3.650464e+33
2.863778e+14 3.717334e+33
2.885977e+14 3.785429e+33
2.908349e+14 3.854771e+33
2.930893e+14 3.925384e+33
