# epsilon [g/cm^3]   P [dyn/cm^2]
1.364583e+14 6.485870e+32
1.375161e+14 6.597280e+32
1.385821e+14 6.710605e+32
1.396563e+14 6.825875e+32
1.407389e+14 6.943126e+32
1.418299e+14 7.062391e+32
1.429293e+14 7.183704e+32
1.440372e+14 7.307102e+32
1.451538e+14 7.432619e+32
1.462789e+14 7.560292e+32
1.474129e+14 7.690158e+32
1.485556e+14 7.822255e+32
1.497071e+14 7.956621e+32
1.508676e+14 8.093295e+32
1.520371e+14 8.232317e+32
1.532156e+14 8.373727e+32
1.544033e+14 8.517565e+32
1.556002e+14 8.663875e+32
1.568063e+14 8.812698e+32
1.580219e+14 8.964077e+32
1.592468e+14 9.118057e+32
1.604812e+14 9.274681e+32
1.617252e+14 9.433996e+32
1.629789e+14 9.596048e+32
1.642422e+14 9.760883e+32
1.655154e+14 9.928549e+32
1.667984e+14 1.009910e+33
1.680914e+14 1.027257e+33
1.693944e+14 1.044903e+33
1.707075e+14 1.062852e+33
1.720307e+14 1.081109e+33
1.733643e+14 1.099679e+33
1.747081e+14 1.118569e+33
1.760624e+14 1.137783e+33
1.774272e+14 1.157327e+33
1.788026e+14 1.177207e+33
1.801886e+14 1.197428e+33
1.815854e+14 1.217997e+33
1.829929e+14 1.238919e+33
1.844114e+14 1.260200e+33
1.858409e+14 1.281847e+33
1.872815e+14 1.303866e+33
1.887333e+14 1.326263e+33
1.901963e+14 1.349045e+33
1.916706e+14 1.372218e+33
1.931564e+14 1.395789e+33
1.946537e+14 1.419765e+33
1.961626e+14 1.444153e+33
1.976832e+14 1.468960e+33
1.992155e+14 1.494193e+33
2.007598e+14 1.519859e+33
2.023160e+14 1.545966e+33
2.038843e+14 1.572522e+33
2.054648e+14 1.599534e+33
2.070575e+14 1.627010e+33
2.086625e+14 1.654958e+33
2.102800e+14 1.683385e+33
2.119100e+14 1.712302e+33
2.135527e+14 1.741715e+33
2.152081e+14 1.771633e+33
2.168763e+14 1.802065e+33
2.185575e+14 1.833020e+33
2.202517e+14 1.864506e+33
2.219590e+14 1.896533e+33
2.236795e+14 1.929111e+33
2.254134e+14 1.962248e+33
2.271608e+14 1.995954e+33
2.289217e+14 2.030240e+33
2.306962e+14 2.065114e+33
2.324845e+14 2.100587e+33
2.342866e+14 2.136670e+33
2.361027e+14 2.173372e+33
2.379329e+14 2.210705e+33
2.397773e+14 2.248679e+33
2.416360e+14 2.287306e+33
2.435091e+14 2.326596e+33
2.453967e+14 2.366561e+33
2.472989e+14 2.407212e+33
2.492159e+14 2.448562e+33
2.511478e+14 2.490622e+33
2.530946e+14 2.533404e+33
2.550565e+14 2.576921e+33
2.570336e+14 2.621186e+33
2.590260e+14 2.666211e+33
2.610339e+14 2.712010e+33
2.630574e+14 2.758595e+33
2.650965e+14 2.805981e+33
2.671515e+14 2.854180e+33
2.692224e+14 2.903207e+33
2.713093e+14 2.953077e+33
2.734124e+14 3.003803e+33
2.755318e+14 3.055401e+33
2.776676e+14 3.107884e+33
2.798200e+14 3.161270e+33
2.819891e+14 3.215572e+33
2.841750e+14 3.270807e+33
2.863778e+14 3.326991e+33
2.885977e+14 3.384140e+33
2.908349e+14 3.442271e+33
2.930893e+14 3.501400e+33
