# epsilon [g/cm^3]   P [dyn/cm^2]
1.364583e+14 6.526300e+32
1.375161e+14 6.652316e+32
1.385821e+14 6.780766e+32
1.396563e+14 6.911695e+32
1.407389e+14 7.045153e+32
1.418299e+14 7.181188e+32
1.429293e+14 7.319850e+32
1.440372e+14 7.461188e+32
1.451538e+14 7.605256e+32
1.462789e+14 7.752106e+32
1.474129e+14 7.901792e+32
1.485556e+14 8.054367e+32
1.497071e+14 8.209889e+32
1.508676e+14 8.368413e+32
1.520371e+14 8.529999e+32
1.532156e+14 8.694705e+32
1.544033e+14 8.862591e+32
1.556002e+14 9.033718e+32
1.568063e+14 9.208150e+32
1.580219e+14 9.385950e+32
1.592468e+14 9.567184e+32
1.604812e+14 9.751916e+32
1.617252e+14 9.940216e+32
1.629789e+14 1.013215e+33
1.642422e+14 1.032779e+33
1.655154e+14 1.052721e+33
1.667984e+14 1.073048e+33
1.680914e+14 1.093768e+33
1.693944e+14 1.114887e+33
1.707075e+14 1.136415e+33
1.720307e+14 1.158358e+33
1.733643e+14 1.180724e+33
1.747081e+14 1.203523e+33
1.760624e+14 1.226762e+33
1.774272e+14 1.250449e+33
1.788026e+14 1.274594e+33
1.801886e+14 1.299205e+33
1.815854e+14 1.324292e+33
1.829929e+14 1.349862e+33
1.844114e+14 1.375927e+33
1.858409e+14 1.402495e+33
1.872815e+14 1.429575e+33
1.887333e+14 1.457179e+33
1.901963e+14 1.485316e+33
1.916706e+14 1.513996e+33
1.931564e+14 1.543229e+33
1.946537e+14 1.573027e+33
1.961626e+14 1.603401e+33
1.976832e+14 1.634361e+33
1.992155e+14 1.665919e+33
2.007598e+14 1.698086e+33
2.023160e+14 1.730875e+33
2.038843e+14 1.764296e+33
2.054648e+14 1.798363e+33
2.070575e+14 1.833087e+33
2.086625e+14 1.868482e+33
2.102800e+14 1.904561e+33
2.119100e+14 1.941336e+33
2.135527e+14 1.978821e+33
2.152081e+14 2.017030e+33
2.168763e+14 2.055977e+33
2.185575e+14 2.095676e+33
2.202517e+14 2.136141e+33
2.219590e+14 2.177388e+33
2.236795e+14 2.219431e+33
2.254134e+14 2.262286e+33
2.271608e+14 2.305969e+33
2.289217e+14 2.350495e+33
2.306962e+14 2.395880e+33
2.324845e+14 2.442142e+33
2.342866e+14 2.489298e+33
2.361027e+14 2.537363e+33
2.379329e+14 2.586357e+33
2.397773e+14 2.636297e+33
2.416360e+14 2.687201e+33
2.435091e+14 2.739089e+33
2.453967e+14 2.791978e+33
2.472989e+14 2.845888e+33
2.492159e+14 2.900839e+33
2.511478e+14 2.956851e+33
2.530946e+14 3.013945e+33
2.550565e+14 3.072141e+33
2.570336e+14 3.131461e+33
2.590260e+14 3.191927e+33
2.610339e+14 3.253560e+33
2.630574e+14 3.316383e+33
2.650965e+14 3.380419e+33
2.671515e+14 3.445691e+33
2.692224e+14 3.512224e+33
2.713093e+14 3.580041e+33
2.734124e+14 3.649168e+33
2.755318e+14 3.719630e+33
2.776676e+14 3.791452e+33
2.798200e+14 3.864661e+33
2.819891e+14 3.939284e+33
2.841750e+14 4.015348e+33
2.863778e+14 4.092880e+33
2.885977e+14 4.171909e+33
2.908349e+14 4.252465e+33
2.930893e+14 4.334576e+33
