# epsilon [g/cm^3]   P [dyn/cm^2]
1.364583e+14 6.562935e+32
1.375161e+14 6.702286e+32
1.385821e+14 6.844596e+32
1.396563e+14 6.989927e+32
1.407389e+14 7.138344e+32
1.418299e+14 7.289912e+32
1.429293e+14 7.444698e+32
1.440372e+14 7.602771e+32
1.451538e+14 7.764201e+32
1.462789e+14 7.929058e+32
1.474129e+14 8.097415e+32
1.485556e+14 8.269348e+32
1.497071e+14 8.444930e+32
1.508676e+14 8.624241e+32
1.520371e+14 8.807360e+32
1.532156e+14 8.994366e+32
1.544033e+14 9.185343e+32
1.556002e+14 9.380375e+32
1.568063e+14 9.579549e+32
1.580219e+14 9.782951e+32
1.592468e+14 9.990672e+32
1.604812e+14 1.020280e+33
1.617252e+14 1.041944e+33
1.629789e+14 1.064068e+33
1.642422e+14 1.086661e+33
1.655154e+14 1.109734e+33
1.667984e+14 1.133297e+33
1.680914e+14 1.157360e+33
1.693944e+14 1.181934e+33
1.707075e+14 1.207030e+33
1.720307e+14 1.232659e+33
1.733643e+14 1.258832e+33
1.747081e+14 1.285561e+33
1.760624e+14 1.312857e+33
1.774272e+14 1.340733e+33
1.788026e+14 1.369201e+33
1.801886e+14 1.398273e+33
1.815854e+14 1.427962e+33
1.829929e+14 1.458282e+33
1.844114e+14 1.489246e+33
1.858409e+14 1.520867e+33
1.872815e+14 1.553160e+33
1.887333e+14 1.586138e+33
1.901963e+14 1.619816e+33
1.916706e+14 1.654210e+33
1.931564e+14 1.689334e+33
1.946537e+14 1.725203e+33
1.961626e+14 1.761834e+33
1.976832e+14 1.799243e+33
1.992155e+14 1.837447e+33
2.007598e+14 1.876461e+33
2.023160e+14 1.916304e+33
2.038843e+14 1.956993e+33
2.054648e+14 1.998546e+33
2.070575e+14 2.040981e+33
2.086625e+14 2.084317e+33
2.102800e+14 2.128573e+33
2.119100e+14 2.173769e+33
2.135527e+14 2.219924e+33
2.152081e+14 2.267060e+33
2.168763e+14 2.315196e+33
2.185575e+14 2.364355e+33
2.202517e+14 2.414557e+33
2.219590e+14 2.465825e+33
2.236795e+14 2.518182e+33
2.254134e+14 2.571651e+33
2.271608e+14 2.626255e+33
2.289217e+14 2.682018e+33
2.306962e+14 2.738965e+33
2.324845e+14 2.797121e+33
2.342866e+14 2.856513e+33
2.361027e+14 2.917165e+33
2.379329e+14 2.979105e+33
2.397773e+14 3.042360e+33
2.416360e+14 3.106958e+33
2.435091e+14 3.172928e+33
2.453967e+14 3.240299e+33
2.472989e+14 3.309100e+33
2.492159e+14 3.379362e+33
2.511478e+14 3.451116e+33
2.530946e+14 3.524394e+33
2.550565e+14 3.599227e+33
2.570336e+14 3.675649e+33
2.590260e+14 3.753694e+33
2.610339e+14 3.833396e+33
2.630574e+14 3.914791e+33
2.650965e+14 3.997913e+33
2.671515e+14 4.082801e+33
2.692224e+14 4.169491e+33
2.713093e+14 4.258022e+33
2.734124e+14 4.348432e+33
2.755318e+14 4.440762e+33
2.776676e+14 4.535053e+33
2.798200e+14 4.631346e+33
2.819891e+14 4.729683e+33
2.841750e+14 4.830108e+33
2.863778e+14 4.932666e+33
2.885977e+14 5.037401e+33
2.908349e+14 5.144360e+33
2.930893e+14 5.253590e+33
