# epsilon [g/cm^3]   P [dyn/cm^2]
1.364583e+14 6.589806e+32
1.375161e+14 6.738997e+32
1.385821e+14 6.891566e+32
1.396563e+14 7.047588e+32
1.407389e+14 7.207143e+32
1.418299e+14 7.370310e+32
1.429293e+14 7.537171e+32
1.440372e+14 7.707810e+32
1.451538e+14 7.882312e+32
1.462789e+14 8.060764e+32
1.474129e+14 8.243257e+32
1.485556e+14 8.429882e+32
1.497071e+14 8.620731e+32
1.508676e+14 8.815901e+32
1.520371e+14 9.015490e+32
1.532156e+14 9.219597e+32
1.544033e+14 9.428325e+32
1.556002e+14 9.641779e+32
1.568063e+14 9.860066e+32
1.580219e+14 1.008329e+33
1.592468e+14 1.031158e+33
1.604812e+14 1.054503e+33
1.617252e+14 1.078376e+33
1.629789e+14 1.102790e+33
1.642422e+14 1.127757e+33
1.655154e+14 1.153289e+33
1.667984e+14 1.179399e+33
1.680914e+14 1.206100e+33
1.693944e+14 1.233406e+33
1.707075e+14 1.261330e+33
1.720307e+14 1.289886e+33
1.733643e+14 1.319088e+33
1.747081e+14 1.348952e+33
1.760624e+14 1.379492e+33
1.774272e+14 1.410723e+33
1.788026e+14 1.442661e+33
1.801886e+14 1.475322e+33
1.815854e+14 1.508723e+33
1.829929e+14 1.542880e+33
1.844114e+14 1.577810e+33
1.858409e+14 1.613531e+33
1.872815e+14 1.650061e+33
1.887333e+14 1.687418e+33
1.901963e+14 1.725620e+33
1.916706e+14 1.764688e+33
1.931564e+14 1.804640e+33
1.946537e+14 1.845496e+33
1.961626e+14 1.887278e+33
1.976832e+14 1.930005e+33
1.992155e+14 1.973699e+33
2.007598e+14 2.018383e+33
2.023160e+14 2.064079e+33
2.038843e+14 2.110809e+33
2.054648e+14 2.158597e+33
2.070575e+14 2.207466e+33
2.086625e+14 2.257443e+33
2.102800e+14 2.308550e+33
2.119100e+14 2.360815e+33
2.135527e+14 2.414263e+33
2.152081e+14 2.468921e+33
2.168763e+14 2.524816e+33
2.185575e+14 2.581977e+33
2.202517e+14 2.640432e+33
2.219590e+14 2.700211e+33
2.236795e+14 2.761343e+33
2.254134e+14 2.823858e+33
2.271608e+14 2.887790e+33
2.289217e+14 2.953168e+33
2.306962e+14 3.020027e+33
2.324845e+14 3.088399e+33
2.342866e+14 3.158319e+33
2.361027e+14 3.229822e+33
2.379329e+14 3.302944e+33
2.397773e+14 3.377722e+33
2.416360e+14 3.454192e+33
2.435091e+14 3.532394e+33
2.453967e+14 3.612366e+33
2.472989e+14 3.694148e+33
2.492159e+14 3.777783e+33
2.511478e+14 3.863310e+33
2.530946e+14 3.950774e+33
2.550565e+14 4.040218e+33
2.570336e+14 4.131687e+33
2.590260e+14 4.225227e+33
2.610339e+14 4.320885e+33
2.630574e+14 4.418708e+33
2.650965e+14 4.518746e+33
2.671515e+14 4.621049e+33
2.692224e+14 4.725667e+33
2.713093e+14 4.832655e+33
2.734124e+14 4.942064e+33
2.755318e+14 5.053951e+33
2.776676e+14 5.168370e+33
2.798200e+14 5.285380e+33
2.819891e+14 5.405040e+33
2.841750e+14 5.527408e+33
2.863778e+14 5.652546e+33
2.885977e+14 5.780518e+33
2.908349e+14 5.911386e+33
2.930893e+14 6.045218e+33
