# epsilon [g/cm^3]   P [dyn/cm^2]
1.364583e+14 6.517700e+32
1.375161e+14 6.640599e+32
1.385821e+14 6.765816e+32
1.396563e+14 6.893394e+32
1.407389e+14 7.023378e+32
1.418299e+14 7.155813e+32
1.429293e+14 7.290745e+32
1.440372e+14 7.428221e+32
1.451538e+14 7.568290e+32
1.462789e+14 7.711000e+32
1.474129e+14 7.856401e+32
1.485556e+14 8.004543e+32
1.497071e+14 8.155479e+32
1.508676e+14 8.309261e+32
1.520371e+14 8.465943e+32
1.532156e+14 8.625579e+32
1.544033e+14 8.788226e+32
1.556002e+14 8.953939e+32
1.568063e+14 9.122777e+32
1.580219e+14 9.294799e+32
1.592468e+14 9.470064e+32
1.604812e+14 9.648634e+32
1.617252e+14 9.830572e+32
1.629789e+14 1.001594e+33
1.642422e+14 1.020480e+33
1.655154e+14 1.039723e+33
1.667984e+14 1.059328e+33
1.680914e+14 1.079303e+33
1.693944e+14 1.099655e+33
1.707075e+14 1.120390e+33
1.720307e+14 1.141517e+33
1.733643e+14 1.163041e+33
1.747081e+14 1.184972e+33
1.760624e+14 1.207316e+33
1.774272e+14 1.230082e+33
1.788026e+14 1.253276e+33
1.801886e+14 1.276909e+33
1.815854e+14 1.300986e+33
1.829929e+14 1.325518e+33
1.844114e+14 1.350512e+33
1.858409e+14 1.375978e+33
1.872815e+14 1.401924e+33
1.887333e+14 1.428359e+33
1.901963e+14 1.455292e+33
1.916706e+14 1.482734e+33
1.931564e+14 1.510693e+33
1.946537e+14 1.539179e+33
1.961626e+14 1.568202e+33
1.976832e+14 1.597772e+33
1.992155e+14 1.627901e+33
2.007598e+14 1.658597e+33
2.023160e+14 1.689872e+33
2.038843e+14 1.721736e+33
2.054648e+14 1.754202e+33
2.070575e+14 1.787280e+33
2.086625e+14 1.820981e+33
2.102800e+14 1.855318e+33
2.119100e+14 1.890302e+33
2.135527e+14 1.925947e+33
2.152081e+14 1.962263e+33
2.168763e+14 1.999264e+33
2.185575e+14 2.036962e+33
2.202517e+14 2.075372e+33
2.219590e+14 2.114506e+33
2.236795e+14 2.154377e+33
2.254134e+14 2.195001e+33
2.271608e+14 2.236391e+33
2.289217e+14 2.278561e+33
2.306962e+14 2.321526e+33
2.324845e+14 2.365301e+33
2.342866e+14 2.409902e+33
2.361027e+14 2.455344e+33
2.379329e+14 2.501642e+33
2.397773e+14 2.548814e+33
2.416360e+14 2.596875e+33
2.435091e+14 2.645843e+33
2.453967e+14 2.695733e+33
2.472989e+14 2.746565e+33
2.492159e+14 2.798355e+33
2.511478e+14 2.851122e+33
2.530946e+14 2.904883e+33
2.550565e+14 2.959658e+33
2.570336e+14 3.015467e+33
2.590260e+14 3.072327e+33
2.610339e+14 3.130260e+33
2.630574e+14 3.189285e+33
2.650965e+14 3.249423e+33
2.671515e+14 3.310695e+33
2.692224e+14 3.373122e+33
2.713093e+14 3.436727e+33
2.734124e+14 3.501531e+33
2.755318e+14 3.567557e+33
2.776676e+14 3.634828e+33
2.798200e+14 3.703367e+33
2.819891e+14 3.773199e+33
2.841750e+14 3.844347e+33
2.863778e+14 3.916837e+33
2.885977e+14 3.990694e+33
2.908349e+14 4.065944e+33
2.930893e+14 4.142613e+33
