# epsilon [g/cm^3]   P [dyn/cm^2]
1.364583e+14 6.440877e+32
1.375161e+14 6.536169e+32
1.385821e+14 6.632870e+32
1.396563e+14 6.731002e+32
1.407389e+14 6.830586e+32
1.418299e+14 6.931644e+32
1.429293e+14 7.034196e+32
1.440372e+14 7.138266e+32
1.451538e+14 7.243876e+32
1.462789e+14 7.351048e+32
1.474129e+14 7.459805e+32
1.485556e+14 7.570172e+32
1.497071e+14 7.682171e+32
1.508676e+14 7.795828e+32
1.520371e+14 7.911166e+32
1.532156e+14 8.028210e+32
1.544033e+14 8.146986e+32
1.556002e+14 8.267520e+32
1.568063e+14 8.389836e+32
1.580219e+14 8.513963e+32
1.592468e+14 8.639925e+32
1.604812e+14 8.767752e+32
1.617252e+14 8.897469e+32
1.629789e+14 9.029106e+32
1.642422e+14 9.162690e+32
1.655154e+14 9.298251e+32
1.667984e+14 9.435817e+32
1.680914e+14 9.575418e+32
1.693944e+14 9.717085e+32
1.707075e+14 9.860848e+32
1.720307e+14 1.000674e+33
1.733643e+14 1.015479e+33
1.747081e+14 1.030502e+33
1.760624e+14 1.045748e+33
1.774272e+14 1.061220e+33
1.788026e+14 1.076921e+33
1.801886e+14 1.092854e+33
1.815854e+14 1.109022e+33
1.829929e+14 1.125430e+33
1.844114e+14 1.142081e+33
1.858409e+14 1.158977e+33
1.872815e+14 1.176124e+33
1.887333e+14 1.193525e+33
1.901963e+14 1.211183e+33
1.916706e+14 1.229102e+33
1.931564e+14 1.247287e+33
1.946537e+14 1.265740e+33
1.961626e+14 1.284466e+33
1.976832e+14 1.303470e+33
1.992155e+14 1.322755e+33
2.007598e+14 1.342324e+33
2.023160e+14 1.362184e+33
2.038843e+14 1.382337e+33
2.054648e+14 1.402789e+33
2.070575e+14 1.423543e+33
2.086625e+14 1.444604e+33
2.102800e+14 1.465976e+33
2.119100e+14 1.487665e+33
2.135527e+14 1.509675e+33
2.152081e+14 1.532011e+33
2.168763e+14 1.554676e+33
2.185575e+14 1.577678e+33
2.202517e+14 1.601019e+33
2.219590e+14 1.624706e+33
2.236795e+14 1.648743e+33
2.254134e+14 1.673136e+33
2.271608e+14 1.697890e+33
2.289217e+14 1.723010e+33
2.306962e+14 1.748501e+33
2.324845e+14 1.774370e+33
2.342866e+14 1.800622e+33
2.361027e+14 1.827262e+33
2.379329e+14 1.854296e+33
2.397773e+14 1.881730e+33
2.416360e+14 1.909570e+33
2.435091e+14 1.937821e+33
2.453967e+14 1.966491e+33
2.472989e+14 1.995585e+33
2.492159e+14 2.025109e+33
2.511478e+14 2.055071e+33
2.530946e+14 2.085475e+33
2.550565e+14 2.116329e+33
2.570336e+14 2.147640e+33
2.590260e+14 2.179414e+33
2.610339e+14 2.211658e+33
2.630574e+14 2.244379e+33
2.650965e+14 2.277585e+33
2.671515e+14 2.311281e+33
2.692224e+14 2.345476e+33
2.713093e+14 2.380177e+33
2.734124e+14 2.415391e+33
2.755318e+14 2.451127e+33
2.776676e+14 2.487391e+33
2.798200e+14 2.524191e+33
2.819891e+14 2.561536e+33
2.841750e+14 2.599434e+33
2.863778e+14 2.637892e+33
2.885977e+14 2.676919e+33
2.908349e+14 2.716524e+33
2.930893e+14 2.756714e+33
