# epsilon [g/cm^3]   P [dyn/cm^2]
1.364583e+14 6.596325e+32
1.375161e+14 6.747910e+32
1.385821e+14 6.902979e+32
1.396563e+14 7.061612e+32
1.407389e+14 7.223890e+32
1.418299e+14 7.389897e+32
1.429293e+14 7.559719e+32
1.440372e+14 7.733443e+32
1.451538e+14 7.911160e+32
1.462789e+14 8.092961e+32
1.474129e+14 8.278939e+32
1.485556e+14 8.469192e+32
1.497071e+14 8.663816e+32
1.508676e+14 8.862913e+32
1.520371e+14 9.066586e+32
1.532156e+14 9.274938e+32
1.544033e+14 9.488079e+32
1.556002e+14 9.706118e+32
1.568063e+14 9.929167e+32
1.580219e+14 1.015734e+33
1.592468e+14 1.039076e+33
1.604812e+14 1.062954e+33
1.617252e+14 1.087381e+33
1.629789e+14 1.112370e+33
1.642422e+14 1.137932e+33
1.655154e+14 1.164082e+33
1.667984e+14 1.190833e+33
1.680914e+14 1.218199e+33
1.693944e+14 1.246194e+33
1.707075e+14 1.274831e+33
1.720307e+14 1.304127e+33
1.733643e+14 1.334097e+33
1.747081e+14 1.364755e+33
1.760624e+14 1.396117e+33
1.774272e+14 1.428200e+33
1.788026e+14 1.461021e+33
1.801886e+14 1.494595e+33
1.815854e+14 1.528942e+33
1.829929e+14 1.564077e+33
1.844114e+14 1.600020e+33
1.858409e+14 1.636789e+33
1.872815e+14 1.674403e+33
1.887333e+14 1.712881e+33
1.901963e+14 1.752244e+33
1.916706e+14 1.792511e+33
1.931564e+14 1.833703e+33
1.946537e+14 1.875842e+33
1.961626e+14 1.918950e+33
1.976832e+14 1.963048e+33
1.992155e+14 2.008159e+33
2.007598e+14 2.054307e+33
2.023160e+14 2.101516e+33
2.038843e+14 2.149809e+33
2.054648e+14 2.199212e+33
2.070575e+14 2.249751e+33
2.086625e+14 2.301451e+33
2.102800e+14 2.354339e+33
2.119100e+14 2.408442e+33
2.135527e+14 2.463789e+33
2.152081e+14 2.520407e+33
2.168763e+14 2.578327e+33
2.185575e+14 2.637578e+33
2.202517e+14 2.698190e+33
2.219590e+14 2.760195e+33
2.236795e+14 2.823625e+33
2.254134e+14 2.888513e+33
2.271608e+14 2.954892e+33
2.289217e+14 3.022796e+33
2.306962e+14 3.092261e+33
2.324845e+14 3.163322e+33
2.342866e+14 3.236016e+33
2.361027e+14 3.310381e+33
2.379329e+14 3.386454e+33
2.397773e+14 3.464276e+33
2.416360e+14 3.543886e+33
2.435091e+14 3.625326e+33
2.453967e+14 3.708637e+33
2.472989e+14 3.793862e+33
2.492159e+14 3.881046e+33
2.511478e+14 3.970234e+33
2.530946e+14 4.061471e+33
2.550565e+14 4.154805e+33
2.570336e+14 4.250283e+33
2.590260e+14 4.347956e+33
2.610339e+14 4.447873e+33
2.630574e+14 4.550087e+33
2.650965e+14 4.654649e+33
2.671515e+14 4.761614e+33
2.692224e+14 4.871038e+33
2.713093e+14 4.982976e+33
2.734124e+14 5.097486e+33
2.755318e+14 5.214628e+33
2.776676e+14 5.334461e+33
2.798200e+14 5.457049e+33
2.819891e+14 5.582453e+33
2.841750e+14 5.710740e+33
2.863778e+14 5.841974e+33
2.885977e+14 5.976224e+33
2.908349e+14 6.113560e+33
2.930893e+14 6.254051e+33
