# epsilon [g/cm^3]   P [dyn/cm^2]
1.364583e+14 6.544433e+32
1.375161e+14 6.677038e+32
1.385821e+14 6.812329e+32
1.396563e+14 6.950362e+32
1.407389e+14 7.091192e+32
1.418299e+14 7.234875e+32
1.429293e+14 7.381469e+32
1.440372e+14 7.531034e+32
1.451538e+14 7.683629e+32
1.462789e+14 7.839316e+32
1.474129e+14 7.998158e+32
1.485556e+14 8.160218e+32
1.497071e+14 8.325562e+32
1.508676e+14 8.494256e+32
1.520371e+14 8.666369e+32
1.532156e+14 8.841968e+32
1.544033e+14 9.021126e+32
1.556002e+14 9.203914e+32
1.568063e+14 9.390405e+32
1.580219e+14 9.580676e+32
1.592468e+14 9.774801e+32
1.604812e+14 9.972860e+32
1.617252e+14 1.017493e+33
1.629789e+14 1.038110e+33
1.642422e+14 1.059144e+33
1.655154e+14 1.080605e+33
1.667984e+14 1.102500e+33
1.680914e+14 1.124839e+33
1.693944e+14 1.147631e+33
1.707075e+14 1.170885e+33
1.720307e+14 1.194609e+33
1.733643e+14 1.218815e+33
1.747081e+14 1.243510e+33
1.760624e+14 1.268707e+33
1.774272e+14 1.294414e+33
1.788026e+14 1.320641e+33
1.801886e+14 1.347400e+33
1.815854e+14 1.374702e+33
1.829929e+14 1.402556e+33
1.844114e+14 1.430975e+33
1.858409e+14 1.459970e+33
1.872815e+14 1.489552e+33
1.887333e+14 1.519733e+33
1.901963e+14 1.550526e+33
1.916706e+14 1.581944e+33
1.931564e+14 1.613997e+33
1.946537e+14 1.646700e+33
1.961626e+14 1.680066e+33
1.976832e+14 1.714108e+33
1.992155e+14 1.748839e+33
2.007598e+14 1.784275e+33
2.023160e+14 1.820428e+33
2.038843e+14 1.857314e+33
2.054648e+14 1.894947e+33
2.070575e+14 1.933343e+33
2.086625e+14 1.972517e+33
2.102800e+14 2.012484e+33
2.119100e+14 2.053262e+33
2.135527e+14 2.094865e+33
2.152081e+14 2.137312e+33
2.168763e+14 2.180618e+33
2.185575e+14 2.224803e+33
2.202517e+14 2.269882e+33
2.219590e+14 2.315875e+33
2.236795e+14 2.362799e+33
2.254134e+14 2.410675e+33
2.271608e+14 2.459520e+33
2.289217e+14 2.509356e+33
2.306962e+14 2.560201e+33
2.324845e+14 2.612076e+33
2.342866e+14 2.665002e+33
2.361027e+14 2.719001e+33
2.379329e+14 2.774094e+33
2.397773e+14 2.830303e+33
2.416360e+14 2.887652e+33
2.435091e+14 2.946162e+33
2.453967e+14 3.005857e+33
2.472989e+14 3.066763e+33
2.492159e+14 3.128902e+33
2.511478e+14 3.192300e+33
2.530946e+14 3.256983e+33
2.550565e+14 3.322977e+33
2.570336e+14 3.390308e+33
2.590260e+14 3.459003e+33
2.610339e+14 3.529090e+33
2.630574e+14 3.600597e+33
2.650965e+14 3.673553e+33
2.671515e+14 3.747987e+33
2.692224e+14 3.823930e+33
2.713093e+14 3.901411e+33
2.734124e+14 3.980462e+33
2.755318e+14 4.061115e+33
2.776676e+14 4.143402e+33
2.798200e+14 4.227356e+33
2.819891e+14 4.313012e+33
2.841750e+14 4.400403e+33
2.863778e+14 4.489565e+33
2.885977e+14 4.580533e+33
2.908349e+14 4.673345e+33
2.930893e+14 4.768037e+33
