# epsilon [g/cm^3]   P [dyn/cm^2]
1.364583e+14 6.475550e+32
1.375161e+14 6.583250e+32
1.385821e+14 6.692742e+32
1.396563e+14 6.804055e+32
1.407389e+14 6.917219e+32
1.418299e+14 7.032265e+32
1.429293e+14 7.149225e+32
1.440372e+14 7.268130e+32
1.451538e+14 7.389012e+32
1.462789e+14 7.511906e+32
1.474129e+14 7.636843e+32
1.485556e+14 7.763858e+32
1.497071e+14 7.892985e+32
1.508676e+14 8.024260e+32
1.520371e+14 8.157719e+32
1.532156e+14 8.293397e+32
1.544033e+14 8.431331e+32
1.556002e+14 8.571560e+32
1.568063e+14 8.714121e+32
1.580219e+14 8.859053e+32
1.592468e+14 9.006396e+32
1.604812e+14 9.156189e+32
1.617252e+14 9.308474e+32
1.629789e+14 9.463291e+32
1.642422e+14 9.620683e+32
1.655154e+14 9.780693e+32
1.667984e+14 9.943365e+32
1.680914e+14 1.010874e+33
1.693944e+14 1.027687e+33
1.707075e+14 1.044779e+33
1.720307e+14 1.062156e+33
1.733643e+14 1.079821e+33
1.747081e+14 1.097781e+33
1.760624e+14 1.116039e+33
1.774272e+14 1.134601e+33
1.788026e+14 1.153471e+33
1.801886e+14 1.172656e+33
1.815854e+14 1.192159e+33
1.829929e+14 1.211987e+33
1.844114e+14 1.232145e+33
1.858409e+14 1.252638e+33
1.872815e+14 1.273471e+33
1.887333e+14 1.294652e+33
1.901963e+14 1.316184e+33
1.916706e+14 1.338075e+33
1.931564e+14 1.360329e+33
1.946537e+14 1.382954e+33
1.961626e+14 1.405955e+33
1.976832e+14 1.429339e+33
1.992155e+14 1.453111e+33
2.007598e+14 1.477279e+33
2.023160e+14 1.501849e+33
2.038843e+14 1.526828e+33
2.054648e+14 1.552222e+33
2.070575e+14 1.578038e+33
2.086625e+14 1.604284e+33
2.102800e+14 1.630966e+33
2.119100e+14 1.658092e+33
2.135527e+14 1.685669e+33
2.152081e+14 1.713705e+33
2.168763e+14 1.742207e+33
2.185575e+14 1.771184e+33
2.202517e+14 1.800642e+33
2.219590e+14 1.830590e+33
2.236795e+14 1.861036e+33
2.254134e+14 1.891988e+33
2.271608e+14 1.923456e+33
2.289217e+14 1.955446e+33
2.306962e+14 1.987969e+33
2.324845e+14 2.021033e+33
2.342866e+14 2.054646e+33
2.361027e+14 2.088819e+33
2.379329e+14 2.123560e+33
2.397773e+14 2.158879e+33
2.416360e+14 2.194785e+33
2.435091e+14 2.231288e+33
2.453967e+14 2.268399e+33
2.472989e+14 2.306126e+33
2.492159e+14 2.344482e+33
2.511478e+14 2.383475e+33
2.530946e+14 2.423116e+33
2.550565e+14 2.463417e+33
2.570336e+14 2.504388e+33
2.590260e+14 2.546041e+33
2.610339e+14 2.588387e+33
2.630574e+14 2.631436e+33
2.650965e+14 2.675202e+33
2.671515e+14 2.719696e+33
2.692224e+14 2.764929e+33
2.713093e+14 2.810915e+33
2.734124e+14 2.857666e+33
2.755318e+14 2.905194e+33
2.776676e+14 2.953513e+33
2.798200e+14 3.002636e+33
2.819891e+14 3.052575e+33
2.841750e+14 3.103345e+33
2.863778e+14 3.154959e+33
2.885977e+14 3.207432e+33
2.908349e+14 3.260778e+33
2.930893e+14 3.315011e+33
