# epsilon [g/cm^3]   P [dyn/cm^2]
1.364583e+14 6.457184e+32
1.375161e+14 6.558302e+32
1.385821e+14 6.661002e+32
1.396563e+14 6.765311e+32
1.407389e+14 6.871254e+32
1.418299e+14 6.978855e+32
1.429293e+14 7.088142e+32
1.440372e+14 7.199140e+32
1.451538e+14 7.311876e+32
1.462789e+14 7.426377e+32
1.474129e+14 7.542672e+32
1.485556e+14 7.660787e+32
1.497071e+14 7.780753e+32
1.508676e+14 7.902597e+32
1.520371e+14 8.026349e+32
1.532156e+14 8.152038e+32
1.544033e+14 8.279697e+32
1.556002e+14 8.409354e+32
1.568063e+14 8.541041e+32
1.580219e+14 8.674791e+32
1.592468e+14 8.810635e+32
1.604812e+14 8.948607e+32
1.617252e+14 9.088739e+32
1.629789e+14 9.231066e+32
1.642422e+14 9.375621e+32
1.655154e+14 9.522440e+32
1.667984e+14 9.671558e+32
1.680914e+14 9.823011e+32
1.693944e+14 9.976836e+32
1.707075e+14 1.013307e+33
1.720307e+14 1.029175e+33
1.733643e+14 1.045292e+33
1.747081e+14 1.061661e+33
1.760624e+14 1.078286e+33
1.774272e+14 1.095171e+33
1.788026e+14 1.112321e+33
1.801886e+14 1.129740e+33
1.815854e+14 1.147431e+33
1.829929e+14 1.165400e+33
1.844114e+14 1.183649e+33
1.858409e+14 1.202185e+33
1.872815e+14 1.221011e+33
1.887333e+14 1.240131e+33
1.901963e+14 1.259551e+33
1.916706e+14 1.279276e+33
1.931564e+14 1.299309e+33
1.946537e+14 1.319655e+33
1.961626e+14 1.340321e+33
1.976832e+14 1.361310e+33
1.992155e+14 1.382627e+33
2.007598e+14 1.404279e+33
2.023160e+14 1.426269e+33
2.038843e+14 1.448604e+33
2.054648e+14 1.471289e+33
2.070575e+14 1.494329e+33
2.086625e+14 1.517729e+33
2.102800e+14 1.541496e+33
2.119100e+14 1.565636e+33
2.135527e+14 1.590153e+33
2.152081e+14 1.615054e+33
2.168763e+14 1.640345e+33
2.185575e+14 1.666033e+33
2.202517e+14 1.692122e+33
2.219590e+14 1.718620e+33
2.236795e+14 1.745533e+33
2.254134e+14 1.772868e+33
2.271608e+14 1.800630e+33
2.289217e+14 1.828828e+33
2.306962e+14 1.857466e+33
2.324845e+14 1.886554e+33
2.342866e+14 1.916096e+33
2.361027e+14 1.946102e+33
2.379329e+14 1.976577e+33
2.397773e+14 2.007530e+33
2.416360e+14 2.038967e+33
2.435091e+14 2.070896e+33
2.453967e+14 2.103326e+33
2.472989e+14 2.136263e+33
2.492159e+14 2.169716e+33
2.511478e+14 2.203693e+33
2.530946e+14 2.238203e+33
2.550565e+14 2.273252e+33
2.570336e+14 2.308850e+33
2.590260e+14 2.345006e+33
2.610339e+14 2.381728e+33
2.630574e+14 2.419025e+33
2.650965e+14 2.456906e+33
2.671515e+14 2.495381e+33
2.692224e+14 2.534457e+33
2.713093e+14 2.574146e+33
2.734124e+14 2.614456e+33
2.755318e+14 2.655398e+33
2.776676e+14 2.696981e+33
2.798200e+14 2.739214e+33
2.819891e+14 2.782109e+33
2.841750e+14 2.825676e+33
2.863778e+14 2.869925e+33
2.885977e+14 2.914868e+33
2.908349e+14 2.960513e+33
2.930893e+14 3.006874e+33
