# epsilon [g/cm^3]   P [dyn/cm^2]
1.364583e+14 6.620046e+32
1.375161e+14 6.780370e+32
1.385821e+14 6.944578e+32
1.396563e+14 7.112762e+32
1.407389e+14 7.285019e+32
1.418299e+14 7.461448e+32
1.429293e+14 7.642150e+32
1.440372e+14 7.827228e+32
1.451538e+14 8.016789e+32
1.462789e+14 8.210940e+32
1.474129e+14 8.409793e+32
1.485556e+14 8.613462e+32
1.497071e+14 8.822063e+32
1.508676e+14 9.035716e+32
1.520371e+14 9.254544e+32
1.532156e+14 9.478671e+32
1.544033e+14 9.708226e+32
1.556002e+14 9.943341e+32
1.568063e+14 1.018415e+33
1.580219e+14 1.043079e+33
1.592468e+14 1.068340e+33
1.604812e+14 1.094213e+33
1.617252e+14 1.120713e+33
1.629789e+14 1.147855e+33
1.642422e+14 1.175653e+33
1.655154e+14 1.204126e+33
1.667984e+14 1.233287e+33
1.680914e+14 1.263155e+33
1.693944e+14 1.293746e+33
1.707075e+14 1.325078e+33
1.720307e+14 1.357169e+33
1.733643e+14 1.390037e+33
1.747081e+14 1.423701e+33
1.760624e+14 1.458180e+33
1.774272e+14 1.493495e+33
1.788026e+14 1.529664e+33
1.801886e+14 1.566710e+33
1.815854e+14 1.604652e+33
1.829929e+14 1.643514e+33
1.844114e+14 1.683317e+33
1.858409e+14 1.724083e+33
1.872815e+14 1.765837e+33
1.887333e+14 1.808602e+33
1.901963e+14 1.852403e+33
1.916706e+14 1.897265e+33
1.931564e+14 1.943213e+33
1.946537e+14 1.990274e+33
1.961626e+14 2.038474e+33
1.976832e+14 2.087842e+33
1.992155e+14 2.138406e+33
2.007598e+14 2.190194e+33
2.023160e+14 2.243236e+33
2.038843e+14 2.297563e+33
2.054648e+14 2.353206e+33
2.070575e+14 2.410196e+33
2.086625e+14 2.468566e+33
2.102800e+14 2.528350e+33
2.119100e+14 2.589581e+33
2.135527e+14 2.652296e+33
2.152081e+14 2.716530e+33
2.168763e+14 2.782319e+33
2.185575e+14 2.849701e+33
2.202517e+14 2.918715e+33
2.219590e+14 2.989401e+33
2.236795e+14 3.061798e+33
2.254134e+14 3.135949e+33
2.271608e+14 3.211896e+33
2.289217e+14 3.289682e+33
2.306962e+14 3.369352e+33
2.324845e+14 3.450951e+33
2.342866e+14 3.534526e+33
2.361027e+14 3.620125e+33
2.379329e+14 3.707798e+33
2.397773e+14 3.797594e+33
2.416360e+14 3.889564e+33
2.435091e+14 3.983762e+33
2.453967e+14 4.080241e+33
2.472989e+14 4.179056e+33
2.492159e+14 4.280265e+33
2.511478e+14 4.383925e+33
2.530946e+14 4.490095e+33
2.550565e+14 4.598836e+33
2.570336e+14 4.710211e+33
2.590260e+14 4.824283e+33
2.610339e+14 4.941118e+33
2.630574e+14 5.060782e+33
2.650965e+14 5.183345e+33
2.671515e+14 5.308875e+33
2.692224e+14 5.437446e+33
2.713093e+14 5.569131e+33
2.734124e+14 5.704004e+33
2.755318e+14 5.842144e+33
2.776676e+14 5.983629e+33
2.798200e+14 6.128541e+33
2.819891e+14 6.276963e+33
2.841750e+14 6.428979e+33
2.863778e+14 6.584676e+33
2.885977e+14 6.744144e+33
2.908349e+14 6.907474e+33
2.930893e+14 7.074760e+33
