# epsilon [g/cm^3]   P [dyn/cm^2]
1.364583e+14 6.617455e+32
1.375161e+14 6.776824e+32
1.385821e+14 6.940030e+32
1.396563e+14 7.107167e+32
1.407389e+14 7.278329e+32
1.418299e+14 7.453613e+32
1.429293e+14 7.633119e+32
1.440372e+14 7.816948e+32
1.451538e+14 8.005204e+32
1.462789e+14 8.197993e+32
1.474129e+14 8.395426e+32
1.485556e+14 8.597613e+32
1.497071e+14 8.804670e+32
1.508676e+14 9.016713e+32
1.520371e+14 9.233863e+32
1.532156e+14 9.456242e+32
1.544033e+14 9.683977e+32
1.556002e+14 9.917197e+32
1.568063e+14 1.015603e+33
1.580219e+14 1.040062e+33
1.592468e+14 1.065110e+33
1.604812e+14 1.090761e+33
1.617252e+14 1.117030e+33
1.629789e+14 1.143931e+33
1.642422e+14 1.171481e+33
1.655154e+14 1.199694e+33
1.667984e+14 1.228586e+33
1.680914e+14 1.258174e+33
1.693944e+14 1.288475e+33
1.707075e+14 1.319505e+33
1.720307e+14 1.351283e+33
1.733643e+14 1.383826e+33
1.747081e+14 1.417152e+33
1.760624e+14 1.451282e+33
1.774272e+14 1.486233e+33
1.788026e+14 1.522026e+33
1.801886e+14 1.558681e+33
1.815854e+14 1.596219e+33
1.829929e+14 1.634661e+33
1.844114e+14 1.674028e+33
1.858409e+14 1.714344e+33
1.872815e+14 1.755630e+33
1.887333e+14 1.797911e+33
1.901963e+14 1.841210e+33
1.916706e+14 1.885552e+33
1.931564e+14 1.930962e+33
1.946537e+14 1.977466e+33
1.961626e+14 2.025089e+33
1.976832e+14 2.073859e+33
1.992155e+14 2.123804e+33
2.007598e+14 2.174952e+33
2.023160e+14 2.227331e+33
2.038843e+14 2.280972e+33
2.054648e+14 2.335905e+33
2.070575e+14 2.392161e+33
2.086625e+14 2.449771e+33
2.102800e+14 2.508769e+33
2.119100e+14 2.569188e+33
2.135527e+14 2.631062e+33
2.152081e+14 2.694426e+33
2.168763e+14 2.759316e+33
2.185575e+14 2.825768e+33
2.202517e+14 2.893821e+33
2.219590e+14 2.963513e+33
2.236795e+14 3.034884e+33
2.254134e+14 3.107973e+33
2.271608e+14 3.182822e+33
2.289217e+14 3.259474e+33
2.306962e+14 3.337972e+33
2.324845e+14 3.418361e+33
2.342866e+14 3.500686e+33
2.361027e+14 3.584993e+33
2.379329e+14 3.671330e+33
2.397773e+14 3.759747e+33
2.416360e+14 3.850293e+33
2.435091e+14 3.943020e+33
2.453967e+14 4.037980e+33
2.472989e+14 4.135227e+33
2.492159e+14 4.234815e+33
2.511478e+14 4.336803e+33
2.530946e+14 4.441246e+33
2.550565e+14 4.548205e+33
2.570336e+14 4.657739e+33
2.590260e+14 4.769912e+33
2.610339e+14 4.884786e+33
2.630574e+14 5.002426e+33
2.650965e+14 5.122900e+33
2.671515e+14 5.246275e+33
2.692224e+14 5.372621e+33
2.713093e+14 5.502010e+33
2.734124e+14 5.634515e+33
2.755318e+14 5.770211e+33
2.776676e+14 5.909176e+33
2.798200e+14 6.051487e+33
2.819891e+14 6.197225e+33
2.841750e+14 6.346473e+33
2.863778e+14 6.499315e+33
2.885977e+14 6.655838e+33
2.908349e+14 6.816131e+33
2.930893e+14 6.980284e+33
