# epsilon [g/cm^3]   P [dyn/cm^2]
1.364583e+14 6.515701e+32
1.375161e+14 6.637876e+32
1.385821e+14 6.762343e+32
1.396563e+14 6.889144e+32
1.407389e+14 7.018322e+32
1.418299e+14 7.149923e+32
1.429293e+14 7.283991e+32
1.440372e+14 7.420573e+32
1.451538e+14 7.559717e+32
1.462789e+14 7.701469e+32
1.474129e+14 7.845879e+32
1.485556e+14 7.992997e+32
1.497071e+14 8.142874e+32
1.508676e+14 8.295561e+32
1.520371e+14 8.451111e+32
1.532156e+14 8.609578e+32
1.544033e+14 8.771016e+32
1.556002e+14 8.935482e+32
1.568063e+14 9.103031e+32
1.580219e+14 9.273722e+32
1.592468e+14 9.447613e+32
1.604812e+14 9.624766e+32
1.617252e+14 9.805240e+32
1.629789e+14 9.989098e+32
1.642422e+14 1.017640e+33
1.655154e+14 1.036722e+33
1.667984e+14 1.056162e+33
1.680914e+14 1.075966e+33
1.693944e+14 1.096141e+33
1.707075e+14 1.116695e+33
1.720307e+14 1.137634e+33
1.733643e+14 1.158966e+33
1.747081e+14 1.180698e+33
1.760624e+14 1.202837e+33
1.774272e+14 1.225391e+33
1.788026e+14 1.248369e+33
1.801886e+14 1.271777e+33
1.815854e+14 1.295624e+33
1.829929e+14 1.319918e+33
1.844114e+14 1.344668e+33
1.858409e+14 1.369882e+33
1.872815e+14 1.395568e+33
1.887333e+14 1.421737e+33
1.901963e+14 1.448396e+33
1.916706e+14 1.475555e+33
1.931564e+14 1.503223e+33
1.946537e+14 1.531410e+33
1.961626e+14 1.560125e+33
1.976832e+14 1.589379e+33
1.992155e+14 1.619182e+33
2.007598e+14 1.649543e+33
2.023160e+14 1.680473e+33
2.038843e+14 1.711984e+33
2.054648e+14 1.744085e+33
2.070575e+14 1.776789e+33
2.086625e+14 1.810105e+33
2.102800e+14 1.844047e+33
2.119100e+14 1.878624e+33
2.135527e+14 1.913850e+33
2.152081e+14 1.949737e+33
2.168763e+14 1.986297e+33
2.185575e+14 2.023542e+33
2.202517e+14 2.061485e+33
2.219590e+14 2.100140e+33
2.236795e+14 2.139520e+33
2.254134e+14 2.179638e+33
2.271608e+14 2.220508e+33
2.289217e+14 2.262145e+33
2.306962e+14 2.304563e+33
2.324845e+14 2.347775e+33
2.342866e+14 2.391799e+33
2.361027e+14 2.436647e+33
2.379329e+14 2.482337e+33
2.397773e+14 2.528883e+33
2.416360e+14 2.576302e+33
2.435091e+14 2.624610e+33
2.453967e+14 2.673825e+33
2.472989e+14 2.723961e+33
2.492159e+14 2.775038e+33
2.511478e+14 2.827073e+33
2.530946e+14 2.880084e+33
2.550565e+14 2.934088e+33
2.570336e+14 2.989105e+33
2.590260e+14 3.045154e+33
2.610339e+14 3.102254e+33
2.630574e+14 3.160424e+33
2.650965e+14 3.219685e+33
2.671515e+14 3.280057e+33
2.692224e+14 3.341562e+33
2.713093e+14 3.404219e+33
2.734124e+14 3.468052e+33
2.755318e+14 3.533081e+33
2.776676e+14 3.599330e+33
2.798200e+14 3.666821e+33
2.819891e+14 3.735578e+33
2.841750e+14 3.805624e+33
2.863778e+14 3.876983e+33
2.885977e+14 3.949680e+33
2.908349e+14 4.023741e+33
2.930893e+14 4.099190e+33
