# epsilon [g/cm^3]   P [dyn/cm^2]
1.364583e+14 6.470555e+32
1.375161e+14 6.576463e+32
1.385821e+14 6.684104e+32
1.396563e+14 6.793507e+32
1.407389e+14 6.904701e+32
1.418299e+14 7.017715e+32
1.429293e+14 7.132579e+32
1.440372e+14 7.249322e+32
1.451538e+14 7.367977e+32
1.462789e+14 7.488573e+32
1.474129e+14 7.611143e+32
1.485556e+14 7.735720e+32
1.497071e+14 7.862336e+32
1.508676e+14 7.991024e+32
1.520371e+14 8.121818e+32
1.532156e+14 8.254753e+32
1.544033e+14 8.389864e+32
1.556002e+14 8.527187e+32
1.568063e+14 8.666757e+32
1.580219e+14 8.808611e+32
1.592468e+14 8.952787e+32
1.604812e+14 9.099324e+32
1.617252e+14 9.248258e+32
1.629789e+14 9.399630e+32
1.642422e+14 9.553480e+32
1.655154e+14 9.709848e+32
1.667984e+14 9.868776e+32
1.680914e+14 1.003030e+33
1.693944e+14 1.019448e+33
1.707075e+14 1.036134e+33
1.720307e+14 1.053093e+33
1.733643e+14 1.070329e+33
1.747081e+14 1.087848e+33
1.760624e+14 1.105654e+33
1.774272e+14 1.123751e+33
1.788026e+14 1.142144e+33
1.801886e+14 1.160838e+33
1.815854e+14 1.179838e+33
1.829929e+14 1.199149e+33
1.844114e+14 1.218777e+33
1.858409e+14 1.238725e+33
1.872815e+14 1.259000e+33
1.887333e+14 1.279607e+33
1.901963e+14 1.300551e+33
1.916706e+14 1.321838e+33
1.931564e+14 1.343474e+33
1.946537e+14 1.365463e+33
1.961626e+14 1.387813e+33
1.976832e+14 1.410528e+33
1.992155e+14 1.433615e+33
2.007598e+14 1.457080e+33
2.023160e+14 1.480929e+33
2.038843e+14 1.505168e+33
2.054648e+14 1.529804e+33
2.070575e+14 1.554844e+33
2.086625e+14 1.580293e+33
2.102800e+14 1.606158e+33
2.119100e+14 1.632447e+33
2.135527e+14 1.659167e+33
2.152081e+14 1.686323e+33
2.168763e+14 1.713925e+33
2.185575e+14 1.741978e+33
2.202517e+14 1.770490e+33
2.219590e+14 1.799468e+33
2.236795e+14 1.828922e+33
2.254134e+14 1.858857e+33
2.271608e+14 1.889282e+33
2.289217e+14 1.920205e+33
2.306962e+14 1.951634e+33
2.324845e+14 1.983578e+33
2.342866e+14 2.016044e+33
2.361027e+14 2.049042e+33
2.379329e+14 2.082580e+33
2.397773e+14 2.116667e+33
2.416360e+14 2.151312e+33
2.435091e+14 2.186524e+33
2.453967e+14 2.222312e+33
2.472989e+14 2.258686e+33
2.492159e+14 2.295656e+33
2.511478e+14 2.333230e+33
2.530946e+14 2.371420e+33
2.550565e+14 2.410234e+33
2.570336e+14 2.449684e+33
2.590260e+14 2.489780e+33
2.610339e+14 2.530532e+33
2.630574e+14 2.571951e+33
2.650965e+14 2.614047e+33
2.671515e+14 2.656833e+33
2.692224e+14 2.700319e+33
2.713093e+14 2.744517e+33
2.734124e+14 2.789439e+33
2.755318e+14 2.835095e+33
2.776676e+14 2.881499e+33
2.798200e+14 2.928662e+33
2.819891e+14 2.976598e+33
2.841750e+14 3.025318e+33
2.863778e+14 3.074835e+33
2.885977e+14 3.125163e+33
2.908349e+14 3.176315e+33
2.930893e+14 3.228303e+33
