# epsilon [g/cm^3]   P [dyn/cm^2]
1.364583e+14 6.623202e+32
1.375161e+14 6.784692e+32
1.385821e+14 6.950120e+32
1.396563e+14 7.119582e+32
1.407389e+14 7.293175e+32
1.418299e+14 7.471002e+32
1.429293e+14 7.653164e+32
1.440372e+14 7.839767e+32
1.451538e+14 8.030921e+32
1.462789e+14 8.226735e+32
1.474129e+14 8.427324e+32
1.485556e+14 8.632803e+32
1.497071e+14 8.843293e+32
1.508676e+14 9.058915e+32
1.520371e+14 9.279794e+32
1.532156e+14 9.506059e+32
1.544033e+14 9.737841e+32
1.556002e+14 9.975274e+32
1.568063e+14 1.021850e+33
1.580219e+14 1.046765e+33
1.592468e+14 1.072288e+33
1.604812e+14 1.098433e+33
1.617252e+14 1.125215e+33
1.629789e+14 1.152651e+33
1.642422e+14 1.180756e+33
1.655154e+14 1.209545e+33
1.667984e+14 1.239037e+33
1.680914e+14 1.269248e+33
1.693944e+14 1.300196e+33
1.707075e+14 1.331898e+33
1.720307e+14 1.364373e+33
1.733643e+14 1.397640e+33
1.747081e+14 1.431718e+33
1.760624e+14 1.466627e+33
1.774272e+14 1.502387e+33
1.788026e+14 1.539019e+33
1.801886e+14 1.576544e+33
1.815854e+14 1.614984e+33
1.829929e+14 1.654361e+33
1.844114e+14 1.694699e+33
1.858409e+14 1.736020e+33
1.872815e+14 1.778349e+33
1.887333e+14 1.821709e+33
1.901963e+14 1.866127e+33
1.916706e+14 1.911628e+33
1.931564e+14 1.958238e+33
1.946537e+14 2.005985e+33
1.961626e+14 2.054896e+33
1.976832e+14 2.105000e+33
1.992155e+14 2.156325e+33
2.007598e+14 2.208902e+33
2.023160e+14 2.262760e+33
2.038843e+14 2.317932e+33
2.054648e+14 2.374449e+33
2.070575e+14 2.432344e+33
2.086625e+14 2.491651e+33
2.102800e+14 2.552404e+33
2.119100e+14 2.614638e+33
2.135527e+14 2.678390e+33
2.152081e+14 2.743695e+33
2.168763e+14 2.810594e+33
2.185575e+14 2.879123e+33
2.202517e+14 2.949323e+33
2.219590e+14 3.021235e+33
2.236795e+14 3.094901e+33
2.254134e+14 3.170362e+33
2.271608e+14 3.247664e+33
2.289217e+14 3.326850e+33
2.306962e+14 3.407967e+33
2.324845e+14 3.491062e+33
2.342866e+14 3.576183e+33
2.361027e+14 3.663380e+33
2.379329e+14 3.752702e+33
2.397773e+14 3.844203e+33
2.416360e+14 3.937934e+33
2.435091e+14 4.033951e+33
2.453967e+14 4.132309e+33
2.472989e+14 4.233065e+33
2.492159e+14 4.336278e+33
2.511478e+14 4.442007e+33
2.530946e+14 4.550315e+33
2.550565e+14 4.661263e+33
2.570336e+14 4.774916e+33
2.590260e+14 4.891341e+33
2.610339e+14 5.010604e+33
2.630574e+14 5.132776e+33
2.650965e+14 5.257926e+33
2.671515e+14 5.386127e+33
2.692224e+14 5.517455e+33
2.713093e+14 5.651984e+33
2.734124e+14 5.789794e+33
2.755318e+14 5.930964e+33
2.776676e+14 6.075576e+33
2.798200e+14 6.223714e+33
2.819891e+14 6.375464e+33
2.841750e+14 6.530914e+33
2.863778e+14 6.690154e+33
2.885977e+14 6.853277e+33
2.908349e+14 7.020377e+33
2.930893e+14 7.191552e+33
