# epsilon [g/cm^3]   P [dyn/cm^2]
1.364583e+14 6.461118e+32
1.375161e+14 6.563644e+32
1.385821e+14 6.667796e+32
1.396563e+14 6.773601e+32
1.407389e+14 6.881085e+32
1.418299e+14 6.990275e+32
1.429293e+14 7.101197e+32
1.440372e+14 7.213879e+32
1.451538e+14 7.328349e+32
1.462789e+14 7.444636e+32
1.474129e+14 7.562768e+32
1.485556e+14 7.682775e+32
1.497071e+14 7.804685e+32
1.508676e+14 7.928531e+32
1.520371e+14 8.054341e+32
1.532156e+14 8.182148e+32
1.544033e+14 8.311983e+32
1.556002e+14 8.443878e+32
1.568063e+14 8.577866e+32
1.580219e+14 8.713980e+32
1.592468e+14 8.852254e+32
1.604812e+14 8.992722e+32
1.617252e+14 9.135419e+32
1.629789e+14 9.280381e+32
1.642422e+14 9.427643e+32
1.655154e+14 9.577241e+32
1.667984e+14 9.729213e+32
1.680914e+14 9.883597e+32
1.693944e+14 1.004043e+33
1.707075e+14 1.019975e+33
1.720307e+14 1.036160e+33
1.733643e+14 1.052602e+33
1.747081e+14 1.069305e+33
1.760624e+14 1.086273e+33
1.774272e+14 1.103510e+33
1.788026e+14 1.121020e+33
1.801886e+14 1.138809e+33
1.815854e+14 1.156880e+33
1.829929e+14 1.175237e+33
1.844114e+14 1.193886e+33
1.858409e+14 1.212830e+33
1.872815e+14 1.232076e+33
1.887333e+14 1.251626e+33
1.901963e+14 1.271487e+33
1.916706e+14 1.291663e+33
1.931564e+14 1.312159e+33
1.946537e+14 1.332981e+33
1.961626e+14 1.354133e+33
1.976832e+14 1.375620e+33
1.992155e+14 1.397449e+33
2.007598e+14 1.419623e+33
2.023160e+14 1.442150e+33
2.038843e+14 1.465034e+33
2.054648e+14 1.488281e+33
2.070575e+14 1.511898e+33
2.086625e+14 1.535889e+33
2.102800e+14 1.560260e+33
2.119100e+14 1.585018e+33
2.135527e+14 1.610170e+33
2.152081e+14 1.635720e+33
2.168763e+14 1.661676e+33
2.185575e+14 1.688043e+33
2.202517e+14 1.714829e+33
2.219590e+14 1.742040e+33
2.236795e+14 1.769683e+33
2.254134e+14 1.797764e+33
2.271608e+14 1.826291e+33
2.289217e+14 1.855271e+33
2.306962e+14 1.884711e+33
2.324845e+14 1.914617e+33
2.342866e+14 1.944999e+33
2.361027e+14 1.975862e+33
2.379329e+14 2.007215e+33
2.397773e+14 2.039066e+33
2.416360e+14 2.071422e+33
2.435091e+14 2.104291e+33
2.453967e+14 2.137682e+33
2.472989e+14 2.171603e+33
2.492159e+14 2.206062e+33
2.511478e+14 2.241068e+33
2.530946e+14 2.276630e+33
2.550565e+14 2.312756e+33
2.570336e+14 2.349454e+33
2.590260e+14 2.386736e+33
2.610339e+14 2.424609e+33
2.630574e+14 2.463083e+33
2.650965e+14 2.502167e+33
2.671515e+14 2.541871e+33
2.692224e+14 2.582206e+33
2.713093e+14 2.623181e+33
2.734124e+14 2.664805e+33
2.755318e+14 2.707091e+33
2.776676e+14 2.750047e+33
2.798200e+14 2.793685e+33
2.819891e+14 2.838015e+33
2.841750e+14 2.883049e+33
2.863778e+14 2.928798e+33
2.885977e+14 2.975272e+33
2.908349e+14 3.022484e+33
2.930893e+14 3.070445e+33
