# epsilon [g/cm^3]   P [dyn/cm^2]
1.364583e+14 6.523075e+32
1.375161e+14 6.647922e+32
1.385821e+14 6.775159e+32
1.396563e+14 6.904831e+32
1.407389e+14 7.036985e+32
1.418299e+14 7.171668e+32
1.429293e+14 7.308928e+32
1.440372e+14 7.448816e+32
1.451538e+14 7.591381e+32
1.462789e+14 7.736675e+32
1.474129e+14 7.884749e+32
1.485556e+14 8.035658e+32
1.497071e+14 8.189455e+32
1.508676e+14 8.346195e+32
1.520371e+14 8.505936e+32
1.532156e+14 8.668733e+32
1.544033e+14 8.834647e+32
1.556002e+14 9.003736e+32
1.568063e+14 9.176061e+32
1.580219e+14 9.351684e+32
1.592468e+14 9.530669e+32
1.604812e+14 9.713080e+32
1.617252e+14 9.898981e+32
1.629789e+14 1.008844e+33
1.642422e+14 1.028153e+33
1.655154e+14 1.047831e+33
1.667984e+14 1.067886e+33
1.680914e+14 1.088324e+33
1.693944e+14 1.109154e+33
1.707075e+14 1.130382e+33
1.720307e+14 1.152017e+33
1.733643e+14 1.174066e+33
1.747081e+14 1.196537e+33
1.760624e+14 1.219437e+33
1.774272e+14 1.242777e+33
1.788026e+14 1.266563e+33
1.801886e+14 1.290804e+33
1.815854e+14 1.315509e+33
1.829929e+14 1.340687e+33
1.844114e+14 1.366346e+33
1.858409e+14 1.392497e+33
1.872815e+14 1.419149e+33
1.887333e+14 1.446310e+33
1.901963e+14 1.473992e+33
1.916706e+14 1.502203e+33
1.931564e+14 1.530954e+33
1.946537e+14 1.560255e+33
1.961626e+14 1.590118e+33
1.976832e+14 1.620551e+33
1.992155e+14 1.651568e+33
2.007598e+14 1.683177e+33
2.023160e+14 1.715392e+33
2.038843e+14 1.748224e+33
2.054648e+14 1.781683e+33
2.070575e+14 1.815784e+33
2.086625e+14 1.850536e+33
2.102800e+14 1.885954e+33
2.119100e+14 1.922050e+33
2.135527e+14 1.958837e+33
2.152081e+14 1.996328e+33
2.168763e+14 2.034536e+33
2.185575e+14 2.073476e+33
2.202517e+14 2.113161e+33
2.219590e+14 2.153605e+33
2.236795e+14 2.194823e+33
2.254134e+14 2.236831e+33
2.271608e+14 2.279642e+33
2.289217e+14 2.323273e+33
2.306962e+14 2.367739e+33
2.324845e+14 2.413056e+33
2.342866e+14 2.459240e+33
2.361027e+14 2.506308e+33
2.379329e+14 2.554277e+33
2.397773e+14 2.603164e+33
2.416360e+14 2.652987e+33
2.435091e+14 2.703763e+33
2.453967e+14 2.755511e+33
2.472989e+14 2.808250e+33
2.492159e+14 2.861998e+33
2.511478e+14 2.916774e+33
2.530946e+14 2.972599e+33
2.550565e+14 3.029493e+33
2.570336e+14 3.087475e+33
2.590260e+14 3.146567e+33
2.610339e+14 3.206791e+33
2.630574e+14 3.268166e+33
2.650965e+14 3.330717e+33
2.671515e+14 3.394464e+33
2.692224e+14 3.459432e+33
2.713093e+14 3.525643e+33
2.734124e+14 3.593121e+33
2.755318e+14 3.661891e+33
2.776676e+14 3.731977e+33
2.798200e+14 3.803405e+33
2.819891e+14 3.876199e+33
2.841750e+14 3.950387e+33
2.863778e+14 4.025995e+33
2.885977e+14 4.103049e+33
2.908349e+14 4.181579e+33
2.930893e+14 4.261611e+33
