# epsilon [g/cm^3]   P [dyn/cm^2]
1.364583e+14 6.576338e+32
1.375161e+14 6.720590e+32
1.385821e+14 6.868007e+32
1.396563e+14 7.018657e+32
1.407389e+14 7.172611e+32
1.418299e+14 7.329943e+32
1.429293e+14 7.490726e+32
1.440372e+14 7.655035e+32
1.451538e+14 7.822949e+32
1.462789e+14 7.994545e+32
1.474129e+14 8.169906e+32
1.485556e+14 8.349114e+32
1.497071e+14 8.532252e+32
1.508676e+14 8.719407e+32
1.520371e+14 8.910668e+32
1.532156e+14 9.106124e+32
1.544033e+14 9.305867e+32
1.556002e+14 9.509992e+32
1.568063e+14 9.718594e+32
1.580219e+14 9.931772e+32
1.592468e+14 1.014963e+33
1.604812e+14 1.037226e+33
1.617252e+14 1.059977e+33
1.629789e+14 1.083228e+33
1.642422e+14 1.106989e+33
1.655154e+14 1.131271e+33
1.667984e+14 1.156085e+33
1.680914e+14 1.181444e+33
1.693944e+14 1.207359e+33
1.707075e+14 1.233842e+33
1.720307e+14 1.260907e+33
1.733643e+14 1.288565e+33
1.747081e+14 1.316830e+33
1.760624e+14 1.345714e+33
1.774272e+14 1.375233e+33
1.788026e+14 1.405398e+33
1.801886e+14 1.436226e+33
1.815854e+14 1.467730e+33
1.829929e+14 1.499924e+33
1.844114e+14 1.532825e+33
1.858409e+14 1.566448e+33
1.872815e+14 1.600808e+33
1.887333e+14 1.635922e+33
1.901963e+14 1.671806e+33
1.916706e+14 1.708477e+33
1.931564e+14 1.745952e+33
1.946537e+14 1.784250e+33
1.961626e+14 1.823388e+33
1.976832e+14 1.863384e+33
1.992155e+14 1.904257e+33
2.007598e+14 1.946027e+33
2.023160e+14 1.988713e+33
2.038843e+14 2.032336e+33
2.054648e+14 2.076915e+33
2.070575e+14 2.122472e+33
2.086625e+14 2.169029e+33
2.102800e+14 2.216607e+33
2.119100e+14 2.265228e+33
2.135527e+14 2.314916e+33
2.152081e+14 2.365694e+33
2.168763e+14 2.417585e+33
2.185575e+14 2.470615e+33
2.202517e+14 2.524808e+33
2.219590e+14 2.580190e+33
2.236795e+14 2.636787e+33
2.254134e+14 2.694625e+33
2.271608e+14 2.753731e+33
2.289217e+14 2.814135e+33
2.306962e+14 2.875863e+33
2.324845e+14 2.938945e+33
2.342866e+14 3.003411e+33
2.361027e+14 3.069291e+33
2.379329e+14 3.136616e+33
2.397773e+14 3.205418e+33
2.416360e+14 3.275729e+33
2.435091e+14 3.347582e+33
2.453967e+14 3.421012e+33
2.472989e+14 3.496052e+33
2.492159e+14 3.572738e+33
2.511478e+14 3.651106e+33
2.530946e+14 3.731193e+33
2.550565e+14 3.813037e+33
2.570336e+14 3.896676e+33
2.590260e+14 3.982150e+33
2.610339e+14 4.069499e+33
2.630574e+14 4.158763e+33
2.650965e+14 4.249986e+33
2.671515e+14 4.343210e+33
2.692224e+14 4.438478e+33
2.713093e+14 4.535836e+33
2.734124e+14 4.635330e+33
2.755318e+14 4.737006e+33
2.776676e+14 4.840913e+33
2.798200e+14 4.947098e+33
2.819891e+14 5.055613e+33
2.841750e+14 5.166508e+33
2.863778e+14 5.279836e+33
2.885977e+14 5.395649e+33
2.908349e+14 5.514003e+33
2.930893e+14 5.634953e+33
