# epsilon [g/cm^3]   P [dyn/cm^2]
1.364583e+14 6.498170e+32
1.375161e+14 6.614011e+32
1.385821e+14 6.731918e+32
1.396563e+14 6.851927e+32
1.407389e+14 6.974075e+32
1.418299e+14 7.098400e+32
1.429293e+14 7.224942e+32
1.440372e+14 7.353740e+32
1.451538e+14 7.484833e+32
1.462789e+14 7.618264e+32
1.474129e+14 7.754073e+32
1.485556e+14 7.892304e+32
1.497071e+14 8.032998e+32
1.508676e+14 8.176201e+32
1.520371e+14 8.321957e+32
1.532156e+14 8.470311e+32
1.544033e+14 8.621309e+32
1.556002e+14 8.775000e+32
1.568063e+14 8.931430e+32
1.580219e+14 9.090649e+32
1.592468e+14 9.252706e+32
1.604812e+14 9.417652e+32
1.617252e+14 9.585539e+32
1.629789e+14 9.756419e+32
1.642422e+14 9.930344e+32
1.655154e+14 1.010737e+33
1.667984e+14 1.028755e+33
1.680914e+14 1.047095e+33
1.693944e+14 1.065761e+33
1.707075e+14 1.084760e+33
1.720307e+14 1.104098e+33
1.733643e+14 1.123781e+33
1.747081e+14 1.143814e+33
1.760624e+14 1.164205e+33
1.774272e+14 1.184959e+33
1.788026e+14 1.206083e+33
1.801886e+14 1.227583e+33
1.815854e+14 1.249467e+33
1.829929e+14 1.271741e+33
1.844114e+14 1.294412e+33
1.858409e+14 1.317487e+33
1.872815e+14 1.340974e+33
1.887333e+14 1.364879e+33
1.901963e+14 1.389211e+33
1.916706e+14 1.413976e+33
1.931564e+14 1.439183e+33
1.946537e+14 1.464839e+33
1.961626e+14 1.490952e+33
1.976832e+14 1.517531e+33
1.992155e+14 1.544584e+33
2.007598e+14 1.572119e+33
2.023160e+14 1.600145e+33
2.038843e+14 1.628670e+33
2.054648e+14 1.657704e+33
2.070575e+14 1.687256e+33
2.086625e+14 1.717334e+33
2.102800e+14 1.747949e+33
2.119100e+14 1.779109e+33
2.135527e+14 1.810825e+33
2.152081e+14 1.843106e+33
2.168763e+14 1.875963e+33
2.185575e+14 1.909405e+33
2.202517e+14 1.943444e+33
2.219590e+14 1.978089e+33
2.236795e+14 2.013352e+33
2.254134e+14 2.049244e+33
2.271608e+14 2.085775e+33
2.289217e+14 2.122958e+33
2.306962e+14 2.160804e+33
2.324845e+14 2.199324e+33
2.342866e+14 2.238531e+33
2.361027e+14 2.278437e+33
2.379329e+14 2.319054e+33
2.397773e+14 2.360395e+33
2.416360e+14 2.402473e+33
2.435091e+14 2.445302e+33
2.453967e+14 2.488894e+33
2.472989e+14 2.533263e+33
2.492159e+14 2.578423e+33
2.511478e+14 2.624388e+33
2.530946e+14 2.671172e+33
2.550565e+14 2.718791e+33
2.570336e+14 2.767258e+33
2.590260e+14 2.816590e+33
2.610339e+14 2.866800e+33
2.630574e+14 2.917906e+33
2.650965e+14 2.969923e+33
2.671515e+14 3.022868e+33
2.692224e+14 3.076756e+33
2.713093e+14 3.131604e+33
2.734124e+14 3.187431e+33
2.755318e+14 3.244253e+33
2.776676e+14 3.302087e+33
2.798200e+14 3.360953e+33
2.819891e+14 3.420868e+33
2.841750e+14 3.481851e+33
2.863778e+14 3.543921e+33
2.885977e+14 3.607098e+33
2.908349e+14 3.671401e+33
2.930893e+14 3.736851e+33
