# epsilon [g/cm^3]   P [dyn/cm^2]
1.364583e+14 6.613094e+32
1.375161e+14 6.770853e+32
1.385821e+14 6.932376e+32
1.396563e+14 7.097753e+32
1.407389e+14 7.267074e+32
1.418299e+14 7.440434e+32
1.429293e+14 7.617931e+32
1.440372e+14 7.799661e+32
1.451538e+14 7.985727e+32
1.462789e+14 8.176231e+32
1.474129e+14 8.371281e+32
1.485556e+14 8.570983e+32
1.497071e+14 8.775449e+32
1.508676e+14 8.984793e+32
1.520371e+14 9.199131e+32
1.532156e+14 9.418582e+32
1.544033e+14 9.643268e+32
1.556002e+14 9.873314e+32
1.568063e+14 1.010885e+33
1.580219e+14 1.035000e+33
1.592468e+14 1.059691e+33
1.604812e+14 1.084970e+33
1.617252e+14 1.110853e+33
1.629789e+14 1.137353e+33
1.642422e+14 1.164485e+33
1.655154e+14 1.192265e+33
1.667984e+14 1.220707e+33
1.680914e+14 1.249828e+33
1.693944e+14 1.279643e+33
1.707075e+14 1.310170e+33
1.720307e+14 1.341425e+33
1.733643e+14 1.373425e+33
1.747081e+14 1.406189e+33
1.760624e+14 1.439735e+33
1.774272e+14 1.474081e+33
1.788026e+14 1.509246e+33
1.801886e+14 1.545250e+33
1.815854e+14 1.582113e+33
1.829929e+14 1.619855e+33
1.844114e+14 1.658497e+33
1.858409e+14 1.698062e+33
1.872815e+14 1.738570e+33
1.887333e+14 1.780045e+33
1.901963e+14 1.822509e+33
1.916706e+14 1.865986e+33
1.931564e+14 1.910500e+33
1.946537e+14 1.956077e+33
1.961626e+14 2.002740e+33
1.976832e+14 2.050517e+33
1.992155e+14 2.099433e+33
2.007598e+14 2.149516e+33
2.023160e+14 2.200794e+33
2.038843e+14 2.253296e+33
2.054648e+14 2.307049e+33
2.070575e+14 2.362086e+33
2.086625e+14 2.418435e+33
2.102800e+14 2.476128e+33
2.119100e+14 2.535197e+33
2.135527e+14 2.595676e+33
2.152081e+14 2.657598e+33
2.168763e+14 2.720996e+33
2.185575e+14 2.785907e+33
2.202517e+14 2.852367e+33
2.219590e+14 2.920412e+33
2.236795e+14 2.990080e+33
2.254134e+14 3.061410e+33
2.271608e+14 3.134442e+33
2.289217e+14 3.209216e+33
2.306962e+14 3.285774e+33
2.324845e+14 3.364158e+33
2.342866e+14 3.444413e+33
2.361027e+14 3.526581e+33
2.379329e+14 3.610710e+33
2.397773e+14 3.696846e+33
2.416360e+14 3.785036e+33
2.435091e+14 3.875331e+33
2.453967e+14 3.967779e+33
2.472989e+14 4.062433e+33
2.492159e+14 4.159345e+33
2.511478e+14 4.258569e+33
2.530946e+14 4.360159e+33
2.550565e+14 4.464174e+33
2.570336e+14 4.570669e+33
2.590260e+14 4.679706e+33
2.610339e+14 4.791343e+33
2.630574e+14 4.905643e+33
2.650965e+14 5.022671e+33
2.671515e+14 5.142490e+33
2.692224e+14 5.265167e+33
2.713093e+14 5.390771e+33
2.734124e+14 5.519371e+33
2.755318e+14 5.651039e+33
2.776676e+14 5.785848e+33
2.798200e+14 5.923873e+33
2.819891e+14 6.065191e+33
2.841750e+14 6.209880e+33
2.863778e+14 6.358020e+33
2.885977e+14 6.509695e+33
2.908349e+14 6.664988e+33
2.930893e+14 6.823985e+33
