# epsilon [g/cm^3]   P [dyn/cm^2]
1.364583e+14 6.547150e+32
1.375161e+14 6.680744e+32
1.385821e+14 6.817064e+32
1.396563e+14 6.956165e+32
1.407389e+14 7.098104e+32
1.418299e+14 7.242940e+32
1.429293e+14 7.390731e+32
1.440372e+14 7.541538e+32
1.451538e+14 7.695422e+32
1.462789e+14 7.852446e+32
1.474129e+14 8.012674e+32
1.485556e+14 8.176172e+32
1.497071e+14 8.343005e+32
1.508676e+14 8.513243e+32
1.520371e+14 8.686955e+32
1.532156e+14 8.864211e+32
1.544033e+14 9.045084e+32
1.556002e+14 9.229647e+32
1.568063e+14 9.417977e+32
1.580219e+14 9.610149e+32
1.592468e+14 9.806243e+32
1.604812e+14 1.000634e+33
1.617252e+14 1.021052e+33
1.629789e+14 1.041886e+33
1.642422e+14 1.063146e+33
1.655154e+14 1.084839e+33
1.667984e+14 1.106975e+33
1.680914e+14 1.129563e+33
1.693944e+14 1.152611e+33
1.707075e+14 1.176130e+33
1.720307e+14 1.200129e+33
1.733643e+14 1.224617e+33
1.747081e+14 1.249605e+33
1.760624e+14 1.275103e+33
1.774272e+14 1.301122e+33
1.788026e+14 1.327671e+33
1.801886e+14 1.354762e+33
1.815854e+14 1.382406e+33
1.829929e+14 1.410613e+33
1.844114e+14 1.439397e+33
1.858409e+14 1.468767e+33
1.872815e+14 1.498737e+33
1.887333e+14 1.529319e+33
1.901963e+14 1.560524e+33
1.916706e+14 1.592367e+33
1.931564e+14 1.624859e+33
1.946537e+14 1.658014e+33
1.961626e+14 1.691845e+33
1.976832e+14 1.726367e+33
1.992155e+14 1.761593e+33
2.007598e+14 1.797538e+33
2.023160e+14 1.834217e+33
2.038843e+14 1.871644e+33
2.054648e+14 1.909835e+33
2.070575e+14 1.948804e+33
2.086625e+14 1.988570e+33
2.102800e+14 2.029146e+33
2.119100e+14 2.070550e+33
2.135527e+14 2.112800e+33
2.152081e+14 2.155911e+33
2.168763e+14 2.199902e+33
2.185575e+14 2.244791e+33
2.202517e+14 2.290595e+33
2.219590e+14 2.337335e+33
2.236795e+14 2.385028e+33
2.254134e+14 2.433694e+33
2.271608e+14 2.483353e+33
2.289217e+14 2.534026e+33
2.306962e+14 2.585732e+33
2.324845e+14 2.638493e+33
2.342866e+14 2.692332e+33
2.361027e+14 2.747268e+33
2.379329e+14 2.803326e+33
2.397773e+14 2.860527e+33
2.416360e+14 2.918896e+33
2.435091e+14 2.978456e+33
2.453967e+14 3.039231e+33
2.472989e+14 3.101246e+33
2.492159e+14 3.164526e+33
2.511478e+14 3.229098e+33
2.530946e+14 3.294987e+33
2.550565e+14 3.362221e+33
2.570336e+14 3.430826e+33
2.590260e+14 3.500832e+33
2.610339e+14 3.572266e+33
2.630574e+14 3.645158e+33
2.650965e+14 3.719536e+33
2.671515e+14 3.795433e+33
2.692224e+14 3.872878e+33
2.713093e+14 3.951904e+33
2.734124e+14 4.032542e+33
2.755318e+14 4.114825e+33
2.776676e+14 4.198788e+33
2.798200e+14 4.284464e+33
2.819891e+14 4.371887e+33
2.841750e+14 4.461095e+33
2.863778e+14 4.552123e+33
2.885977e+14 4.645009e+33
2.908349e+14 4.739789e+33
2.930893e+14 4.836504e+33
