# epsilon [g/cm^3]   P [dyn/cm^2]
1.364583e+14 6.523873e+32
1.375161e+14 6.649009e+32
1.385821e+14 6.776545e+32
1.396563e+14 6.906528e+32
1.407389e+14 7.039004e+32
1.418299e+14 7.174021e+32
1.429293e+14 7.311628e+32
1.440372e+14 7.451874e+32
1.451538e+14 7.594811e+32
1.462789e+14 7.740489e+32
1.474129e+14 7.888961e+32
1.485556e+14 8.040281e+32
1.497071e+14 8.194504e+32
1.508676e+14 8.351685e+32
1.520371e+14 8.511881e+32
1.532156e+14 8.675150e+32
1.544033e+14 8.841550e+32
1.556002e+14 9.011142e+32
1.568063e+14 9.183987e+32
1.580219e+14 9.360148e+32
1.592468e+14 9.539687e+32
1.604812e+14 9.722671e+32
1.617252e+14 9.909164e+32
1.629789e+14 1.009923e+33
1.642422e+14 1.029295e+33
1.655154e+14 1.049038e+33
1.667984e+14 1.069160e+33
1.680914e+14 1.089668e+33
1.693944e+14 1.110569e+33
1.707075e+14 1.131871e+33
1.720307e+14 1.153582e+33
1.733643e+14 1.175709e+33
1.747081e+14 1.198261e+33
1.760624e+14 1.221245e+33
1.774272e+14 1.244670e+33
1.788026e+14 1.268544e+33
1.801886e+14 1.292877e+33
1.815854e+14 1.317676e+33
1.829929e+14 1.342950e+33
1.844114e+14 1.368710e+33
1.858409e+14 1.394963e+33
1.872815e+14 1.421721e+33
1.887333e+14 1.448991e+33
1.901963e+14 1.476784e+33
1.916706e+14 1.505111e+33
1.931564e+14 1.533981e+33
1.946537e+14 1.563405e+33
1.961626e+14 1.593393e+33
1.976832e+14 1.623956e+33
1.992155e+14 1.655106e+33
2.007598e+14 1.686853e+33
2.023160e+14 1.719209e+33
2.038843e+14 1.752185e+33
2.054648e+14 1.785794e+33
2.070575e+14 1.820048e+33
2.086625e+14 1.854959e+33
2.102800e+14 1.890539e+33
2.119100e+14 1.926802e+33
2.135527e+14 1.963761e+33
2.152081e+14 2.001428e+33
2.168763e+14 2.039818e+33
2.185575e+14 2.078944e+33
2.202517e+14 2.118821e+33
2.219590e+14 2.159463e+33
2.236795e+14 2.200884e+33
2.254134e+14 2.243100e+33
2.271608e+14 2.286125e+33
2.289217e+14 2.329976e+33
2.306962e+14 2.374668e+33
2.324845e+14 2.420217e+33
2.342866e+14 2.466640e+33
2.361027e+14 2.513953e+33
2.379329e+14 2.562174e+33
2.397773e+14 2.611320e+33
2.416360e+14 2.661408e+33
2.435091e+14 2.712458e+33
2.453967e+14 2.764486e+33
2.472989e+14 2.817512e+33
2.492159e+14 2.871556e+33
2.511478e+14 2.926636e+33
2.530946e+14 2.982772e+33
2.550565e+14 3.039986e+33
2.570336e+14 3.098297e+33
2.590260e+14 3.157726e+33
2.610339e+14 3.218295e+33
2.630574e+14 3.280026e+33
2.650965e+14 3.342941e+33
2.671515e+14 3.407063e+33
2.692224e+14 3.472415e+33
2.713093e+14 3.539020e+33
2.734124e+14 3.606903e+33
2.755318e+14 3.676088e+33
2.776676e+14 3.746600e+33
2.798200e+14 3.818464e+33
2.819891e+14 3.891707e+33
2.841750e+14 3.966355e+33
2.863778e+14 4.042435e+33
2.885977e+14 4.119974e+33
2.908349e+14 4.199000e+33
2.930893e+14 4.279542e+33
