# epsilon [g/cm^3]   P [dyn/cm^2]
1.364583e+14 6.607070e+32
1.375161e+14 6.762609e+32
1.385821e+14 6.921810e+32
1.396563e+14 7.084759e+32
1.407389e+14 7.251544e+32
1.418299e+14 7.422255e+32
1.429293e+14 7.596984e+32
1.440372e+14 7.775828e+32
1.451538e+14 7.958881e+32
1.462789e+14 8.146244e+32
1.474129e+14 8.338017e+32
1.485556e+14 8.534305e+32
1.497071e+14 8.735214e+32
1.508676e+14 8.940853e+32
1.520371e+14 9.151333e+32
1.532156e+14 9.366768e+32
1.544033e+14 9.587274e+32
1.556002e+14 9.812971e+32
1.568063e+14 1.004398e+33
1.580219e+14 1.028043e+33
1.592468e+14 1.052245e+33
1.604812e+14 1.077016e+33
1.617252e+14 1.102370e+33
1.629789e+14 1.128321e+33
1.642422e+14 1.154884e+33
1.655154e+14 1.182071e+33
1.667984e+14 1.209899e+33
1.680914e+14 1.238381e+33
1.693944e+14 1.267535e+33
1.707075e+14 1.297374e+33
1.720307e+14 1.327916e+33
1.733643e+14 1.359177e+33
1.747081e+14 1.391174e+33
1.760624e+14 1.423924e+33
1.774272e+14 1.457445e+33
1.788026e+14 1.491755e+33
1.801886e+14 1.526873e+33
1.815854e+14 1.562818e+33
1.829929e+14 1.599608e+33
1.844114e+14 1.637265e+33
1.858409e+14 1.675809e+33
1.872815e+14 1.715260e+33
1.887333e+14 1.755639e+33
1.901963e+14 1.796969e+33
1.916706e+14 1.839272e+33
1.931564e+14 1.882571e+33
1.946537e+14 1.926890e+33
1.961626e+14 1.972251e+33
1.976832e+14 2.018681e+33
1.992155e+14 2.066203e+33
2.007598e+14 2.114844e+33
2.023160e+14 2.164630e+33
2.038843e+14 2.215589e+33
2.054648e+14 2.267747e+33
2.070575e+14 2.321132e+33
2.086625e+14 2.375775e+33
2.102800e+14 2.431704e+33
2.119100e+14 2.488950e+33
2.135527e+14 2.547543e+33
2.152081e+14 2.607515e+33
2.168763e+14 2.668900e+33
2.185575e+14 2.731729e+33
2.202517e+14 2.796038e+33
2.219590e+14 2.861860e+33
2.236795e+14 2.929232e+33
2.254134e+14 2.998190e+33
2.271608e+14 3.068772e+33
2.289217e+14 3.141015e+33
2.306962e+14 3.214959e+33
2.324845e+14 3.290643e+33
2.342866e+14 3.368109e+33
2.361027e+14 3.447399e+33
2.379329e+14 3.528555e+33
2.397773e+14 3.611622e+33
2.416360e+14 3.696645e+33
2.435091e+14 3.783669e+33
2.453967e+14 3.872741e+33
2.472989e+14 3.963911e+33
2.492159e+14 4.057227e+33
2.511478e+14 4.152739e+33
2.530946e+14 4.250500e+33
2.550565e+14 4.350563e+33
2.570336e+14 4.452981e+33
2.590260e+14 4.557810e+33
2.610339e+14 4.665107e+33
2.630574e+14 4.774930e+33
2.650965e+14 4.887338e+33
2.671515e+14 5.002393e+33
2.692224e+14 5.120156e+33
2.713093e+14 5.240691e+33
2.734124e+14 5.364064e+33
2.755318e+14 5.490341e+33
2.776676e+14 5.619591e+33
2.798200e+14 5.751884e+33
2.819891e+14 5.887291e+33
2.841750e+14 6.025886e+33
2.863778e+14 6.167743e+33
2.885977e+14 6.312940e+33
2.908349e+14 6.461555e+33
2.930893e+14 6.613669e+33
