# epsilon [g/cm^3]   P [dyn/cm^2]
1.364583e+14 6.599773e+32
1.375161e+14 6.752627e+32
1.385821e+14 6.909020e+32
1.396563e+14 7.069036e+32
1.407389e+14 7.232758e+32
1.418299e+14 7.400271e+32
1.429293e+14 7.571664e+32
1.440372e+14 7.747027e+32
1.451538e+14 7.926452e+32
1.462789e+14 8.110031e+32
1.474129e+14 8.297863e+32
1.485556e+14 8.490045e+32
1.497071e+14 8.686678e+32
1.508676e+14 8.887865e+32
1.520371e+14 9.093711e+32
1.532156e+14 9.304325e+32
1.544033e+14 9.519817e+32
1.556002e+14 9.740300e+32
1.568063e+14 9.965890e+32
1.580219e+14 1.019670e+33
1.592468e+14 1.043286e+33
1.604812e+14 1.067449e+33
1.617252e+14 1.092172e+33
1.629789e+14 1.117467e+33
1.642422e+14 1.143348e+33
1.655154e+14 1.169828e+33
1.667984e+14 1.196922e+33
1.680914e+14 1.224643e+33
1.693944e+14 1.253007e+33
1.707075e+14 1.282027e+33
1.720307e+14 1.311719e+33
1.733643e+14 1.342099e+33
1.747081e+14 1.373182e+33
1.760624e+14 1.404986e+33
1.774272e+14 1.437526e+33
1.788026e+14 1.470820e+33
1.801886e+14 1.504884e+33
1.815854e+14 1.539738e+33
1.829929e+14 1.575399e+33
1.844114e+14 1.611886e+33
1.858409e+14 1.649218e+33
1.872815e+14 1.687414e+33
1.887333e+14 1.726496e+33
1.901963e+14 1.766482e+33
1.916706e+14 1.807394e+33
1.931564e+14 1.849254e+33
1.946537e+14 1.892084e+33
1.961626e+14 1.935905e+33
1.976832e+14 1.980742e+33
1.992155e+14 2.026616e+33
2.007598e+14 2.073554e+33
2.023160e+14 2.121578e+33
2.038843e+14 2.170715e+33
2.054648e+14 2.220989e+33
2.070575e+14 2.272428e+33
2.086625e+14 2.325059e+33
2.102800e+14 2.378908e+33
2.119100e+14 2.434005e+33
2.135527e+14 2.490377e+33
2.152081e+14 2.548055e+33
2.168763e+14 2.607069e+33
2.185575e+14 2.667450e+33
2.202517e+14 2.729229e+33
2.219590e+14 2.792439e+33
2.236795e+14 2.857113e+33
2.254134e+14 2.923285e+33
2.271608e+14 2.990990e+33
2.289217e+14 3.060262e+33
2.306962e+14 3.131139e+33
2.324845e+14 3.203658e+33
2.342866e+14 3.277856e+33
2.361027e+14 3.353772e+33
2.379329e+14 3.431447e+33
2.397773e+14 3.510920e+33
2.416360e+14 3.592235e+33
2.435091e+14 3.675432e+33
2.453967e+14 3.760557e+33
2.472989e+14 3.847653e+33
2.492159e+14 3.936766e+33
2.511478e+14 4.027943e+33
2.530946e+14 4.121232e+33
2.550565e+14 4.216682e+33
2.570336e+14 4.314342e+33
2.590260e+14 4.414264e+33
2.610339e+14 4.516500e+33
2.630574e+14 4.621104e+33
2.650965e+14 4.728130e+33
2.671515e+14 4.837636e+33
2.692224e+14 4.949677e+33
2.713093e+14 5.064314e+33
2.734124e+14 5.181605e+33
2.755318e+14 5.301613e+33
2.776676e+14 5.424401e+33
2.798200e+14 5.550032e+33
2.819891e+14 5.678573e+33
2.841750e+14 5.810091e+33
2.863778e+14 5.944655e+33
2.885977e+14 6.082336e+33
2.908349e+14 6.223205e+33
2.930893e+14 6.367337e+33
