# epsilon [g/cm^3]   P [dyn/cm^2]
1.364583e+14 6.539683e+32
1.375161e+14 6.670559e+32
1.385821e+14 6.804054e+32
1.396563e+14 6.940221e+32
1.407389e+14 7.079113e+32
1.418299e+14 7.220785e+32
1.429293e+14 7.365292e+32
1.440372e+14 7.512691e+32
1.451538e+14 7.663040e+32
1.462789e+14 7.816397e+32
1.474129e+14 7.972824e+32
1.485556e+14 8.132381e+32
1.497071e+14 8.295131e+32
1.508676e+14 8.461139e+32
1.520371e+14 8.630468e+32
1.532156e+14 8.803187e+32
1.544033e+14 8.979362e+32
1.556002e+14 9.159062e+32
1.568063e+14 9.342359e+32
1.580219e+14 9.529324e+32
1.592468e+14 9.720031e+32
1.604812e+14 9.914555e+32
1.617252e+14 1.011297e+33
1.629789e+14 1.031536e+33
1.642422e+14 1.052180e+33
1.655154e+14 1.073236e+33
1.667984e+14 1.094715e+33
1.680914e+14 1.116623e+33
1.693944e+14 1.138969e+33
1.707075e+14 1.161763e+33
1.720307e+14 1.185013e+33
1.733643e+14 1.208728e+33
1.747081e+14 1.232918e+33
1.760624e+14 1.257592e+33
1.774272e+14 1.282760e+33
1.788026e+14 1.308431e+33
1.801886e+14 1.334616e+33
1.815854e+14 1.361326e+33
1.829929e+14 1.388569e+33
1.844114e+14 1.416358e+33
1.858409e+14 1.444703e+33
1.872815e+14 1.473616e+33
1.887333e+14 1.503106e+33
1.901963e+14 1.533188e+33
1.916706e+14 1.563871e+33
1.931564e+14 1.595168e+33
1.946537e+14 1.627091e+33
1.961626e+14 1.659654e+33
1.976832e+14 1.692868e+33
1.992155e+14 1.726747e+33
2.007598e+14 1.761303e+33
2.023160e+14 1.796552e+33
2.038843e+14 1.832505e+33
2.054648e+14 1.869179e+33
2.070575e+14 1.906586e+33
2.086625e+14 1.944742e+33
2.102800e+14 1.983661e+33
2.119100e+14 2.023359e+33
2.135527e+14 2.063852e+33
2.152081e+14 2.105155e+33
2.168763e+14 2.147285e+33
2.185575e+14 2.190258e+33
2.202517e+14 2.234090e+33
2.219590e+14 2.278800e+33
2.236795e+14 2.324405e+33
2.254134e+14 2.370923e+33
2.271608e+14 2.418371e+33
2.289217e+14 2.466769e+33
2.306962e+14 2.516136e+33
2.324845e+14 2.566490e+33
2.342866e+14 2.617852e+33
2.361027e+14 2.670242e+33
2.379329e+14 2.723681e+33
2.397773e+14 2.778189e+33
2.416360e+14 2.833788e+33
2.435091e+14 2.890499e+33
2.453967e+14 2.948346e+33
2.472989e+14 3.007350e+33
2.492159e+14 3.067535e+33
2.511478e+14 3.128925e+33
2.530946e+14 3.191543e+33
2.550565e+14 3.255414e+33
2.570336e+14 3.320563e+33
2.590260e+14 3.387016e+33
2.610339e+14 3.454799e+33
2.630574e+14 3.523939e+33
2.650965e+14 3.594462e+33
2.671515e+14 3.666397e+33
2.692224e+14 3.739771e+33
2.713093e+14 3.814614e+33
2.734124e+14 3.890954e+33
2.755318e+14 3.968823e+33
2.776676e+14 4.048249e+33
2.798200e+14 4.129265e+33
2.819891e+14 4.211903e+33
2.841750e+14 4.296194e+33
2.863778e+14 4.382172e+33
2.885977e+14 4.469871e+33
2.908349e+14 4.559325e+33
2.930893e+14 4.650569e+33
