# epsilon [g/cm^3]   P [dyn/cm^2]
1.364583e+14 6.534021e+32
1.375161e+14 6.662839e+32
1.385821e+14 6.794198e+32
1.396563e+14 6.928146e+32
1.407389e+14 7.064735e+32
1.418299e+14 7.204016e+32
1.429293e+14 7.346044e+32
1.440372e+14 7.490872e+32
1.451538e+14 7.638555e+32
1.462789e+14 7.789149e+32
1.474129e+14 7.942713e+32
1.485556e+14 8.099304e+32
1.497071e+14 8.258982e+32
1.508676e+14 8.421809e+32
1.520371e+14 8.587845e+32
1.532156e+14 8.757155e+32
1.544033e+14 8.929803e+32
1.556002e+14 9.105854e+32
1.568063e+14 9.285377e+32
1.580219e+14 9.468439e+32
1.592468e+14 9.655110e+32
1.604812e+14 9.845461e+32
1.617252e+14 1.003956e+33
1.629789e+14 1.023750e+33
1.642422e+14 1.043933e+33
1.655154e+14 1.064514e+33
1.667984e+14 1.085501e+33
1.680914e+14 1.106902e+33
1.693944e+14 1.128724e+33
1.707075e+14 1.150977e+33
1.720307e+14 1.173669e+33
1.733643e+14 1.196808e+33
1.747081e+14 1.220403e+33
1.760624e+14 1.244463e+33
1.774272e+14 1.268998e+33
1.788026e+14 1.294016e+33
1.801886e+14 1.319528e+33
1.815854e+14 1.345542e+33
1.829929e+14 1.372070e+33
1.844114e+14 1.399120e+33
1.858409e+14 1.426704e+33
1.872815e+14 1.454832e+33
1.887333e+14 1.483514e+33
1.901963e+14 1.512761e+33
1.916706e+14 1.542585e+33
1.931564e+14 1.572998e+33
1.946537e+14 1.604009e+33
1.961626e+14 1.635633e+33
1.976832e+14 1.667879e+33
1.992155e+14 1.700761e+33
2.007598e+14 1.734292e+33
2.023160e+14 1.768484e+33
2.038843e+14 1.803350e+33
2.054648e+14 1.838903e+33
2.070575e+14 1.875157e+33
2.086625e+14 1.912126e+33
2.102800e+14 1.949823e+33
2.119100e+14 1.988264e+33
2.135527e+14 2.027463e+33
2.152081e+14 2.067434e+33
2.168763e+14 2.108194e+33
2.185575e+14 2.149757e+33
2.202517e+14 2.192140e+33
2.219590e+14 2.235358e+33
2.236795e+14 2.279428e+33
2.254134e+14 2.324367e+33
2.271608e+14 2.370192e+33
2.289217e+14 2.416921e+33
2.306962e+14 2.464571e+33
2.324845e+14 2.513160e+33
2.342866e+14 2.562707e+33
2.361027e+14 2.613231e+33
2.379329e+14 2.664751e+33
2.397773e+14 2.717286e+33
2.416360e+14 2.770858e+33
2.435091e+14 2.825486e+33
2.453967e+14 2.881190e+33
2.472989e+14 2.937993e+33
2.492159e+14 2.995916e+33
2.511478e+14 3.054980e+33
2.530946e+14 3.115210e+33
2.550565e+14 3.176626e+33
2.570336e+14 3.239254e+33
2.590260e+14 3.303116e+33
2.610339e+14 3.368237e+33
2.630574e+14 3.434642e+33
2.650965e+14 3.502356e+33
2.671515e+14 3.571405e+33
2.692224e+14 3.641816e+33
2.713093e+14 3.713614e+33
2.734124e+14 3.786828e+33
2.755318e+14 3.861486e+33
2.776676e+14 3.937615e+33
2.798200e+14 4.015246e+33
2.819891e+14 4.094406e+33
2.841750e+14 4.175128e+33
2.863778e+14 4.257441e+33
2.885977e+14 4.341377e+33
2.908349e+14 4.426967e+33
2.930893e+14 4.514245e+33
