# epsilon [g/cm^3]   P [dyn/cm^2]
1.364583e+14 6.523139e+32
1.375161e+14 6.648009e+32
1.385821e+14 6.775270e+32
1.396563e+14 6.904967e+32
1.407389e+14 7.037146e+32
1.418299e+14 7.171856e+32
1.429293e+14 7.309144e+32
1.440372e+14 7.449060e+32
1.451538e+14 7.591655e+32
1.462789e+14 7.736980e+32
1.474129e+14 7.885086e+32
1.485556e+14 8.036028e+32
1.497071e+14 8.189859e+32
1.508676e+14 8.346634e+32
1.520371e+14 8.506411e+32
1.532156e+14 8.669246e+32
1.544033e+14 8.835199e+32
1.556002e+14 9.004328e+32
1.568063e+14 9.176695e+32
1.580219e+14 9.352361e+32
1.592468e+14 9.531390e+32
1.604812e+14 9.713846e+32
1.617252e+14 9.899795e+32
1.629789e+14 1.008930e+33
1.642422e+14 1.028244e+33
1.655154e+14 1.047927e+33
1.667984e+14 1.067987e+33
1.680914e+14 1.088431e+33
1.693944e+14 1.109267e+33
1.707075e+14 1.130501e+33
1.720307e+14 1.152142e+33
1.733643e+14 1.174197e+33
1.747081e+14 1.196674e+33
1.760624e+14 1.219582e+33
1.774272e+14 1.242928e+33
1.788026e+14 1.266721e+33
1.801886e+14 1.290969e+33
1.815854e+14 1.315682e+33
1.829929e+14 1.340868e+33
1.844114e+14 1.366535e+33
1.858409e+14 1.392694e+33
1.872815e+14 1.419354e+33
1.887333e+14 1.446525e+33
1.901963e+14 1.474215e+33
1.916706e+14 1.502435e+33
1.931564e+14 1.531196e+33
1.946537e+14 1.560507e+33
1.961626e+14 1.590379e+33
1.976832e+14 1.620823e+33
1.992155e+14 1.651850e+33
2.007598e+14 1.683471e+33
2.023160e+14 1.715697e+33
2.038843e+14 1.748540e+33
2.054648e+14 1.782012e+33
2.070575e+14 1.816124e+33
2.086625e+14 1.850890e+33
2.102800e+14 1.886321e+33
2.119100e+14 1.922430e+33
2.135527e+14 1.959230e+33
2.152081e+14 1.996735e+33
2.168763e+14 2.034958e+33
2.185575e+14 2.073912e+33
2.202517e+14 2.113613e+33
2.219590e+14 2.154073e+33
2.236795e+14 2.195307e+33
2.254134e+14 2.237331e+33
2.271608e+14 2.280160e+33
2.289217e+14 2.323808e+33
2.306962e+14 2.368292e+33
2.324845e+14 2.413628e+33
2.342866e+14 2.459831e+33
2.361027e+14 2.506918e+33
2.379329e+14 2.554908e+33
2.397773e+14 2.603815e+33
2.416360e+14 2.653659e+33
2.435091e+14 2.704457e+33
2.453967e+14 2.756228e+33
2.472989e+14 2.808989e+33
2.492159e+14 2.862761e+33
2.511478e+14 2.917562e+33
2.530946e+14 2.973412e+33
2.550565e+14 3.030331e+33
2.570336e+14 3.088339e+33
2.590260e+14 3.147458e+33
2.610339e+14 3.207709e+33
2.630574e+14 3.269113e+33
2.650965e+14 3.331692e+33
2.671515e+14 3.395470e+33
2.692224e+14 3.460468e+33
2.713093e+14 3.526711e+33
2.734124e+14 3.594221e+33
2.755318e+14 3.663024e+33
2.776676e+14 3.733144e+33
2.798200e+14 3.804607e+33
2.819891e+14 3.877437e+33
2.841750e+14 3.951661e+33
2.863778e+14 4.027307e+33
2.885977e+14 4.104400e+33
2.908349e+14 4.182969e+33
2.930893e+14 4.263042e+33
