# epsilon [g/cm^3]   P [dyn/cm^2]
1.364583e+14 6.453069e+32
1.375161e+14 6.552715e+32
1.385821e+14 6.653899e+32
1.396563e+14 6.756646e+32
1.407389e+14 6.860979e+32
1.418299e+14 6.966923e+32
1.429293e+14 7.074504e+32
1.440372e+14 7.183745e+32
1.451538e+14 7.294673e+32
1.462789e+14 7.407315e+32
1.474129e+14 7.521695e+32
1.485556e+14 7.637842e+32
1.497071e+14 7.755782e+32
1.508676e+14 7.875544e+32
1.520371e+14 7.997155e+32
1.532156e+14 8.120643e+32
1.544033e+14 8.246039e+32
1.556002e+14 8.373371e+32
1.568063e+14 8.502669e+32
1.580219e+14 8.633963e+32
1.592468e+14 8.767285e+32
1.604812e+14 8.902666e+32
1.617252e+14 9.040137e+32
1.629789e+14 9.179731e+32
1.642422e+14 9.321480e+32
1.655154e+14 9.465419e+32
1.667984e+14 9.611580e+32
1.680914e+14 9.759997e+32
1.693944e+14 9.910707e+32
1.707075e+14 1.006374e+33
1.720307e+14 1.021914e+33
1.733643e+14 1.037694e+33
1.747081e+14 1.053718e+33
1.760624e+14 1.069989e+33
1.774272e+14 1.086511e+33
1.788026e+14 1.103289e+33
1.801886e+14 1.120325e+33
1.815854e+14 1.137625e+33
1.829929e+14 1.155192e+33
1.844114e+14 1.173030e+33
1.858409e+14 1.191143e+33
1.872815e+14 1.209536e+33
1.887333e+14 1.228213e+33
1.901963e+14 1.247179e+33
1.916706e+14 1.266437e+33
1.931564e+14 1.285993e+33
1.946537e+14 1.305851e+33
1.961626e+14 1.326015e+33
1.976832e+14 1.346491e+33
1.992155e+14 1.367283e+33
2.007598e+14 1.388396e+33
2.023160e+14 1.409835e+33
2.038843e+14 1.431605e+33
2.054648e+14 1.453711e+33
2.070575e+14 1.476159e+33
2.086625e+14 1.498953e+33
2.102800e+14 1.522099e+33
2.119100e+14 1.545603e+33
2.135527e+14 1.569469e+33
2.152081e+14 1.593704e+33
2.168763e+14 1.618314e+33
2.185575e+14 1.643303e+33
2.202517e+14 1.668678e+33
2.219590e+14 1.694445e+33
2.236795e+14 1.720610e+33
2.254134e+14 1.747179e+33
2.271608e+14 1.774158e+33
2.289217e+14 1.801554e+33
2.306962e+14 1.829373e+33
2.324845e+14 1.857621e+33
2.342866e+14 1.886306e+33
2.361027e+14 1.915433e+33
2.379329e+14 1.945011e+33
2.397773e+14 1.975045e+33
2.416360e+14 2.005542e+33
2.435091e+14 2.036511e+33
2.453967e+14 2.067958e+33
2.472989e+14 2.099891e+33
2.492159e+14 2.132316e+33
2.511478e+14 2.165243e+33
2.530946e+14 2.198677e+33
2.550565e+14 2.232628e+33
2.570336e+14 2.267104e+33
2.590260e+14 2.302111e+33
2.610339e+14 2.337660e+33
2.630574e+14 2.373757e+33
2.650965e+14 2.410411e+33
2.671515e+14 2.447632e+33
2.692224e+14 2.485427e+33
2.713093e+14 2.523806e+33
2.734124e+14 2.562777e+33
2.755318e+14 2.602351e+33
2.776676e+14 2.642535e+33
2.798200e+14 2.683340e+33
2.819891e+14 2.724775e+33
2.841750e+14 2.766850e+33
2.863778e+14 2.809574e+33
2.885977e+14 2.852959e+33
2.908349e+14 2.897013e+33
2.930893e+14 2.941747e+33
