# epsilon [g/cm^3]   P [dyn/cm^2]
1.364583e+14 6.527170e+32
1.375161e+14 6.653502e+32
1.385821e+14 6.782279e+32
1.396563e+14 6.913549e+32
1.407389e+14 7.047359e+32
1.418299e+14 7.183759e+32
1.429293e+14 7.322799e+32
1.440372e+14 7.464530e+32
1.451538e+14 7.609004e+32
1.462789e+14 7.756275e+32
1.474129e+14 7.906396e+32
1.485556e+14 8.059423e+32
1.497071e+14 8.215411e+32
1.508676e+14 8.374418e+32
1.520371e+14 8.536503e+32
1.532156e+14 8.701725e+32
1.544033e+14 8.870145e+32
1.556002e+14 9.041825e+32
1.568063e+14 9.216828e+32
1.580219e+14 9.395217e+32
1.592468e+14 9.577060e+32
1.604812e+14 9.762421e+32
1.617252e+14 9.951371e+32
1.629789e+14 1.014398e+33
1.642422e+14 1.034031e+33
1.655154e+14 1.054045e+33
1.667984e+14 1.074445e+33
1.680914e+14 1.095241e+33
1.693944e+14 1.116439e+33
1.707075e+14 1.138048e+33
1.720307e+14 1.160074e+33
1.733643e+14 1.182527e+33
1.747081e+14 1.205415e+33
1.760624e+14 1.228745e+33
1.774272e+14 1.252527e+33
1.788026e+14 1.276770e+33
1.801886e+14 1.301481e+33
1.815854e+14 1.326671e+33
1.829929e+14 1.352349e+33
1.844114e+14 1.378523e+33
1.858409e+14 1.405204e+33
1.872815e+14 1.432402e+33
1.887333e+14 1.460125e+33
1.901963e+14 1.488386e+33
1.916706e+14 1.517193e+33
1.931564e+14 1.546558e+33
1.946537e+14 1.576491e+33
1.961626e+14 1.607004e+33
1.976832e+14 1.638107e+33
1.992155e+14 1.669812e+33
2.007598e+14 1.702131e+33
2.023160e+14 1.735076e+33
2.038843e+14 1.768658e+33
2.054648e+14 1.802890e+33
2.070575e+14 1.837784e+33
2.086625e+14 1.873354e+33
2.102800e+14 1.909612e+33
2.119100e+14 1.946573e+33
2.135527e+14 1.984248e+33
2.152081e+14 2.022653e+33
2.168763e+14 2.061801e+33
2.185575e+14 2.101706e+33
2.202517e+14 2.142384e+33
2.219590e+14 2.183850e+33
2.236795e+14 2.226118e+33
2.254134e+14 2.269204e+33
2.271608e+14 2.313124e+33
2.289217e+14 2.357894e+33
2.306962e+14 2.403530e+33
2.324845e+14 2.450050e+33
2.342866e+14 2.497470e+33
2.361027e+14 2.545808e+33
2.379329e+14 2.595082e+33
2.397773e+14 2.645309e+33
2.416360e+14 2.696508e+33
2.435091e+14 2.748699e+33
2.453967e+14 2.801899e+33
2.472989e+14 2.856129e+33
2.492159e+14 2.911409e+33
2.511478e+14 2.967759e+33
2.530946e+14 3.025199e+33
2.550565e+14 3.083751e+33
2.570336e+14 3.143436e+33
2.590260e+14 3.204277e+33
2.610339e+14 3.266295e+33
2.630574e+14 3.329513e+33
2.650965e+14 3.393955e+33
2.671515e+14 3.459644e+33
2.692224e+14 3.526605e+33
2.713093e+14 3.594862e+33
2.734124e+14 3.664439e+33
2.755318e+14 3.735364e+33
2.776676e+14 3.807661e+33
2.798200e+14 3.881357e+33
2.819891e+14 3.956480e+33
2.841750e+14 4.033057e+33
2.863778e+14 4.111116e+33
2.885977e+14 4.190686e+33
2.908349e+14 4.271796e+33
2.930893e+14 4.354475e+33
