# epsilon [g/cm^3]   P [dyn/cm^2]
1.364583e+14 6.460240e+32
1.375161e+14 6.562451e+32
1.385821e+14 6.666279e+32
1.396563e+14 6.771749e+32
1.407389e+14 6.878889e+32
1.418299e+14 6.987723e+32
1.429293e+14 7.098280e+32
1.440372e+14 7.210586e+32
1.451538e+14 7.324668e+32
1.462789e+14 7.440556e+32
1.474129e+14 7.558276e+32
1.485556e+14 7.677860e+32
1.497071e+14 7.799336e+32
1.508676e+14 7.922733e+32
1.520371e+14 8.048083e+32
1.532156e+14 8.175416e+32
1.544033e+14 8.304763e+32
1.556002e+14 8.436157e+32
1.568063e+14 8.569630e+32
1.580219e+14 8.705215e+32
1.592468e+14 8.842945e+32
1.604812e+14 8.982854e+32
1.617252e+14 9.124976e+32
1.629789e+14 9.269347e+32
1.642422e+14 9.416003e+32
1.655154e+14 9.564978e+32
1.667984e+14 9.716311e+32
1.680914e+14 9.870038e+32
1.693944e+14 1.002620e+33
1.707075e+14 1.018483e+33
1.720307e+14 1.034597e+33
1.733643e+14 1.050966e+33
1.747081e+14 1.067593e+33
1.760624e+14 1.084484e+33
1.774272e+14 1.101643e+33
1.788026e+14 1.119072e+33
1.801886e+14 1.136778e+33
1.815854e+14 1.154763e+33
1.829929e+14 1.173033e+33
1.844114e+14 1.191593e+33
1.858409e+14 1.210445e+33
1.872815e+14 1.229596e+33
1.887333e+14 1.249051e+33
1.901963e+14 1.268812e+33
1.916706e+14 1.288887e+33
1.931564e+14 1.309279e+33
1.946537e+14 1.329994e+33
1.961626e+14 1.351037e+33
1.976832e+14 1.372412e+33
1.992155e+14 1.394126e+33
2.007598e+14 1.416183e+33
2.023160e+14 1.438589e+33
2.038843e+14 1.461350e+33
2.054648e+14 1.484470e+33
2.070575e+14 1.507957e+33
2.086625e+14 1.531815e+33
2.102800e+14 1.556051e+33
2.119100e+14 1.580670e+33
2.135527e+14 1.605679e+33
2.152081e+14 1.631083e+33
2.168763e+14 1.656889e+33
2.185575e+14 1.683104e+33
2.202517e+14 1.709733e+33
2.219590e+14 1.736784e+33
2.236795e+14 1.764262e+33
2.254134e+14 1.792175e+33
2.271608e+14 1.820530e+33
2.289217e+14 1.849334e+33
2.306962e+14 1.878593e+33
2.324845e+14 1.908316e+33
2.342866e+14 1.938508e+33
2.361027e+14 1.969178e+33
2.379329e+14 2.000334e+33
2.397773e+14 2.031982e+33
2.416360e+14 2.064131e+33
2.435091e+14 2.096789e+33
2.453967e+14 2.129963e+33
2.472989e+14 2.163662e+33
2.492159e+14 2.197895e+33
2.511478e+14 2.232669e+33
2.530946e+14 2.267993e+33
2.550565e+14 2.303876e+33
2.570336e+14 2.340327e+33
2.590260e+14 2.377355e+33
2.610339e+14 2.414968e+33
2.630574e+14 2.453177e+33
2.650965e+14 2.491990e+33
2.671515e+14 2.531417e+33
2.692224e+14 2.571468e+33
2.713093e+14 2.612152e+33
2.734124e+14 2.653480e+33
2.755318e+14 2.695462e+33
2.776676e+14 2.738109e+33
2.798200e+14 2.781430e+33
2.819891e+14 2.825436e+33
2.841750e+14 2.870139e+33
2.863778e+14 2.915549e+33
2.885977e+14 2.961678e+33
2.908349e+14 3.008536e+33
2.930893e+14 3.056135e+33
