# epsilon [g/cm^3]   P [dyn/cm^2]
1.364583e+14 6.539781e+32
1.375161e+14 6.670693e+32
1.385821e+14 6.804226e+32
1.396563e+14 6.940431e+32
1.407389e+14 7.079363e+32
1.418299e+14 7.221077e+32
1.429293e+14 7.365627e+32
1.440372e+14 7.513070e+32
1.451538e+14 7.663466e+32
1.462789e+14 7.816871e+32
1.474129e+14 7.973348e+32
1.485556e+14 8.132957e+32
1.497071e+14 8.295761e+32
1.508676e+14 8.461824e+32
1.520371e+14 8.631211e+32
1.532156e+14 8.803989e+32
1.544033e+14 8.980225e+32
1.556002e+14 9.159989e+32
1.568063e+14 9.343352e+32
1.580219e+14 9.530386e+32
1.592468e+14 9.721163e+32
1.604812e+14 9.915759e+32
1.617252e+14 1.011425e+33
1.629789e+14 1.031672e+33
1.642422e+14 1.052323e+33
1.655154e+14 1.073389e+33
1.667984e+14 1.094875e+33
1.680914e+14 1.116792e+33
1.693944e+14 1.139148e+33
1.707075e+14 1.161951e+33
1.720307e+14 1.185211e+33
1.733643e+14 1.208936e+33
1.747081e+14 1.233137e+33
1.760624e+14 1.257821e+33
1.774272e+14 1.283000e+33
1.788026e+14 1.308683e+33
1.801886e+14 1.334880e+33
1.815854e+14 1.361601e+33
1.829929e+14 1.388858e+33
1.844114e+14 1.416660e+33
1.858409e+14 1.445018e+33
1.872815e+14 1.473944e+33
1.887333e+14 1.503449e+33
1.901963e+14 1.533545e+33
1.916706e+14 1.564243e+33
1.931564e+14 1.595556e+33
1.946537e+14 1.627495e+33
1.961626e+14 1.660074e+33
1.976832e+14 1.693305e+33
1.992155e+14 1.727202e+33
2.007598e+14 1.761776e+33
2.023160e+14 1.797043e+33
2.038843e+14 1.833016e+33
2.054648e+14 1.869709e+33
2.070575e+14 1.907136e+33
2.086625e+14 1.945313e+33
2.102800e+14 1.984254e+33
2.119100e+14 2.023974e+33
2.135527e+14 2.064490e+33
2.152081e+14 2.105816e+33
2.168763e+14 2.147970e+33
2.185575e+14 2.190968e+33
2.202517e+14 2.234826e+33
2.219590e+14 2.279563e+33
2.236795e+14 2.325194e+33
2.254134e+14 2.371740e+33
2.271608e+14 2.419217e+33
2.289217e+14 2.467644e+33
2.306962e+14 2.517041e+33
2.324845e+14 2.567427e+33
2.342866e+14 2.618821e+33
2.361027e+14 2.671244e+33
2.379329e+14 2.724716e+33
2.397773e+14 2.779259e+33
2.416360e+14 2.834894e+33
2.435091e+14 2.891642e+33
2.453967e+14 2.949526e+33
2.472989e+14 3.008569e+33
2.492159e+14 3.068794e+33
2.511478e+14 3.130225e+33
2.530946e+14 3.192885e+33
2.550565e+14 3.256800e+33
2.570336e+14 3.321994e+33
2.590260e+14 3.388493e+33
2.610339e+14 3.456323e+33
2.630574e+14 3.525511e+33
2.650965e+14 3.596084e+33
2.671515e+14 3.668069e+33
2.692224e+14 3.741496e+33
2.713093e+14 3.816393e+33
2.734124e+14 3.892788e+33
2.755318e+14 3.970714e+33
2.776676e+14 4.050198e+33
2.798200e+14 4.131275e+33
2.819891e+14 4.213974e+33
2.841750e+14 4.298328e+33
2.863778e+14 4.384371e+33
2.885977e+14 4.472137e+33
2.908349e+14 4.561659e+33
2.930893e+14 4.652973e+33
