# epsilon [g/cm^3]   P [dyn/cm^2]
1.364583e+14 6.440236e+32
1.375161e+14 6.535299e+32
1.385821e+14 6.631766e+32
1.396563e+14 6.729656e+32
1.407389e+14 6.828992e+32
1.418299e+14 6.929793e+32
1.429293e+14 7.032083e+32
1.440372e+14 7.135882e+32
1.451538e+14 7.241214e+32
1.462789e+14 7.348100e+32
1.474129e+14 7.456564e+32
1.485556e+14 7.566629e+32
1.497071e+14 7.678319e+32
1.508676e+14 7.791658e+32
1.520371e+14 7.906669e+32
1.532156e+14 8.023378e+32
1.544033e+14 8.141810e+32
1.556002e+14 8.261990e+32
1.568063e+14 8.383944e+32
1.580219e+14 8.507698e+32
1.592468e+14 8.633278e+32
1.604812e+14 8.760713e+32
1.617252e+14 8.890028e+32
1.629789e+14 9.021252e+32
1.642422e+14 9.154414e+32
1.655154e+14 9.289540e+32
1.667984e+14 9.426662e+32
1.680914e+14 9.565807e+32
1.693944e+14 9.707006e+32
1.707075e+14 9.850290e+32
1.720307e+14 9.995688e+32
1.733643e+14 1.014323e+33
1.747081e+14 1.029296e+33
1.760624e+14 1.044489e+33
1.774272e+14 1.059906e+33
1.788026e+14 1.075551e+33
1.801886e+14 1.091428e+33
1.815854e+14 1.107538e+33
1.829929e+14 1.123886e+33
1.844114e+14 1.140476e+33
1.858409e+14 1.157310e+33
1.872815e+14 1.174393e+33
1.887333e+14 1.191728e+33
1.901963e+14 1.209319e+33
1.916706e+14 1.227169e+33
1.931564e+14 1.245283e+33
1.946537e+14 1.263665e+33
1.961626e+14 1.282317e+33
1.976832e+14 1.301246e+33
1.992155e+14 1.320453e+33
2.007598e+14 1.339944e+33
2.023160e+14 1.359723e+33
2.038843e+14 1.379793e+33
2.054648e+14 1.400160e+33
2.070575e+14 1.420828e+33
2.086625e+14 1.441800e+33
2.102800e+14 1.463083e+33
2.119100e+14 1.484679e+33
2.135527e+14 1.506594e+33
2.152081e+14 1.528833e+33
2.168763e+14 1.551399e+33
2.185575e+14 1.574299e+33
2.202517e+14 1.597537e+33
2.219590e+14 1.621118e+33
2.236795e+14 1.645047e+33
2.254134e+14 1.669330e+33
2.271608e+14 1.693970e+33
2.289217e+14 1.718975e+33
2.306962e+14 1.744348e+33
2.324845e+14 1.770096e+33
2.342866e+14 1.796224e+33
2.361027e+14 1.822738e+33
2.379329e+14 1.849643e+33
2.397773e+14 1.876946e+33
2.416360e+14 1.904651e+33
2.435091e+14 1.932765e+33
2.453967e+14 1.961294e+33
2.472989e+14 1.990245e+33
2.492159e+14 2.019622e+33
2.511478e+14 2.049434e+33
2.530946e+14 2.079685e+33
2.550565e+14 2.110383e+33
2.570336e+14 2.141534e+33
2.590260e+14 2.173145e+33
2.610339e+14 2.205222e+33
2.630574e+14 2.237773e+33
2.650965e+14 2.270805e+33
2.671515e+14 2.304324e+33
2.692224e+14 2.338337e+33
2.713093e+14 2.372853e+33
2.734124e+14 2.407878e+33
2.755318e+14 2.443421e+33
2.776676e+14 2.479488e+33
2.798200e+14 2.516087e+33
2.819891e+14 2.553226e+33
2.841750e+14 2.590914e+33
2.863778e+14 2.629158e+33
2.885977e+14 2.667967e+33
2.908349e+14 2.707348e+33
2.930893e+14 2.747311e+33
