# epsilon [g/cm^3]   P [dyn/cm^2]
1.364583e+14 6.452173e+32
1.375161e+14 6.551498e+32
1.385821e+14 6.652352e+32
1.396563e+14 6.754759e+32
1.407389e+14 6.858742e+32
1.418299e+14 6.964326e+32
1.429293e+14 7.071535e+32
1.440372e+14 7.180395e+32
1.451538e+14 7.290930e+32
1.462789e+14 7.403167e+32
1.474129e+14 7.517132e+32
1.485556e+14 7.632851e+32
1.497071e+14 7.750352e+32
1.508676e+14 7.869661e+32
1.520371e+14 7.990807e+32
1.532156e+14 8.113818e+32
1.544033e+14 8.238723e+32
1.556002e+14 8.365550e+32
1.568063e+14 8.494330e+32
1.580219e+14 8.625092e+32
1.592468e+14 8.757867e+32
1.604812e+14 8.892687e+32
1.617252e+14 9.029581e+32
1.629789e+14 9.168583e+32
1.642422e+14 9.309725e+32
1.655154e+14 9.453039e+32
1.667984e+14 9.598560e+32
1.680914e+14 9.746321e+32
1.693944e+14 9.896356e+32
1.707075e+14 1.004870e+33
1.720307e+14 1.020339e+33
1.733643e+14 1.036046e+33
1.747081e+14 1.051995e+33
1.760624e+14 1.068190e+33
1.774272e+14 1.084634e+33
1.788026e+14 1.101330e+33
1.801886e+14 1.118284e+33
1.815854e+14 1.135499e+33
1.829929e+14 1.152979e+33
1.844114e+14 1.170728e+33
1.858409e+14 1.188751e+33
1.872815e+14 1.207050e+33
1.887333e+14 1.225632e+33
1.901963e+14 1.244499e+33
1.916706e+14 1.263657e+33
1.931564e+14 1.283110e+33
1.946537e+14 1.302862e+33
1.961626e+14 1.322918e+33
1.976832e+14 1.343283e+33
1.992155e+14 1.363962e+33
2.007598e+14 1.384959e+33
2.023160e+14 1.406279e+33
2.038843e+14 1.427927e+33
2.054648e+14 1.449909e+33
2.070575e+14 1.472229e+33
2.086625e+14 1.494893e+33
2.102800e+14 1.517905e+33
2.119100e+14 1.541272e+33
2.135527e+14 1.564998e+33
2.152081e+14 1.589090e+33
2.168763e+14 1.613552e+33
2.185575e+14 1.638392e+33
2.202517e+14 1.663613e+33
2.219590e+14 1.689223e+33
2.236795e+14 1.715227e+33
2.254134e+14 1.741631e+33
2.271608e+14 1.768442e+33
2.289217e+14 1.795665e+33
2.306962e+14 1.823308e+33
2.324845e+14 1.851376e+33
2.342866e+14 1.879876e+33
2.361027e+14 1.908815e+33
2.379329e+14 1.938200e+33
2.397773e+14 1.968036e+33
2.416360e+14 1.998332e+33
2.435091e+14 2.029095e+33
2.453967e+14 2.060331e+33
2.472989e+14 2.092048e+33
2.492159e+14 2.124253e+33
2.511478e+14 2.156954e+33
2.530946e+14 2.190158e+33
2.550565e+14 2.223873e+33
2.570336e+14 2.258108e+33
2.590260e+14 2.292869e+33
2.610339e+14 2.328166e+33
2.630574e+14 2.364006e+33
2.650965e+14 2.400397e+33
2.671515e+14 2.437349e+33
2.692224e+14 2.474870e+33
2.713093e+14 2.512968e+33
2.734124e+14 2.551653e+33
2.755318e+14 2.590933e+33
2.776676e+14 2.630818e+33
2.798200e+14 2.671317e+33
2.819891e+14 2.712440e+33
2.841750e+14 2.754195e+33
2.863778e+14 2.796593e+33
2.885977e+14 2.839644e+33
2.908349e+14 2.883358e+33
2.930893e+14 2.927744e+33
