# epsilon [g/cm^3]   P [dyn/cm^2]
1.364583e+14 6.473798e+32
1.375161e+14 6.580870e+32
1.385821e+14 6.689712e+32
1.396563e+14 6.800355e+32
1.407389e+14 6.912828e+32
1.418299e+14 7.027161e+32
1.429293e+14 7.143384e+32
1.440372e+14 7.261531e+32
1.451538e+14 7.381631e+32
1.462789e+14 7.503717e+32
1.474129e+14 7.627823e+32
1.485556e+14 7.753981e+32
1.497071e+14 7.882226e+32
1.508676e+14 8.012592e+32
1.520371e+14 8.145114e+32
1.532156e+14 8.279828e+32
1.544033e+14 8.416770e+32
1.556002e+14 8.555977e+32
1.568063e+14 8.697486e+32
1.580219e+14 8.841336e+32
1.592468e+14 8.987565e+32
1.604812e+14 9.136212e+32
1.617252e+14 9.287318e+32
1.629789e+14 9.440923e+32
1.642422e+14 9.597069e+32
1.655154e+14 9.755797e+32
1.667984e+14 9.917151e+32
1.680914e+14 1.008117e+33
1.693944e+14 1.024791e+33
1.707075e+14 1.041740e+33
1.720307e+14 1.058970e+33
1.733643e+14 1.076484e+33
1.747081e+14 1.094288e+33
1.760624e+14 1.112387e+33
1.774272e+14 1.130785e+33
1.788026e+14 1.149487e+33
1.801886e+14 1.168499e+33
1.815854e+14 1.187825e+33
1.829929e+14 1.207471e+33
1.844114e+14 1.227441e+33
1.858409e+14 1.247742e+33
1.872815e+14 1.268379e+33
1.887333e+14 1.289357e+33
1.901963e+14 1.310682e+33
1.916706e+14 1.332360e+33
1.931564e+14 1.354396e+33
1.946537e+14 1.376797e+33
1.961626e+14 1.399568e+33
1.976832e+14 1.422716e+33
1.992155e+14 1.446246e+33
2.007598e+14 1.470166e+33
2.023160e+14 1.494481e+33
2.038843e+14 1.519199e+33
2.054648e+14 1.544325e+33
2.070575e+14 1.569867e+33
2.086625e+14 1.595832e+33
2.102800e+14 1.622226e+33
2.119100e+14 1.649056e+33
2.135527e+14 1.676330e+33
2.152081e+14 1.704055e+33
2.168763e+14 1.732239e+33
2.185575e+14 1.760889e+33
2.202517e+14 1.790013e+33
2.219590e+14 1.819618e+33
2.236795e+14 1.849713e+33
2.254134e+14 1.880306e+33
2.271608e+14 1.911405e+33
2.289217e+14 1.943018e+33
2.306962e+14 1.975154e+33
2.324845e+14 2.007822e+33
2.342866e+14 2.041029e+33
2.361027e+14 2.074786e+33
2.379329e+14 2.109102e+33
2.397773e+14 2.143985e+33
2.416360e+14 2.179445e+33
2.435091e+14 2.215491e+33
2.453967e+14 2.252133e+33
2.472989e+14 2.289382e+33
2.492159e+14 2.327247e+33
2.511478e+14 2.365738e+33
2.530946e+14 2.404865e+33
2.550565e+14 2.444640e+33
2.570336e+14 2.485072e+33
2.590260e+14 2.526173e+33
2.610339e+14 2.567954e+33
2.630574e+14 2.610426e+33
2.650965e+14 2.653601e+33
2.671515e+14 2.697489e+33
2.692224e+14 2.742104e+33
2.713093e+14 2.787456e+33
2.734124e+14 2.833558e+33
2.755318e+14 2.880423e+33
2.776676e+14 2.928063e+33
2.798200e+14 2.976491e+33
2.819891e+14 3.025720e+33
2.841750e+14 3.075763e+33
2.863778e+14 3.126634e+33
2.885977e+14 3.178346e+33
2.908349e+14 3.230913e+33
2.930893e+14 3.284350e+33
