# epsilon [g/cm^3]   P [dyn/cm^2]
1.364583e+14 6.503711e+32
1.375161e+14 6.621553e+32
1.385821e+14 6.741529e+32
1.396563e+14 6.863680e+32
1.407389e+14 6.988044e+32
1.418299e+14 7.114661e+32
1.429293e+14 7.243572e+32
1.440372e+14 7.374820e+32
1.451538e+14 7.508445e+32
1.462789e+14 7.644491e+32
1.474129e+14 7.783003e+32
1.485556e+14 7.924024e+32
1.497071e+14 8.067600e+32
1.508676e+14 8.213778e+32
1.520371e+14 8.362604e+32
1.532156e+14 8.514127e+32
1.544033e+14 8.668396e+32
1.556002e+14 8.825460e+32
1.568063e+14 8.985369e+32
1.580219e+14 9.148176e+32
1.592468e+14 9.313933e+32
1.604812e+14 9.482693e+32
1.617252e+14 9.654512e+32
1.629789e+14 9.829443e+32
1.642422e+14 1.000754e+33
1.655154e+14 1.018887e+33
1.667984e+14 1.037348e+33
1.680914e+14 1.056144e+33
1.693944e+14 1.075281e+33
1.707075e+14 1.094764e+33
1.720307e+14 1.114600e+33
1.733643e+14 1.134796e+33
1.747081e+14 1.155357e+33
1.760624e+14 1.176291e+33
1.774272e+14 1.197605e+33
1.788026e+14 1.219304e+33
1.801886e+14 1.241397e+33
1.815854e+14 1.263890e+33
1.829929e+14 1.286790e+33
1.844114e+14 1.310106e+33
1.858409e+14 1.333844e+33
1.872815e+14 1.358012e+33
1.887333e+14 1.382618e+33
1.901963e+14 1.407670e+33
1.916706e+14 1.433175e+33
1.931564e+14 1.459143e+33
1.946537e+14 1.485582e+33
1.961626e+14 1.512499e+33
1.976832e+14 1.539904e+33
1.992155e+14 1.567806e+33
2.007598e+14 1.596213e+33
2.023160e+14 1.625135e+33
2.038843e+14 1.654581e+33
2.054648e+14 1.684561e+33
2.070575e+14 1.715084e+33
2.086625e+14 1.746159e+33
2.102800e+14 1.777798e+33
2.119100e+14 1.810010e+33
2.135527e+14 1.842806e+33
2.152081e+14 1.876196e+33
2.168763e+14 1.910191e+33
2.185575e+14 1.944802e+33
2.202517e+14 1.980040e+33
2.219590e+14 2.015917e+33
2.236795e+14 2.052444e+33
2.254134e+14 2.089632e+33
2.271608e+14 2.127494e+33
2.289217e+14 2.166043e+33
2.306962e+14 2.205290e+33
2.324845e+14 2.245247e+33
2.342866e+14 2.285929e+33
2.361027e+14 2.327348e+33
2.379329e+14 2.369518e+33
2.397773e+14 2.412451e+33
2.416360e+14 2.456163e+33
2.435091e+14 2.500666e+33
2.453967e+14 2.545976e+33
2.472989e+14 2.592107e+33
2.492159e+14 2.639074e+33
2.511478e+14 2.686892e+33
2.530946e+14 2.735576e+33
2.550565e+14 2.785142e+33
2.570336e+14 2.835606e+33
2.590260e+14 2.886985e+33
2.610339e+14 2.939295e+33
2.630574e+14 2.992552e+33
2.650965e+14 3.046774e+33
2.671515e+14 3.101979e+33
2.692224e+14 3.158184e+33
2.713093e+14 3.215408e+33
2.734124e+14 3.273668e+33
2.755318e+14 3.332984e+33
2.776676e+14 3.393375e+33
2.798200e+14 3.454860e+33
2.819891e+14 3.517459e+33
2.841750e+14 3.581192e+33
2.863778e+14 3.646080e+33
2.885977e+14 3.712144e+33
2.908349e+14 3.779405e+33
2.930893e+14 3.847884e+33
