# epsilon [g/cm^3]   P [dyn/cm^2]
1.364583e+14 6.512804e+32
1.375161e+14 6.633932e+32
1.385821e+14 6.757313e+32
1.396563e+14 6.882988e+32
1.407389e+14 7.011001e+32
1.418299e+14 7.141394e+32
1.429293e+14 7.274213e+32
1.440372e+14 7.409502e+32
1.451538e+14 7.547307e+32
1.462789e+14 7.687675e+32
1.474129e+14 7.830653e+32
1.485556e+14 7.976291e+32
1.497071e+14 8.124637e+32
1.508676e+14 8.275743e+32
1.520371e+14 8.429659e+32
1.532156e+14 8.586437e+32
1.544033e+14 8.746131e+32
1.556002e+14 8.908795e+32
1.568063e+14 9.074485e+32
1.580219e+14 9.243256e+32
1.592468e+14 9.415166e+32
1.604812e+14 9.590273e+32
1.617252e+14 9.768637e+32
1.629789e+14 9.950318e+32
1.642422e+14 1.013538e+33
1.655154e+14 1.032388e+33
1.667984e+14 1.051589e+33
1.680914e+14 1.071147e+33
1.693944e+14 1.091068e+33
1.707075e+14 1.111360e+33
1.720307e+14 1.132030e+33
1.733643e+14 1.153084e+33
1.747081e+14 1.174530e+33
1.760624e+14 1.196374e+33
1.774272e+14 1.218625e+33
1.788026e+14 1.241289e+33
1.801886e+14 1.264375e+33
1.815854e+14 1.287890e+33
1.829929e+14 1.311843e+33
1.844114e+14 1.336241e+33
1.858409e+14 1.361093e+33
1.872815e+14 1.386408e+33
1.887333e+14 1.412193e+33
1.901963e+14 1.438457e+33
1.916706e+14 1.465210e+33
1.931564e+14 1.492461e+33
1.946537e+14 1.520218e+33
1.961626e+14 1.548492e+33
1.976832e+14 1.577291e+33
1.992155e+14 1.606626e+33
2.007598e+14 1.636507e+33
2.023160e+14 1.666944e+33
2.038843e+14 1.697946e+33
2.054648e+14 1.729525e+33
2.070575e+14 1.761692e+33
2.086625e+14 1.794456e+33
2.102800e+14 1.827830e+33
2.119100e+14 1.861825e+33
2.135527e+14 1.896452e+33
2.152081e+14 1.931723e+33
2.168763e+14 1.967650e+33
2.185575e+14 2.004245e+33
2.202517e+14 2.041521e+33
2.219590e+14 2.079490e+33
2.236795e+14 2.118165e+33
2.254134e+14 2.157560e+33
2.271608e+14 2.197687e+33
2.289217e+14 2.238561e+33
2.306962e+14 2.280194e+33
2.324845e+14 2.322602e+33
2.342866e+14 2.365799e+33
2.361027e+14 2.409799e+33
2.379329e+14 2.454618e+33
2.397773e+14 2.500270e+33
2.416360e+14 2.546771e+33
2.435091e+14 2.594137e+33
2.453967e+14 2.642384e+33
2.472989e+14 2.691528e+33
2.492159e+14 2.741586e+33
2.511478e+14 2.792575e+33
2.530946e+14 2.844513e+33
2.550565e+14 2.897416e+33
2.570336e+14 2.951303e+33
2.590260e+14 3.006193e+33
2.610339e+14 3.062103e+33
2.630574e+14 3.119054e+33
2.650965e+14 3.177063e+33
2.671515e+14 3.236151e+33
2.692224e+14 3.296339e+33
2.713093e+14 3.357645e+33
2.734124e+14 3.420092e+33
2.755318e+14 3.483701e+33
2.776676e+14 3.548492e+33
2.798200e+14 3.614488e+33
2.819891e+14 3.681712e+33
2.841750e+14 3.750186e+33
2.863778e+14 3.819934e+33
2.885977e+14 3.890978e+33
2.908349e+14 3.963344e+33
2.930893e+14 4.037056e+33
