# epsilon [g/cm^3]   P [dyn/cm^2]
1.364583e+14 6.633245e+32
1.375161e+14 6.798449e+32
1.385821e+14 6.967768e+32
1.396563e+14 7.141304e+32
1.407389e+14 7.319162e+32
1.418299e+14 7.501450e+32
1.429293e+14 7.688277e+32
1.440372e+14 7.879758e+32
1.451538e+14 8.076008e+32
1.462789e+14 8.277145e+32
1.474129e+14 8.483292e+32
1.485556e+14 8.694573e+32
1.497071e+14 8.911116e+32
1.508676e+14 9.133052e+32
1.520371e+14 9.360515e+32
1.532156e+14 9.593644e+32
1.544033e+14 9.832579e+32
1.556002e+14 1.007746e+33
1.568063e+14 1.032845e+33
1.580219e+14 1.058568e+33
1.592468e+14 1.084933e+33
1.604812e+14 1.111954e+33
1.617252e+14 1.139647e+33
1.629789e+14 1.168031e+33
1.642422e+14 1.197121e+33
1.655154e+14 1.226936e+33
1.667984e+14 1.257494e+33
1.680914e+14 1.288812e+33
1.693944e+14 1.320911e+33
1.707075e+14 1.353809e+33
1.720307e+14 1.387526e+33
1.733643e+14 1.422083e+33
1.747081e+14 1.457501e+33
1.760624e+14 1.493801e+33
1.774272e+14 1.531005e+33
1.788026e+14 1.569135e+33
1.801886e+14 1.608215e+33
1.815854e+14 1.648269e+33
1.829929e+14 1.689320e+33
1.844114e+14 1.731393e+33
1.858409e+14 1.774515e+33
1.872815e+14 1.818710e+33
1.887333e+14 1.864006e+33
1.901963e+14 1.910430e+33
1.916706e+14 1.958010e+33
1.931564e+14 2.006776e+33
1.946537e+14 2.056755e+33
1.961626e+14 2.107980e+33
1.976832e+14 2.160480e+33
1.992155e+14 2.214288e+33
2.007598e+14 2.269436e+33
2.023160e+14 2.325958e+33
2.038843e+14 2.383887e+33
2.054648e+14 2.443259e+33
2.070575e+14 2.504110e+33
2.086625e+14 2.566476e+33
2.102800e+14 2.630395e+33
2.119100e+14 2.695907e+33
2.135527e+14 2.763050e+33
2.152081e+14 2.831865e+33
2.168763e+14 2.902394e+33
2.185575e+14 2.974680e+33
2.202517e+14 3.048766e+33
2.219590e+14 3.124697e+33
2.236795e+14 3.202519e+33
2.254134e+14 3.282280e+33
2.271608e+14 3.364027e+33
2.289217e+14 3.447809e+33
2.306962e+14 3.533679e+33
2.324845e+14 3.621687e+33
2.342866e+14 3.711887e+33
2.361027e+14 3.804334e+33
2.379329e+14 3.899083e+33
2.397773e+14 3.996192e+33
2.416360e+14 4.095719e+33
2.435091e+14 4.197725e+33
2.453967e+14 4.302272e+33
2.472989e+14 4.409422e+33
2.492159e+14 4.519241e+33
2.511478e+14 4.631795e+33
2.530946e+14 4.747152e+33
2.550565e+14 4.865383e+33
2.570336e+14 4.986558e+33
2.590260e+14 5.110751e+33
2.610339e+14 5.238037e+33
2.630574e+14 5.368493e+33
2.650965e+14 5.502198e+33
2.671515e+14 5.639233e+33
2.692224e+14 5.779681e+33
2.713093e+14 5.923627e+33
2.734124e+14 6.071158e+33
2.755318e+14 6.222364e+33
2.776676e+14 6.377335e+33
2.798200e+14 6.536166e+33
2.819891e+14 6.698953e+33
2.841750e+14 6.865794e+33
2.863778e+14 7.036790e+33
2.885977e+14 7.212045e+33
2.908349e+14 7.391665e+33
2.930893e+14 7.575759e+33
