# epsilon [g/cm^3]   P [dyn/cm^2]
1.364583e+14 6.540047e+32
1.375161e+14 6.671056e+32
1.385821e+14 6.804690e+32
1.396563e+14 6.941000e+32
1.407389e+14 7.080041e+32
1.418299e+14 7.221867e+32
1.429293e+14 7.366534e+32
1.440372e+14 7.514098e+32
1.451538e+14 7.664619e+32
1.462789e+14 7.818156e+32
1.474129e+14 7.974767e+32
1.485556e+14 8.134516e+32
1.497071e+14 8.297465e+32
1.508676e+14 8.463678e+32
1.520371e+14 8.633221e+32
1.532156e+14 8.806160e+32
1.544033e+14 8.982563e+32
1.556002e+14 9.162500e+32
1.568063e+14 9.346042e+32
1.580219e+14 9.533260e+32
1.592468e+14 9.724228e+32
1.604812e+14 9.919022e+32
1.617252e+14 1.011772e+33
1.629789e+14 1.032039e+33
1.642422e+14 1.052713e+33
1.655154e+14 1.073801e+33
1.667984e+14 1.095311e+33
1.680914e+14 1.117252e+33
1.693944e+14 1.139633e+33
1.707075e+14 1.162461e+33
1.720307e+14 1.185748e+33
1.733643e+14 1.209500e+33
1.747081e+14 1.233729e+33
1.760624e+14 1.258443e+33
1.774272e+14 1.283651e+33
1.788026e+14 1.309365e+33
1.801886e+14 1.335594e+33
1.815854e+14 1.362349e+33
1.829929e+14 1.389639e+33
1.844114e+14 1.417476e+33
1.858409e+14 1.445870e+33
1.872815e+14 1.474834e+33
1.887333e+14 1.504377e+33
1.901963e+14 1.534513e+33
1.916706e+14 1.565252e+33
1.931564e+14 1.596607e+33
1.946537e+14 1.628590e+33
1.961626e+14 1.661213e+33
1.976832e+14 1.694490e+33
1.992155e+14 1.728434e+33
2.007598e+14 1.763058e+33
2.023160e+14 1.798375e+33
2.038843e+14 1.834400e+33
2.054648e+14 1.871146e+33
2.070575e+14 1.908628e+33
2.086625e+14 1.946862e+33
2.102800e+14 1.985861e+33
2.119100e+14 2.025641e+33
2.135527e+14 2.066218e+33
2.152081e+14 2.107608e+33
2.168763e+14 2.149828e+33
2.185575e+14 2.192892e+33
2.202517e+14 2.236820e+33
2.219590e+14 2.281628e+33
2.236795e+14 2.327333e+33
2.254134e+14 2.373953e+33
2.271608e+14 2.421508e+33
2.289217e+14 2.470015e+33
2.306962e+14 2.519494e+33
2.324845e+14 2.569964e+33
2.342866e+14 2.621445e+33
2.361027e+14 2.673957e+33
2.379329e+14 2.727521e+33
2.397773e+14 2.782159e+33
2.416360e+14 2.837890e+33
2.435091e+14 2.894738e+33
2.453967e+14 2.952725e+33
2.472989e+14 3.011874e+33
2.492159e+14 3.072207e+33
2.511478e+14 3.133749e+33
2.530946e+14 3.196523e+33
2.550565e+14 3.260555e+33
2.570336e+14 3.325870e+33
2.590260e+14 3.392493e+33
2.610339e+14 3.460451e+33
2.630574e+14 3.529770e+33
2.650965e+14 3.600478e+33
2.671515e+14 3.672602e+33
2.692224e+14 3.746171e+33
2.713093e+14 3.821213e+33
2.734124e+14 3.897759e+33
2.755318e+14 3.975838e+33
2.776676e+14 4.055481e+33
2.798200e+14 4.136720e+33
2.819891e+14 4.219586e+33
2.841750e+14 4.304112e+33
2.863778e+14 4.390331e+33
2.885977e+14 4.478277e+33
2.908349e+14 4.567985e+33
2.930893e+14 4.659490e+33
