# epsilon [g/cm^3]   P [dyn/cm^2]
1.364583e+14 6.505789e+32
1.375161e+14 6.624381e+32
1.385821e+14 6.745135e+32
1.396563e+14 6.868090e+32
1.407389e+14 6.993286e+32
1.418299e+14 7.120765e+32
1.429293e+14 7.250567e+32
1.440372e+14 7.382736e+32
1.451538e+14 7.517313e+32
1.462789e+14 7.654344e+32
1.474129e+14 7.793873e+32
1.485556e+14 7.935945e+32
1.497071e+14 8.080607e+32
1.508676e+14 8.227906e+32
1.520371e+14 8.377890e+32
1.532156e+14 8.530608e+32
1.544033e+14 8.686110e+32
1.556002e+14 8.844446e+32
1.568063e+14 9.005669e+32
1.580219e+14 9.169831e+32
1.592468e+14 9.336985e+32
1.604812e+14 9.507186e+32
1.617252e+14 9.680489e+32
1.629789e+14 9.856952e+32
1.642422e+14 1.003663e+33
1.655154e+14 1.021959e+33
1.667984e+14 1.040588e+33
1.680914e+14 1.059556e+33
1.693944e+14 1.078870e+33
1.707075e+14 1.098537e+33
1.720307e+14 1.118562e+33
1.733643e+14 1.138952e+33
1.747081e+14 1.159713e+33
1.760624e+14 1.180853e+33
1.774272e+14 1.202379e+33
1.788026e+14 1.224297e+33
1.801886e+14 1.246614e+33
1.815854e+14 1.269338e+33
1.829929e+14 1.292476e+33
1.844114e+14 1.316037e+33
1.858409e+14 1.340026e+33
1.872815e+14 1.364453e+33
1.887333e+14 1.389325e+33
1.901963e+14 1.414651e+33
1.916706e+14 1.440438e+33
1.931564e+14 1.466696e+33
1.946537e+14 1.493431e+33
1.961626e+14 1.520655e+33
1.976832e+14 1.548374e+33
1.992155e+14 1.576599e+33
2.007598e+14 1.605339e+33
2.023160e+14 1.634602e+33
2.038843e+14 1.664398e+33
2.054648e+14 1.694738e+33
2.070575e+14 1.725631e+33
2.086625e+14 1.757087e+33
2.102800e+14 1.789117e+33
2.119100e+14 1.821730e+33
2.135527e+14 1.854938e+33
2.152081e+14 1.888751e+33
2.168763e+14 1.923180e+33
2.185575e+14 1.958237e+33
2.202517e+14 1.993933e+33
2.219590e+14 2.030280e+33
2.236795e+14 2.067289e+33
2.254134e+14 2.104973e+33
2.271608e+14 2.143344e+33
2.289217e+14 2.182415e+33
2.306962e+14 2.222197e+33
2.324845e+14 2.262705e+33
2.342866e+14 2.303951e+33
2.361027e+14 2.345949e+33
2.379329e+14 2.388713e+33
2.397773e+14 2.432256e+33
2.416360e+14 2.476593e+33
2.435091e+14 2.521738e+33
2.453967e+14 2.567706e+33
2.472989e+14 2.614512e+33
2.492159e+14 2.662171e+33
2.511478e+14 2.710699e+33
2.530946e+14 2.760111e+33
2.550565e+14 2.810425e+33
2.570336e+14 2.861655e+33
2.590260e+14 2.913819e+33
2.610339e+14 2.966934e+33
2.630574e+14 3.021018e+33
2.650965e+14 3.076087e+33
2.671515e+14 3.132160e+33
2.692224e+14 3.189255e+33
2.713093e+14 3.247391e+33
2.734124e+14 3.306587e+33
2.755318e+14 3.366862e+33
2.776676e+14 3.428235e+33
2.798200e+14 3.490728e+33
2.819891e+14 3.554359e+33
2.841750e+14 3.619150e+33
2.863778e+14 3.685123e+33
2.885977e+14 3.752298e+33
2.908349e+14 3.820697e+33
2.930893e+14 3.890343e+33
