# epsilon [g/cm^3]   P [dyn/cm^2]
1.364583e+14 6.440471e+32
1.375161e+14 6.535618e+32
1.385821e+14 6.632171e+32
1.396563e+14 6.730150e+32
1.407389e+14 6.829577e+32
1.418299e+14 6.930472e+32
1.429293e+14 7.032858e+32
1.440372e+14 7.136757e+32
1.451538e+14 7.242191e+32
1.462789e+14 7.349182e+32
1.474129e+14 7.457754e+32
1.485556e+14 7.567929e+32
1.497071e+14 7.679733e+32
1.508676e+14 7.793188e+32
1.520371e+14 7.908319e+32
1.532156e+14 8.025151e+32
1.544033e+14 8.143709e+32
1.556002e+14 8.264019e+32
1.568063e+14 8.386106e+32
1.580219e+14 8.509996e+32
1.592468e+14 8.635717e+32
1.604812e+14 8.763295e+32
1.617252e+14 8.892758e+32
1.629789e+14 9.024134e+32
1.642422e+14 9.157450e+32
1.655154e+14 9.292736e+32
1.667984e+14 9.430020e+32
1.680914e+14 9.569333e+32
1.693944e+14 9.710704e+32
1.707075e+14 9.854163e+32
1.720307e+14 9.999742e+32
1.733643e+14 1.014747e+33
1.747081e+14 1.029738e+33
1.760624e+14 1.044951e+33
1.774272e+14 1.060388e+33
1.788026e+14 1.076054e+33
1.801886e+14 1.091951e+33
1.815854e+14 1.108082e+33
1.829929e+14 1.124452e+33
1.844114e+14 1.141064e+33
1.858409e+14 1.157922e+33
1.872815e+14 1.175028e+33
1.887333e+14 1.192387e+33
1.901963e+14 1.210003e+33
1.916706e+14 1.227878e+33
1.931564e+14 1.246018e+33
1.946537e+14 1.264426e+33
1.961626e+14 1.283106e+33
1.976832e+14 1.302061e+33
1.992155e+14 1.321297e+33
2.007598e+14 1.340817e+33
2.023160e+14 1.360625e+33
2.038843e+14 1.380726e+33
2.054648e+14 1.401124e+33
2.070575e+14 1.421824e+33
2.086625e+14 1.442829e+33
2.102800e+14 1.464144e+33
2.119100e+14 1.485774e+33
2.135527e+14 1.507724e+33
2.152081e+14 1.529998e+33
2.168763e+14 1.552601e+33
2.185575e+14 1.575538e+33
2.202517e+14 1.598814e+33
2.219590e+14 1.622434e+33
2.236795e+14 1.646403e+33
2.254134e+14 1.670726e+33
2.271608e+14 1.695408e+33
2.289217e+14 1.720454e+33
2.306962e+14 1.745871e+33
2.324845e+14 1.771664e+33
2.342866e+14 1.797837e+33
2.361027e+14 1.824397e+33
2.379329e+14 1.851349e+33
2.397773e+14 1.878700e+33
2.416360e+14 1.906455e+33
2.435091e+14 1.934619e+33
2.453967e+14 1.963200e+33
2.472989e+14 1.992203e+33
2.492159e+14 2.021634e+33
2.511478e+14 2.051501e+33
2.530946e+14 2.081808e+33
2.550565e+14 2.112563e+33
2.570336e+14 2.143773e+33
2.590260e+14 2.175443e+33
2.610339e+14 2.207582e+33
2.630574e+14 2.240195e+33
2.650965e+14 2.273290e+33
2.671515e+14 2.306874e+33
2.692224e+14 2.340955e+33
2.713093e+14 2.375538e+33
2.734124e+14 2.410633e+33
2.755318e+14 2.446246e+33
2.776676e+14 2.482385e+33
2.798200e+14 2.519058e+33
2.819891e+14 2.556273e+33
2.841750e+14 2.594037e+33
2.863778e+14 2.632360e+33
2.885977e+14 2.671249e+33
2.908349e+14 2.710712e+33
2.930893e+14 2.750758e+33
