# epsilon [g/cm^3]   P [dyn/cm^2]
1.364583e+14 6.481587e+32
1.375161e+14 6.591457e+32
1.385821e+14 6.703190e+32
1.396563e+14 6.816816e+32
1.407389e+14 6.932369e+32
1.418299e+14 7.049880e+32
1.429293e+14 7.169383e+32
1.440372e+14 7.290912e+32
1.451538e+14 7.414501e+32
1.462789e+14 7.540185e+32
1.474129e+14 7.667999e+32
1.485556e+14 7.797980e+32
1.497071e+14 7.930165e+32
1.508676e+14 8.064589e+32
1.520371e+14 8.201293e+32
1.532156e+14 8.340314e+32
1.544033e+14 8.481691e+32
1.556002e+14 8.625465e+32
1.568063e+14 8.771676e+32
1.580219e+14 8.920366e+32
1.592468e+14 9.071576e+32
1.604812e+14 9.225349e+32
1.617252e+14 9.381729e+32
1.629789e+14 9.540759e+32
1.642422e+14 9.702486e+32
1.655154e+14 9.866953e+32
1.667984e+14 1.003421e+33
1.680914e+14 1.020430e+33
1.693944e+14 1.037727e+33
1.707075e+14 1.055318e+33
1.720307e+14 1.073207e+33
1.733643e+14 1.091399e+33
1.747081e+14 1.109899e+33
1.760624e+14 1.128713e+33
1.774272e+14 1.147846e+33
1.788026e+14 1.167303e+33
1.801886e+14 1.187090e+33
1.815854e+14 1.207213e+33
1.829929e+14 1.227677e+33
1.844114e+14 1.248487e+33
1.858409e+14 1.269650e+33
1.872815e+14 1.291172e+33
1.887333e+14 1.313059e+33
1.901963e+14 1.335317e+33
1.916706e+14 1.357952e+33
1.931564e+14 1.380971e+33
1.946537e+14 1.404380e+33
1.961626e+14 1.428185e+33
1.976832e+14 1.452395e+33
1.992155e+14 1.477014e+33
2.007598e+14 1.502051e+33
2.023160e+14 1.527513e+33
2.038843e+14 1.553406e+33
2.054648e+14 1.579738e+33
2.070575e+14 1.606516e+33
2.086625e+14 1.633748e+33
2.102800e+14 1.661442e+33
2.119100e+14 1.689605e+33
2.135527e+14 1.718246e+33
2.152081e+14 1.747372e+33
2.168763e+14 1.776992e+33
2.185575e+14 1.807114e+33
2.202517e+14 1.837746e+33
2.219590e+14 1.868898e+33
2.236795e+14 1.900578e+33
2.254134e+14 1.932795e+33
2.271608e+14 1.965558e+33
2.289217e+14 1.998876e+33
2.306962e+14 2.032759e+33
2.324845e+14 2.067217e+33
2.342866e+14 2.102259e+33
2.361027e+14 2.137894e+33
2.379329e+14 2.174134e+33
2.397773e+14 2.210988e+33
2.416360e+14 2.248466e+33
2.435091e+14 2.286580e+33
2.453967e+14 2.325340e+33
2.472989e+14 2.364757e+33
2.492159e+14 2.404843e+33
2.511478e+14 2.445607e+33
2.530946e+14 2.487063e+33
2.550565e+14 2.529222e+33
2.570336e+14 2.572095e+33
2.590260e+14 2.615694e+33
2.610339e+14 2.660033e+33
2.630574e+14 2.705124e+33
2.650965e+14 2.750979e+33
2.671515e+14 2.797611e+33
2.692224e+14 2.845033e+33
2.713093e+14 2.893260e+33
2.734124e+14 2.942304e+33
2.755318e+14 2.992179e+33
2.776676e+14 3.042900e+33
2.798200e+14 3.094480e+33
2.819891e+14 3.146935e+33
2.841750e+14 3.200279e+33
2.863778e+14 3.254527e+33
2.885977e+14 3.309695e+33
2.908349e+14 3.365798e+33
2.930893e+14 3.422852e+33
