# epsilon [g/cm^3]   P [dyn/cm^2]
1.364583e+14 6.432517e+32
1.375161e+14 6.524830e+32
1.385821e+14 6.618467e+32
1.396563e+14 6.713449e+32
1.407389e+14 6.809793e+32
1.418299e+14 6.907520e+32
1.429293e+14 7.006649e+32
1.440372e+14 7.107201e+32
1.451538e+14 7.209196e+32
1.462789e+14 7.312655e+32
1.474129e+14 7.417599e+32
1.485556e+14 7.524048e+32
1.497071e+14 7.632025e+32
1.508676e+14 7.741552e+32
1.520371e+14 7.852651e+32
1.532156e+14 7.965344e+32
1.544033e+14 8.079654e+32
1.556002e+14 8.195605e+32
1.568063e+14 8.313219e+32
1.580219e+14 8.432522e+32
1.592468e+14 8.553537e+32
1.604812e+14 8.676288e+32
1.617252e+14 8.800801e+32
1.629789e+14 8.927101e+32
1.642422e+14 9.055213e+32
1.655154e+14 9.185164e+32
1.667984e+14 9.316980e+32
1.680914e+14 9.450687e+32
1.693944e+14 9.586313e+32
1.707075e+14 9.723886e+32
1.720307e+14 9.863433e+32
1.733643e+14 1.000498e+33
1.747081e+14 1.014856e+33
1.760624e+14 1.029421e+33
1.774272e+14 1.044194e+33
1.788026e+14 1.059179e+33
1.801886e+14 1.074379e+33
1.815854e+14 1.089797e+33
1.829929e+14 1.105437e+33
1.844114e+14 1.121301e+33
1.858409e+14 1.137393e+33
1.872815e+14 1.153716e+33
1.887333e+14 1.170272e+33
1.901963e+14 1.187067e+33
1.916706e+14 1.204102e+33
1.931564e+14 1.221382e+33
1.946537e+14 1.238910e+33
1.961626e+14 1.256690e+33
1.976832e+14 1.274725e+33
1.992155e+14 1.293018e+33
2.007598e+14 1.311574e+33
2.023160e+14 1.330397e+33
2.038843e+14 1.349489e+33
2.054648e+14 1.368855e+33
2.070575e+14 1.388500e+33
2.086625e+14 1.408426e+33
2.102800e+14 1.428638e+33
2.119100e+14 1.449141e+33
2.135527e+14 1.469937e+33
2.152081e+14 1.491032e+33
2.168763e+14 1.512430e+33
2.185575e+14 1.534135e+33
2.202517e+14 1.556151e+33
2.219590e+14 1.578483e+33
2.236795e+14 1.601136e+33
2.254134e+14 1.624114e+33
2.271608e+14 1.647421e+33
2.289217e+14 1.671063e+33
2.306962e+14 1.695045e+33
2.324845e+14 1.719370e+33
2.342866e+14 1.744045e+33
2.361027e+14 1.769074e+33
2.379329e+14 1.794461e+33
2.397773e+14 1.820214e+33
2.416360e+14 1.846335e+33
2.435091e+14 1.872832e+33
2.453967e+14 1.899709e+33
2.472989e+14 1.926972e+33
2.492159e+14 1.954625e+33
2.511478e+14 1.982676e+33
2.530946e+14 2.011129e+33
2.550565e+14 2.039991e+33
2.570336e+14 2.069267e+33
2.590260e+14 2.098963e+33
2.610339e+14 2.129085e+33
2.630574e+14 2.159639e+33
2.650965e+14 2.190632e+33
2.671515e+14 2.222070e+33
2.692224e+14 2.253959e+33
2.713093e+14 2.286305e+33
2.734124e+14 2.319116e+33
2.755318e+14 2.352397e+33
2.776676e+14 2.386156e+33
2.798200e+14 2.420400e+33
2.819891e+14 2.455135e+33
2.841750e+14 2.490368e+33
2.863778e+14 2.526108e+33
2.885977e+14 2.562360e+33
2.908349e+14 2.599132e+33
2.930893e+14 2.636432e+33
