# epsilon [g/cm^3]   P [dyn/cm^2]
1.364583e+14 6.622752e+32
1.375161e+14 6.784076e+32
1.385821e+14 6.949330e+32
1.396563e+14 7.118610e+32
1.407389e+14 7.292013e+32
1.418299e+14 7.469640e+32
1.429293e+14 7.651593e+32
1.440372e+14 7.837979e+32
1.451538e+14 8.028905e+32
1.462789e+14 8.224482e+32
1.474129e+14 8.424823e+32
1.485556e+14 8.630044e+32
1.497071e+14 8.840265e+32
1.508676e+14 9.055605e+32
1.520371e+14 9.276192e+32
1.532156e+14 9.502152e+32
1.544033e+14 9.733616e+32
1.556002e+14 9.970718e+32
1.568063e+14 1.021360e+33
1.580219e+14 1.046239e+33
1.592468e+14 1.071724e+33
1.604812e+14 1.097831e+33
1.617252e+14 1.124573e+33
1.629789e+14 1.151966e+33
1.642422e+14 1.180027e+33
1.655154e+14 1.208772e+33
1.667984e+14 1.238216e+33
1.680914e+14 1.268378e+33
1.693944e+14 1.299275e+33
1.707075e+14 1.330924e+33
1.720307e+14 1.363344e+33
1.733643e+14 1.396554e+33
1.747081e+14 1.430573e+33
1.760624e+14 1.465420e+33
1.774272e+14 1.501116e+33
1.788026e+14 1.537682e+33
1.801886e+14 1.575139e+33
1.815854e+14 1.613508e+33
1.829929e+14 1.652811e+33
1.844114e+14 1.693072e+33
1.858409e+14 1.734314e+33
1.872815e+14 1.776560e+33
1.887333e+14 1.819836e+33
1.901963e+14 1.864165e+33
1.916706e+14 1.909575e+33
1.931564e+14 1.956090e+33
1.946537e+14 2.003739e+33
1.961626e+14 2.052548e+33
1.976832e+14 2.102546e+33
1.992155e+14 2.153763e+33
2.007598e+14 2.206226e+33
2.023160e+14 2.259968e+33
2.038843e+14 2.315019e+33
2.054648e+14 2.371411e+33
2.070575e+14 2.429176e+33
2.086625e+14 2.488348e+33
2.102800e+14 2.548962e+33
2.119100e+14 2.611053e+33
2.135527e+14 2.674656e+33
2.152081e+14 2.739808e+33
2.168763e+14 2.806547e+33
2.185575e+14 2.874912e+33
2.202517e+14 2.944943e+33
2.219590e+14 3.016679e+33
2.236795e+14 3.090162e+33
2.254134e+14 3.165436e+33
2.271608e+14 3.242543e+33
2.289217e+14 3.321528e+33
2.306962e+14 3.402438e+33
2.324845e+14 3.485318e+33
2.342866e+14 3.570217e+33
2.361027e+14 3.657185e+33
2.379329e+14 3.746270e+33
2.397773e+14 3.837526e+33
2.416360e+14 3.931005e+33
2.435091e+14 4.026761e+33
2.453967e+14 4.124849e+33
2.472989e+14 4.225327e+33
2.492159e+14 4.328252e+33
2.511478e+14 4.433684e+33
2.530946e+14 4.541685e+33
2.550565e+14 4.652316e+33
2.570336e+14 4.765642e+33
2.590260e+14 4.881729e+33
2.610339e+14 5.000644e+33
2.630574e+14 5.122455e+33
2.650965e+14 5.247233e+33
2.671515e+14 5.375051e+33
2.692224e+14 5.505983e+33
2.713093e+14 5.640103e+33
2.734124e+14 5.777491e+33
2.755318e+14 5.918226e+33
2.776676e+14 6.062388e+33
2.798200e+14 6.210063e+33
2.819891e+14 6.361334e+33
2.841750e+14 6.516291e+33
2.863778e+14 6.675022e+33
2.885977e+14 6.837619e+33
2.908349e+14 7.004177e+33
2.930893e+14 7.174793e+33
