# epsilon [g/cm^3]   P [dyn/cm^2]
1.364583e+14 6.533059e+32
1.375161e+14 6.661528e+32
1.385821e+14 6.792523e+32
1.396563e+14 6.926094e+32
1.407389e+14 7.062292e+32
1.418299e+14 7.201169e+32
1.429293e+14 7.342776e+32
1.440372e+14 7.487168e+32
1.451538e+14 7.634399e+32
1.462789e+14 7.784525e+32
1.474129e+14 7.937604e+32
1.485556e+14 8.093693e+32
1.497071e+14 8.252851e+32
1.508676e+14 8.415139e+32
1.520371e+14 8.580618e+32
1.532156e+14 8.749351e+32
1.544033e+14 8.921403e+32
1.556002e+14 9.096837e+32
1.568063e+14 9.275722e+32
1.580219e+14 9.458124e+32
1.592468e+14 9.644113e+32
1.604812e+14 9.833759e+32
1.617252e+14 1.002713e+33
1.629789e+14 1.022431e+33
1.642422e+14 1.042537e+33
1.655154e+14 1.063038e+33
1.667984e+14 1.083942e+33
1.680914e+14 1.105257e+33
1.693944e+14 1.126991e+33
1.707075e+14 1.149153e+33
1.720307e+14 1.171750e+33
1.733643e+14 1.194792e+33
1.747081e+14 1.218287e+33
1.760624e+14 1.242244e+33
1.774272e+14 1.266672e+33
1.788026e+14 1.291581e+33
1.801886e+14 1.316979e+33
1.815854e+14 1.342877e+33
1.829929e+14 1.369284e+33
1.844114e+14 1.396210e+33
1.858409e+14 1.423666e+33
1.872815e+14 1.451661e+33
1.887333e+14 1.480207e+33
1.901963e+14 1.509315e+33
1.916706e+14 1.538995e+33
1.931564e+14 1.569258e+33
1.946537e+14 1.600117e+33
1.961626e+14 1.631582e+33
1.976832e+14 1.663667e+33
1.992155e+14 1.696382e+33
2.007598e+14 1.729740e+33
2.023160e+14 1.763755e+33
2.038843e+14 1.798438e+33
2.054648e+14 1.833803e+33
2.070575e+14 1.869864e+33
2.086625e+14 1.906634e+33
2.102800e+14 1.944127e+33
2.119100e+14 1.982357e+33
2.135527e+14 2.021339e+33
2.152081e+14 2.061088e+33
2.168763e+14 2.101618e+33
2.185575e+14 2.142945e+33
2.202517e+14 2.185085e+33
2.219590e+14 2.228053e+33
2.236795e+14 2.271867e+33
2.254134e+14 2.316542e+33
2.271608e+14 2.362096e+33
2.289217e+14 2.408545e+33
2.306962e+14 2.455908e+33
2.324845e+14 2.504202e+33
2.342866e+14 2.553446e+33
2.361027e+14 2.603658e+33
2.379329e+14 2.654857e+33
2.397773e+14 2.707064e+33
2.416360e+14 2.760297e+33
2.435091e+14 2.814576e+33
2.453967e+14 2.869923e+33
2.472989e+14 2.926359e+33
2.492159e+14 2.983904e+33
2.511478e+14 3.042581e+33
2.530946e+14 3.102412e+33
2.550565e+14 3.163419e+33
2.570336e+14 3.225626e+33
2.590260e+14 3.289056e+33
2.610339e+14 3.353734e+33
2.630574e+14 3.419683e+33
2.650965e+14 3.486930e+33
2.671515e+14 3.555498e+33
2.692224e+14 3.625415e+33
2.713093e+14 3.696707e+33
2.734124e+14 3.769401e+33
2.755318e+14 3.843524e+33
2.776676e+14 3.919105e+33
2.798200e+14 3.996172e+33
2.819891e+14 4.074755e+33
2.841750e+14 4.154883e+33
2.863778e+14 4.236586e+33
2.885977e+14 4.319896e+33
2.908349e+14 4.404845e+33
2.930893e+14 4.491464e+33
