# epsilon [g/cm^3]   P [dyn/cm^2]
1.364583e+14 6.438462e+32
1.375161e+14 6.532892e+32
1.385821e+14 6.628708e+32
1.396563e+14 6.725929e+32
1.407389e+14 6.824576e+32
1.418299e+14 6.924669e+32
1.429293e+14 7.026231e+32
1.440372e+14 7.129282e+32
1.451538e+14 7.233845e+32
1.462789e+14 7.339941e+32
1.474129e+14 7.447593e+32
1.485556e+14 7.556824e+32
1.497071e+14 7.667657e+32
1.508676e+14 7.780116e+32
1.520371e+14 7.894224e+32
1.532156e+14 8.010006e+32
1.544033e+14 8.127486e+32
1.556002e+14 8.246689e+32
1.568063e+14 8.367640e+32
1.580219e+14 8.490365e+32
1.592468e+14 8.614890e+32
1.604812e+14 8.741242e+32
1.617252e+14 8.869446e+32
1.629789e+14 8.999531e+32
1.642422e+14 9.131524e+32
1.655154e+14 9.265453e+32
1.667984e+14 9.401346e+32
1.680914e+14 9.539232e+32
1.693944e+14 9.679141e+32
1.707075e+14 9.821101e+32
1.720307e+14 9.965144e+32
1.733643e+14 1.011130e+33
1.747081e+14 1.025960e+33
1.760624e+14 1.041007e+33
1.774272e+14 1.056275e+33
1.788026e+14 1.071767e+33
1.801886e+14 1.087486e+33
1.815854e+14 1.103436e+33
1.829929e+14 1.119620e+33
1.844114e+14 1.136041e+33
1.858409e+14 1.152703e+33
1.872815e+14 1.169609e+33
1.887333e+14 1.186763e+33
1.901963e+14 1.204169e+33
1.916706e+14 1.221830e+33
1.931564e+14 1.239751e+33
1.946537e+14 1.257933e+33
1.961626e+14 1.276383e+33
1.976832e+14 1.295103e+33
1.992155e+14 1.314098e+33
2.007598e+14 1.333372e+33
2.023160e+14 1.352928e+33
2.038843e+14 1.372771e+33
2.054648e+14 1.392905e+33
2.070575e+14 1.413334e+33
2.086625e+14 1.434063e+33
2.102800e+14 1.455095e+33
2.119100e+14 1.476437e+33
2.135527e+14 1.498091e+33
2.152081e+14 1.520063e+33
2.168763e+14 1.542357e+33
2.185575e+14 1.564979e+33
2.202517e+14 1.587932e+33
2.219590e+14 1.611221e+33
2.236795e+14 1.634852e+33
2.254134e+14 1.658830e+33
2.271608e+14 1.683160e+33
2.289217e+14 1.707846e+33
2.306962e+14 1.732894e+33
2.324845e+14 1.758310e+33
2.342866e+14 1.784099e+33
2.361027e+14 1.810265e+33
2.379329e+14 1.836816e+33
2.397773e+14 1.863756e+33
2.416360e+14 1.891091e+33
2.435091e+14 1.918827e+33
2.453967e+14 1.946969e+33
2.472989e+14 1.975525e+33
2.492159e+14 2.004499e+33
2.511478e+14 2.033898e+33
2.530946e+14 2.063729e+33
2.550565e+14 2.093997e+33
2.570336e+14 2.124709e+33
2.590260e+14 2.155871e+33
2.610339e+14 2.187491e+33
2.630574e+14 2.219574e+33
2.650965e+14 2.252127e+33
2.671515e+14 2.285158e+33
2.692224e+14 2.318674e+33
2.713093e+14 2.352681e+33
2.734124e+14 2.387187e+33
2.755318e+14 2.422199e+33
2.776676e+14 2.457725e+33
2.798200e+14 2.493771e+33
2.819891e+14 2.530346e+33
2.841750e+14 2.567458e+33
2.863778e+14 2.605114e+33
2.885977e+14 2.643322e+33
2.908349e+14 2.682091e+33
2.930893e+14 2.721428e+33
