# epsilon [g/cm^3]   P [dyn/cm^2]
1.364583e+14 6.614860e+32
1.375161e+14 6.773270e+32
1.385821e+14 6.935475e+32
1.396563e+14 7.101563e+32
1.407389e+14 7.271629e+32
1.418299e+14 7.445768e+32
1.429293e+14 7.624077e+32
1.440372e+14 7.806657e+32
1.451538e+14 7.993608e+32
1.462789e+14 8.185037e+32
1.474129e+14 8.381049e+32
1.485556e+14 8.581756e+32
1.497071e+14 8.787270e+32
1.508676e+14 8.997705e+32
1.520371e+14 9.213179e+32
1.532156e+14 9.433814e+32
1.544033e+14 9.659732e+32
1.556002e+14 9.891060e+32
1.568063e+14 1.012793e+33
1.580219e+14 1.037047e+33
1.592468e+14 1.061882e+33
1.604812e+14 1.087311e+33
1.617252e+14 1.113350e+33
1.629789e+14 1.140012e+33
1.642422e+14 1.167313e+33
1.655154e+14 1.195267e+33
1.667984e+14 1.223891e+33
1.680914e+14 1.253201e+33
1.693944e+14 1.283212e+33
1.707075e+14 1.313942e+33
1.720307e+14 1.345408e+33
1.733643e+14 1.377627e+33
1.747081e+14 1.410618e+33
1.760624e+14 1.444399e+33
1.774272e+14 1.478989e+33
1.788026e+14 1.514408e+33
1.801886e+14 1.550674e+33
1.815854e+14 1.587810e+33
1.829929e+14 1.625834e+33
1.844114e+14 1.664769e+33
1.858409e+14 1.704636e+33
1.872815e+14 1.745458e+33
1.887333e+14 1.787258e+33
1.901963e+14 1.830059e+33
1.916706e+14 1.873885e+33
1.931564e+14 1.918760e+33
1.946537e+14 1.964710e+33
1.961626e+14 2.011760e+33
1.976832e+14 2.059937e+33
1.992155e+14 2.109268e+33
2.007598e+14 2.159780e+33
2.023160e+14 2.211502e+33
2.038843e+14 2.264462e+33
2.054648e+14 2.318691e+33
2.070575e+14 2.374218e+33
2.086625e+14 2.431075e+33
2.102800e+14 2.489294e+33
2.119100e+14 2.548907e+33
2.135527e+14 2.609947e+33
2.152081e+14 2.672449e+33
2.168763e+14 2.736449e+33
2.185575e+14 2.801980e+33
2.202517e+14 2.869081e+33
2.219590e+14 2.937789e+33
2.236795e+14 3.008142e+33
2.254134e+14 3.080181e+33
2.271608e+14 3.153944e+33
2.289217e+14 3.229473e+33
2.306962e+14 3.306812e+33
2.324845e+14 3.386003e+33
2.342866e+14 3.467090e+33
2.361027e+14 3.550118e+33
2.379329e+14 3.635136e+33
2.397773e+14 3.722189e+33
2.416360e+14 3.811327e+33
2.435091e+14 3.902599e+33
2.453967e+14 3.996057e+33
2.472989e+14 4.091754e+33
2.492159e+14 4.189742e+33
2.511478e+14 4.290077e+33
2.530946e+14 4.392814e+33
2.550565e+14 4.498012e+33
2.570336e+14 4.605729e+33
2.590260e+14 4.716026e+33
2.610339e+14 4.828964e+33
2.630574e+14 4.944606e+33
2.650965e+14 5.063018e+33
2.671515e+14 5.184266e+33
2.692224e+14 5.308417e+33
2.713093e+14 5.435542e+33
2.734124e+14 5.565710e+33
2.755318e+14 5.698996e+33
2.776676e+14 5.835474e+33
2.798200e+14 5.975221e+33
2.819891e+14 6.118313e+33
2.841750e+14 6.264833e+33
2.863778e+14 6.414861e+33
2.885977e+14 6.568483e+33
2.908349e+14 6.725783e+33
2.930893e+14 6.886850e+33
