# epsilon [g/cm^3]   P [dyn/cm^2]
1.364583e+14 6.506622e+32
1.375161e+14 6.625514e+32
1.385821e+14 6.746580e+32
1.396563e+14 6.869857e+32
1.407389e+14 6.995387e+32
1.418299e+14 7.123211e+32
1.429293e+14 7.253371e+32
1.440372e+14 7.385908e+32
1.451538e+14 7.520868e+32
1.462789e+14 7.658294e+32
1.474129e+14 7.798231e+32
1.485556e+14 7.940724e+32
1.497071e+14 8.085822e+32
1.508676e+14 8.233571e+32
1.520371e+14 8.384020e+32
1.532156e+14 8.537217e+32
1.544033e+14 8.693214e+32
1.556002e+14 8.852062e+32
1.568063e+14 9.013812e+32
1.580219e+14 9.178518e+32
1.592468e+14 9.346233e+32
1.604812e+14 9.517013e+32
1.617252e+14 9.690913e+32
1.629789e+14 9.867991e+32
1.642422e+14 1.004830e+33
1.655154e+14 1.023191e+33
1.667984e+14 1.041888e+33
1.680914e+14 1.060926e+33
1.693944e+14 1.080312e+33
1.707075e+14 1.100052e+33
1.720307e+14 1.120152e+33
1.733643e+14 1.140620e+33
1.747081e+14 1.161463e+33
1.760624e+14 1.182685e+33
1.774272e+14 1.204296e+33
1.788026e+14 1.226302e+33
1.801886e+14 1.248710e+33
1.815854e+14 1.271527e+33
1.829929e+14 1.294761e+33
1.844114e+14 1.318419e+33
1.858409e+14 1.342510e+33
1.872815e+14 1.367041e+33
1.887333e+14 1.392021e+33
1.901963e+14 1.417457e+33
1.916706e+14 1.443357e+33
1.931564e+14 1.469731e+33
1.946537e+14 1.496587e+33
1.961626e+14 1.523933e+33
1.976832e+14 1.551780e+33
1.992155e+14 1.580135e+33
2.007598e+14 1.609008e+33
2.023160e+14 1.638409e+33
2.038843e+14 1.668347e+33
2.054648e+14 1.698832e+33
2.070575e+14 1.729874e+33
2.086625e+14 1.761483e+33
2.102800e+14 1.793670e+33
2.119100e+14 1.826445e+33
2.135527e+14 1.859819e+33
2.152081e+14 1.893802e+33
2.168763e+14 1.928407e+33
2.185575e+14 1.963644e+33
2.202517e+14 1.999525e+33
2.219590e+14 2.036061e+33
2.236795e+14 2.073265e+33
2.254134e+14 2.111149e+33
2.271608e+14 2.149725e+33
2.289217e+14 2.189006e+33
2.306962e+14 2.229005e+33
2.324845e+14 2.269735e+33
2.342866e+14 2.311209e+33
2.361027e+14 2.353441e+33
2.379329e+14 2.396444e+33
2.397773e+14 2.440233e+33
2.416360e+14 2.484823e+33
2.435091e+14 2.530227e+33
2.453967e+14 2.576461e+33
2.472989e+14 2.623539e+33
2.492159e+14 2.671478e+33
2.511478e+14 2.720293e+33
2.530946e+14 2.770000e+33
2.550565e+14 2.820615e+33
2.570336e+14 2.872155e+33
2.590260e+14 2.924636e+33
2.610339e+14 2.978077e+33
2.630574e+14 3.032494e+33
2.650965e+14 3.087906e+33
2.671515e+14 3.144330e+33
2.692224e+14 3.201785e+33
2.713093e+14 3.260290e+33
2.734124e+14 3.319864e+33
2.755318e+14 3.380526e+33
2.776676e+14 3.442297e+33
2.798200e+14 3.505197e+33
2.819891e+14 3.569246e+33
2.841750e+14 3.634465e+33
2.863778e+14 3.700876e+33
2.885977e+14 3.768501e+33
2.908349e+14 3.837361e+33
2.930893e+14 3.907480e+33
