# epsilon [g/cm^3]   P [dyn/cm^2]
1.364583e+14 6.456101e+32
1.375161e+14 6.556831e+32
1.385821e+14 6.659132e+32
1.396563e+14 6.763030e+32
1.407389e+14 6.868548e+32
1.418299e+14 6.975713e+32
1.429293e+14 7.084550e+32
1.440372e+14 7.195085e+32
1.451538e+14 7.307344e+32
1.462789e+14 7.421355e+32
1.474129e+14 7.537145e+32
1.485556e+14 7.654742e+32
1.497071e+14 7.774173e+32
1.508676e+14 7.895468e+32
1.520371e+14 8.018655e+32
1.532156e+14 8.143764e+32
1.544033e+14 8.270825e+32
1.556002e+14 8.399868e+32
1.568063e+14 8.530925e+32
1.580219e+14 8.664027e+32
1.592468e+14 8.799205e+32
1.604812e+14 8.936493e+32
1.617252e+14 9.075922e+32
1.629789e+14 9.217527e+32
1.642422e+14 9.361341e+32
1.655154e+14 9.507399e+32
1.667984e+14 9.655736e+32
1.680914e+14 9.806387e+32
1.693944e+14 9.959389e+32
1.707075e+14 1.011478e+33
1.720307e+14 1.027259e+33
1.733643e+14 1.043287e+33
1.747081e+14 1.059564e+33
1.760624e+14 1.076096e+33
1.774272e+14 1.092885e+33
1.788026e+14 1.109937e+33
1.801886e+14 1.127254e+33
1.815854e+14 1.144842e+33
1.829929e+14 1.162704e+33
1.844114e+14 1.180845e+33
1.858409e+14 1.199269e+33
1.872815e+14 1.217980e+33
1.887333e+14 1.236983e+33
1.901963e+14 1.256283e+33
1.916706e+14 1.275884e+33
1.931564e+14 1.295791e+33
1.946537e+14 1.316008e+33
1.961626e+14 1.336541e+33
1.976832e+14 1.357394e+33
1.992155e+14 1.378572e+33
2.007598e+14 1.400081e+33
2.023160e+14 1.421925e+33
2.038843e+14 1.444111e+33
2.054648e+14 1.466642e+33
2.070575e+14 1.489525e+33
2.086625e+14 1.512765e+33
2.102800e+14 1.536367e+33
2.119100e+14 1.560338e+33
2.135527e+14 1.584683e+33
2.152081e+14 1.609408e+33
2.168763e+14 1.634518e+33
2.185575e+14 1.660020e+33
2.202517e+14 1.685920e+33
2.219590e+14 1.712224e+33
2.236795e+14 1.738939e+33
2.254134e+14 1.766070e+33
2.271608e+14 1.793625e+33
2.289217e+14 1.821610e+33
2.306962e+14 1.850031e+33
2.324845e+14 1.878895e+33
2.342866e+14 1.908210e+33
2.361027e+14 1.937983e+33
2.379329e+14 1.968220e+33
2.397773e+14 1.998928e+33
2.416360e+14 2.030116e+33
2.435091e+14 2.061791e+33
2.453967e+14 2.093959e+33
2.472989e+14 2.126630e+33
2.492159e+14 2.159810e+33
2.511478e+14 2.193508e+33
2.530946e+14 2.227731e+33
2.550565e+14 2.262489e+33
2.570336e+14 2.297789e+33
2.590260e+14 2.333640e+33
2.610339e+14 2.370050e+33
2.630574e+14 2.407028e+33
2.650965e+14 2.444583e+33
2.671515e+14 2.482724e+33
2.692224e+14 2.521460e+33
2.713093e+14 2.560800e+33
2.734124e+14 2.600755e+33
2.755318e+14 2.641332e+33
2.776676e+14 2.682543e+33
2.798200e+14 2.724397e+33
2.819891e+14 2.766904e+33
2.841750e+14 2.810073e+33
2.863778e+14 2.853917e+33
2.885977e+14 2.898444e+33
2.908349e+14 2.943667e+33
2.930893e+14 2.989595e+33
