# epsilon [g/cm^3]   P [dyn/cm^2]
1.364583e+14 6.454471e+32
1.375161e+14 6.554618e+32
1.385821e+14 6.656319e+32
1.396563e+14 6.759597e+32
1.407389e+14 6.864478e+32
1.418299e+14 6.970987e+32
1.429293e+14 7.079148e+32
1.440372e+14 7.188987e+32
1.451538e+14 7.300530e+32
1.462789e+14 7.413804e+32
1.474129e+14 7.528836e+32
1.485556e+14 7.645652e+32
1.497071e+14 7.764281e+32
1.508676e+14 7.884751e+32
1.520371e+14 8.007090e+32
1.532156e+14 8.131327e+32
1.544033e+14 8.257492e+32
1.556002e+14 8.385614e+32
1.568063e+14 8.515724e+32
1.580219e+14 8.647853e+32
1.592468e+14 8.782032e+32
1.604812e+14 8.918293e+32
1.617252e+14 9.056668e+32
1.629789e+14 9.197190e+32
1.642422e+14 9.339892e+32
1.655154e+14 9.484809e+32
1.667984e+14 9.631974e+32
1.680914e+14 9.781423e+32
1.693944e+14 9.933190e+32
1.707075e+14 1.008731e+33
1.720307e+14 1.024383e+33
1.733643e+14 1.040277e+33
1.747081e+14 1.056418e+33
1.760624e+14 1.072809e+33
1.774272e+14 1.089454e+33
1.788026e+14 1.106358e+33
1.801886e+14 1.123524e+33
1.815854e+14 1.140957e+33
1.829929e+14 1.158660e+33
1.844114e+14 1.176637e+33
1.858409e+14 1.194894e+33
1.872815e+14 1.213434e+33
1.887333e+14 1.232261e+33
1.901963e+14 1.251381e+33
1.916706e+14 1.270797e+33
1.931564e+14 1.290515e+33
1.946537e+14 1.310538e+33
1.961626e+14 1.330872e+33
1.976832e+14 1.351522e+33
1.992155e+14 1.372492e+33
2.007598e+14 1.393787e+33
2.023160e+14 1.415413e+33
2.038843e+14 1.437375e+33
2.054648e+14 1.459677e+33
2.070575e+14 1.482325e+33
2.086625e+14 1.505324e+33
2.102800e+14 1.528681e+33
2.119100e+14 1.552400e+33
2.135527e+14 1.576486e+33
2.152081e+14 1.600947e+33
2.168763e+14 1.625787e+33
2.185575e+14 1.651013e+33
2.202517e+14 1.676630e+33
2.219590e+14 1.702644e+33
2.236795e+14 1.729062e+33
2.254134e+14 1.755890e+33
2.271608e+14 1.783134e+33
2.289217e+14 1.810801e+33
2.306962e+14 1.838897e+33
2.324845e+14 1.867429e+33
2.342866e+14 1.896404e+33
2.361027e+14 1.925828e+33
2.379329e+14 1.955709e+33
2.397773e+14 1.986054e+33
2.416360e+14 2.016869e+33
2.435091e+14 2.048163e+33
2.453967e+14 2.079942e+33
2.472989e+14 2.112214e+33
2.492159e+14 2.144987e+33
2.511478e+14 2.178268e+33
2.530946e+14 2.212066e+33
2.550565e+14 2.246388e+33
2.570336e+14 2.281243e+33
2.590260e+14 2.316638e+33
2.610339e+14 2.352583e+33
2.630574e+14 2.389085e+33
2.650965e+14 2.426154e+33
2.671515e+14 2.463798e+33
2.692224e+14 2.502026e+33
2.713093e+14 2.540847e+33
2.734124e+14 2.580270e+33
2.755318e+14 2.620305e+33
2.776676e+14 2.660962e+33
2.798200e+14 2.702249e+33
2.819891e+14 2.744177e+33
2.841750e+14 2.786755e+33
2.863778e+14 2.829994e+33
2.885977e+14 2.873904e+33
2.908349e+14 2.918495e+33
2.930893e+14 2.963778e+33
