# epsilon [g/cm^3]   P [dyn/cm^2]
1.364583e+14 6.579147e+32
1.375161e+14 6.724428e+32
1.385821e+14 6.872918e+32
1.396563e+14 7.024686e+32
1.407389e+14 7.179806e+32
1.418299e+14 7.338351e+32
1.429293e+14 7.500397e+32
1.440372e+14 7.666021e+32
1.451538e+14 7.835303e+32
1.462789e+14 8.008322e+32
1.474129e+14 8.185163e+32
1.485556e+14 8.365908e+32
1.497071e+14 8.550645e+32
1.508676e+14 8.739461e+32
1.520371e+14 8.932446e+32
1.532156e+14 9.129693e+32
1.544033e+14 9.331296e+32
1.556002e+14 9.537350e+32
1.568063e+14 9.747955e+32
1.580219e+14 9.963210e+32
1.592468e+14 1.018322e+33
1.604812e+14 1.040808e+33
1.617252e+14 1.063792e+33
1.629789e+14 1.087282e+33
1.642422e+14 1.111292e+33
1.655154e+14 1.135832e+33
1.667984e+14 1.160913e+33
1.680914e+14 1.186548e+33
1.693944e+14 1.212750e+33
1.707075e+14 1.239530e+33
1.720307e+14 1.266901e+33
1.733643e+14 1.294877e+33
1.747081e+14 1.323471e+33
1.760624e+14 1.352696e+33
1.774272e+14 1.382566e+33
1.788026e+14 1.413096e+33
1.801886e+14 1.444300e+33
1.815854e+14 1.476193e+33
1.829929e+14 1.508791e+33
1.844114e+14 1.542108e+33
1.858409e+14 1.576161e+33
1.872815e+14 1.610966e+33
1.887333e+14 1.646539e+33
1.901963e+14 1.682898e+33
1.916706e+14 1.720060e+33
1.931564e+14 1.758043e+33
1.946537e+14 1.796864e+33
1.961626e+14 1.836542e+33
1.976832e+14 1.877097e+33
1.992155e+14 1.918547e+33
2.007598e+14 1.960913e+33
2.023160e+14 2.004214e+33
2.038843e+14 2.048471e+33
2.054648e+14 2.093705e+33
2.070575e+14 2.139939e+33
2.086625e+14 2.187193e+33
2.102800e+14 2.235491e+33
2.119100e+14 2.284855e+33
2.135527e+14 2.335310e+33
2.152081e+14 2.386878e+33
2.168763e+14 2.439585e+33
2.185575e+14 2.493456e+33
2.202517e+14 2.548517e+33
2.219590e+14 2.604794e+33
2.236795e+14 2.662313e+33
2.254134e+14 2.721102e+33
2.271608e+14 2.781190e+33
2.289217e+14 2.842604e+33
2.306962e+14 2.905375e+33
2.324845e+14 2.969532e+33
2.342866e+14 3.035105e+33
2.361027e+14 3.102126e+33
2.379329e+14 3.170628e+33
2.397773e+14 3.240642e+33
2.416360e+14 3.312202e+33
2.435091e+14 3.385342e+33
2.453967e+14 3.460098e+33
2.472989e+14 3.536504e+33
2.492159e+14 3.614597e+33
2.511478e+14 3.694415e+33
2.530946e+14 3.775995e+33
2.550565e+14 3.859377e+33
2.570336e+14 3.944600e+33
2.590260e+14 4.031705e+33
2.610339e+14 4.120734e+33
2.630574e+14 4.211728e+33
2.650965e+14 4.304732e+33
2.671515e+14 4.399789e+33
2.692224e+14 4.496946e+33
2.713093e+14 4.596248e+33
2.734124e+14 4.697742e+33
2.755318e+14 4.801478e+33
2.776676e+14 4.907505e+33
2.798200e+14 5.015873e+33
2.819891e+14 5.126634e+33
2.841750e+14 5.239840e+33
2.863778e+14 5.355547e+33
2.885977e+14 5.473809e+33
2.908349e+14 5.594682e+33
2.930893e+14 5.718224e+33
