# epsilon [g/cm^3]   P [dyn/cm^2]
1.364583e+14 6.529029e+32
1.375161e+14 6.656035e+32
1.385821e+14 6.785512e+32
1.396563e+14 6.917508e+32
1.407389e+14 7.052071e+32
1.418299e+14 7.189252e+32
1.429293e+14 7.329101e+32
1.440372e+14 7.471671e+32
1.451538e+14 7.617014e+32
1.462789e+14 7.765184e+32
1.474129e+14 7.916237e+32
1.485556e+14 8.070228e+32
1.497071e+14 8.227214e+32
1.508676e+14 8.387255e+32
1.520371e+14 8.550408e+32
1.532156e+14 8.716736e+32
1.544033e+14 8.886298e+32
1.556002e+14 9.059159e+32
1.568063e+14 9.235383e+32
1.580219e+14 9.415035e+32
1.592468e+14 9.598182e+32
1.604812e+14 9.784891e+32
1.617252e+14 9.975232e+32
1.629789e+14 1.016928e+33
1.642422e+14 1.036709e+33
1.655154e+14 1.056876e+33
1.667984e+14 1.077435e+33
1.680914e+14 1.098394e+33
1.693944e+14 1.119760e+33
1.707075e+14 1.141543e+33
1.720307e+14 1.163749e+33
1.733643e+14 1.186386e+33
1.747081e+14 1.209465e+33
1.760624e+14 1.232992e+33
1.774272e+14 1.256977e+33
1.788026e+14 1.281428e+33
1.801886e+14 1.306355e+33
1.815854e+14 1.331767e+33
1.829929e+14 1.357673e+33
1.844114e+14 1.384084e+33
1.858409e+14 1.411008e+33
1.872815e+14 1.438455e+33
1.887333e+14 1.466437e+33
1.901963e+14 1.494963e+33
1.916706e+14 1.524044e+33
1.931564e+14 1.553690e+33
1.946537e+14 1.583913e+33
1.961626e+14 1.614725e+33
1.976832e+14 1.646135e+33
1.992155e+14 1.678157e+33
2.007598e+14 1.710801e+33
2.023160e+14 1.744080e+33
2.038843e+14 1.778007e+33
2.054648e+14 1.812594e+33
2.070575e+14 1.847854e+33
2.086625e+14 1.883799e+33
2.102800e+14 1.920444e+33
2.119100e+14 1.957801e+33
2.135527e+14 1.995886e+33
2.152081e+14 2.034711e+33
2.168763e+14 2.074291e+33
2.185575e+14 2.114641e+33
2.202517e+14 2.155776e+33
2.219590e+14 2.197712e+33
2.236795e+14 2.240463e+33
2.254134e+14 2.284046e+33
2.271608e+14 2.328476e+33
2.289217e+14 2.373771e+33
2.306962e+14 2.419947e+33
2.324845e+14 2.467021e+33
2.342866e+14 2.515011e+33
2.361027e+14 2.563934e+33
2.379329e+14 2.613809e+33
2.397773e+14 2.664655e+33
2.416360e+14 2.716489e+33
2.435091e+14 2.769332e+33
2.453967e+14 2.823202e+33
2.472989e+14 2.878121e+33
2.492159e+14 2.934107e+33
2.511478e+14 2.991183e+33
2.530946e+14 3.049370e+33
2.550565e+14 3.108688e+33
2.570336e+14 3.169159e+33
2.590260e+14 3.230808e+33
2.610339e+14 3.293655e+33
2.630574e+14 3.357725e+33
2.650965e+14 3.423042e+33
2.671515e+14 3.489628e+33
2.692224e+14 3.557511e+33
2.713093e+14 3.626713e+33
2.734124e+14 3.697262e+33
2.755318e+14 3.769183e+33
2.776676e+14 3.842504e+33
2.798200e+14 3.917250e+33
2.819891e+14 3.993451e+33
2.841750e+14 4.071133e+33
2.863778e+14 4.150327e+33
2.885977e+14 4.231062e+33
2.908349e+14 4.313367e+33
2.930893e+14 4.397273e+33
