# epsilon [g/cm^3]   P [dyn/cm^2]
1.364583e+14 6.451062e+32
1.375161e+14 6.549991e+32
1.385821e+14 6.650436e+32
1.396563e+14 6.752421e+32
1.407389e+14 6.855971e+32
1.418299e+14 6.961109e+32
1.429293e+14 7.067858e+32
1.440372e+14 7.176245e+32
1.451538e+14 7.286294e+32
1.462789e+14 7.398031e+32
1.474129e+14 7.511481e+32
1.485556e+14 7.626671e+32
1.497071e+14 7.743627e+32
1.508676e+14 7.862377e+32
1.520371e+14 7.982948e+32
1.532156e+14 8.105368e+32
1.544033e+14 8.229665e+32
1.556002e+14 8.355868e+32
1.568063e+14 8.484007e+32
1.580219e+14 8.614111e+32
1.592468e+14 8.746209e+32
1.604812e+14 8.880334e+32
1.617252e+14 9.016516e+32
1.629789e+14 9.154785e+32
1.642422e+14 9.295176e+32
1.655154e+14 9.437719e+32
1.667984e+14 9.582448e+32
1.680914e+14 9.729396e+32
1.693944e+14 9.878598e+32
1.707075e+14 1.003009e+33
1.720307e+14 1.018390e+33
1.733643e+14 1.034007e+33
1.747081e+14 1.049864e+33
1.760624e+14 1.065964e+33
1.774272e+14 1.082311e+33
1.788026e+14 1.098908e+33
1.801886e+14 1.115760e+33
1.815854e+14 1.132870e+33
1.829929e+14 1.150243e+33
1.844114e+14 1.167882e+33
1.858409e+14 1.185792e+33
1.872815e+14 1.203976e+33
1.887333e+14 1.222439e+33
1.901963e+14 1.241186e+33
1.916706e+14 1.260220e+33
1.931564e+14 1.279545e+33
1.946537e+14 1.299167e+33
1.961626e+14 1.319090e+33
1.976832e+14 1.339319e+33
1.992155e+14 1.359857e+33
2.007598e+14 1.380711e+33
2.023160e+14 1.401885e+33
2.038843e+14 1.423383e+33
2.054648e+14 1.445210e+33
2.070575e+14 1.467373e+33
2.086625e+14 1.489875e+33
2.102800e+14 1.512723e+33
2.119100e+14 1.535921e+33
2.135527e+14 1.559474e+33
2.152081e+14 1.583389e+33
2.168763e+14 1.607671e+33
2.185575e+14 1.632325e+33
2.202517e+14 1.657357e+33
2.219590e+14 1.682773e+33
2.236795e+14 1.708578e+33
2.254134e+14 1.734780e+33
2.271608e+14 1.761383e+33
2.289217e+14 1.788394e+33
2.306962e+14 1.815819e+33
2.324845e+14 1.843665e+33
2.342866e+14 1.871938e+33
2.361027e+14 1.900644e+33
2.379329e+14 1.929791e+33
2.397773e+14 1.959385e+33
2.416360e+14 1.989432e+33
2.435091e+14 2.019941e+33
2.453967e+14 2.050917e+33
2.472989e+14 2.082368e+33
2.492159e+14 2.114301e+33
2.511478e+14 2.146725e+33
2.530946e+14 2.179645e+33
2.550565e+14 2.213070e+33
2.570336e+14 2.247008e+33
2.590260e+14 2.281466e+33
2.610339e+14 2.316453e+33
2.630574e+14 2.351976e+33
2.650965e+14 2.388044e+33
2.671515e+14 2.424665e+33
2.692224e+14 2.461848e+33
2.713093e+14 2.499601e+33
2.734124e+14 2.537932e+33
2.755318e+14 2.576852e+33
2.776676e+14 2.616369e+33
2.798200e+14 2.656491e+33
2.819891e+14 2.697229e+33
2.841750e+14 2.738591e+33
2.863778e+14 2.780588e+33
2.885977e+14 2.823229e+33
2.908349e+14 2.866524e+33
2.930893e+14 2.910482e+33
