# epsilon [g/cm^3]   P [dyn/cm^2]
1.364583e+14 6.625996e+32
1.375161e+14 6.788519e+32
1.385821e+14 6.955029e+32
1.396563e+14 7.125622e+32
1.407389e+14 7.300400e+32
1.418299e+14 7.479465e+32
1.429293e+14 7.662922e+32
1.440372e+14 7.850879e+32
1.451538e+14 8.043446e+32
1.462789e+14 8.240737e+32
1.474129e+14 8.442867e+32
1.485556e+14 8.649954e+32
1.497071e+14 8.862121e+32
1.508676e+14 9.079492e+32
1.520371e+14 9.302195e+32
1.532156e+14 9.530360e+32
1.544033e+14 9.764122e+32
1.556002e+14 1.000362e+33
1.568063e+14 1.024899e+33
1.580219e+14 1.050037e+33
1.592468e+14 1.075793e+33
1.604812e+14 1.102180e+33
1.617252e+14 1.129214e+33
1.629789e+14 1.156912e+33
1.642422e+14 1.185289e+33
1.655154e+14 1.214362e+33
1.667984e+14 1.244148e+33
1.680914e+14 1.274664e+33
1.693944e+14 1.305929e+33
1.707075e+14 1.337961e+33
1.720307e+14 1.370779e+33
1.733643e+14 1.404402e+33
1.747081e+14 1.438849e+33
1.760624e+14 1.474141e+33
1.774272e+14 1.510299e+33
1.788026e+14 1.547344e+33
1.801886e+14 1.585297e+33
1.815854e+14 1.624182e+33
1.829929e+14 1.664020e+33
1.844114e+14 1.704835e+33
1.858409e+14 1.746651e+33
1.872815e+14 1.789493e+33
1.887333e+14 1.833386e+33
1.901963e+14 1.878356e+33
1.916706e+14 1.924428e+33
1.931564e+14 1.971631e+33
1.946537e+14 2.019991e+33
1.961626e+14 2.069538e+33
1.976832e+14 2.120300e+33
1.992155e+14 2.172306e+33
2.007598e+14 2.225589e+33
2.023160e+14 2.280178e+33
2.038843e+14 2.336107e+33
2.054648e+14 2.393407e+33
2.070575e+14 2.452113e+33
2.086625e+14 2.512259e+33
2.102800e+14 2.573880e+33
2.119100e+14 2.637012e+33
2.135527e+14 2.701693e+33
2.152081e+14 2.767960e+33
2.168763e+14 2.835853e+33
2.185575e+14 2.905411e+33
2.202517e+14 2.976675e+33
2.219590e+14 3.049688e+33
2.236795e+14 3.124491e+33
2.254134e+14 3.201128e+33
2.271608e+14 3.279646e+33
2.289217e+14 3.360090e+33
2.306962e+14 3.442506e+33
2.324845e+14 3.526944e+33
2.342866e+14 3.613454e+33
2.361027e+14 3.702085e+33
2.379329e+14 3.792890e+33
2.397773e+14 3.885922e+33
2.416360e+14 3.981237e+33
2.435091e+14 4.078889e+33
2.453967e+14 4.178936e+33
2.472989e+14 4.281438e+33
2.492159e+14 4.386453e+33
2.511478e+14 4.494045e+33
2.530946e+14 4.604275e+33
2.550565e+14 4.717209e+33
2.570336e+14 4.832913e+33
2.590260e+14 4.951455e+33
2.610339e+14 5.072905e+33
2.630574e+14 5.197334e+33
2.650965e+14 5.324815e+33
2.671515e+14 5.455422e+33
2.692224e+14 5.589234e+33
2.713093e+14 5.726327e+33
2.734124e+14 5.866783e+33
2.755318e+14 6.010684e+33
2.776676e+14 6.158114e+33
2.798200e+14 6.309161e+33
2.819891e+14 6.463913e+33
2.841750e+14 6.622461e+33
2.863778e+14 6.784897e+33
2.885977e+14 6.951318e+33
2.908349e+14 7.121820e+33
2.930893e+14 7.296505e+33
