# epsilon [g/cm^3]   P [dyn/cm^2]
1.364583e+14 6.590655e+32
1.375161e+14 6.740158e+32
1.385821e+14 6.893052e+32
1.396563e+14 7.049414e+32
1.407389e+14 7.209323e+32
1.418299e+14 7.372859e+32
1.429293e+14 7.540105e+32
1.440372e+14 7.711145e+32
1.451538e+14 7.886065e+32
1.462789e+14 8.064953e+32
1.474129e+14 8.247898e+32
1.485556e+14 8.434994e+32
1.497071e+14 8.626333e+32
1.508676e+14 8.822013e+32
1.520371e+14 9.022132e+32
1.532156e+14 9.226790e+32
1.544033e+14 9.436091e+32
1.556002e+14 9.650139e+32
1.568063e+14 9.869043e+32
1.580219e+14 1.009291e+33
1.592468e+14 1.032186e+33
1.604812e+14 1.055600e+33
1.617252e+14 1.079545e+33
1.629789e+14 1.104034e+33
1.642422e+14 1.129078e+33
1.655154e+14 1.154690e+33
1.667984e+14 1.180883e+33
1.680914e+14 1.207670e+33
1.693944e+14 1.235065e+33
1.707075e+14 1.263081e+33
1.720307e+14 1.291733e+33
1.733643e+14 1.321034e+33
1.747081e+14 1.351001e+33
1.760624e+14 1.381647e+33
1.774272e+14 1.412988e+33
1.788026e+14 1.445040e+33
1.801886e+14 1.477820e+33
1.815854e+14 1.511343e+33
1.829929e+14 1.545626e+33
1.844114e+14 1.580687e+33
1.858409e+14 1.616543e+33
1.872815e+14 1.653213e+33
1.887333e+14 1.690715e+33
1.901963e+14 1.729067e+33
1.916706e+14 1.768289e+33
1.931564e+14 1.808401e+33
1.946537e+14 1.849423e+33
1.961626e+14 1.891375e+33
1.976832e+14 1.934279e+33
1.992155e+14 1.978156e+33
2.007598e+14 2.023029e+33
2.023160e+14 2.068919e+33
2.038843e+14 2.115850e+33
2.054648e+14 2.163846e+33
2.070575e+14 2.212931e+33
2.086625e+14 2.263129e+33
2.102800e+14 2.314466e+33
2.119100e+14 2.366968e+33
2.135527e+14 2.420660e+33
2.152081e+14 2.475570e+33
2.168763e+14 2.531726e+33
2.185575e+14 2.589156e+33
2.202517e+14 2.647888e+33
2.219590e+14 2.707953e+33
2.236795e+14 2.769380e+33
2.254134e+14 2.832201e+33
2.271608e+14 2.896447e+33
2.289217e+14 2.962150e+33
2.306962e+14 3.029343e+33
2.324845e+14 3.098061e+33
2.342866e+14 3.168337e+33
2.361027e+14 3.240208e+33
2.379329e+14 3.313709e+33
2.397773e+14 3.388877e+33
2.416360e+14 3.465750e+33
2.435091e+14 3.544367e+33
2.453967e+14 3.624768e+33
2.472989e+14 3.706992e+33
2.492159e+14 3.791082e+33
2.511478e+14 3.877079e+33
2.530946e+14 3.965026e+33
2.550565e+14 4.054969e+33
2.570336e+14 4.146952e+33
2.590260e+14 4.241022e+33
2.610339e+14 4.337225e+33
2.630574e+14 4.435611e+33
2.650965e+14 4.536228e+33
2.671515e+14 4.639128e+33
2.692224e+14 4.744362e+33
2.713093e+14 4.851983e+33
2.734124e+14 4.962046e+33
2.755318e+14 5.074605e+33
2.776676e+14 5.189717e+33
2.798200e+14 5.307441e+33
2.819891e+14 5.427835e+33
2.841750e+14 5.550960e+33
2.863778e+14 5.676878e+33
2.885977e+14 5.805653e+33
2.908349e+14 5.937348e+33
2.930893e+14 6.072031e+33
