# epsilon [g/cm^3]   P [dyn/cm^2]
1.364583e+14 6.505585e+32
1.375161e+14 6.624104e+32
1.385821e+14 6.744781e+32
1.396563e+14 6.867657e+32
1.407389e+14 6.992772e+32
1.418299e+14 7.120166e+32
1.429293e+14 7.249880e+32
1.440372e+14 7.381958e+32
1.451538e+14 7.516442e+32
1.462789e+14 7.653377e+32
1.474129e+14 7.792805e+32
1.485556e+14 7.934774e+32
1.497071e+14 8.079329e+32
1.508676e+14 8.226518e+32
1.520371e+14 8.376388e+32
1.532156e+14 8.528989e+32
1.544033e+14 8.684370e+32
1.556002e+14 8.842581e+32
1.568063e+14 9.003675e+32
1.580219e+14 9.167703e+32
1.592468e+14 9.334720e+32
1.604812e+14 9.504779e+32
1.617252e+14 9.677937e+32
1.629789e+14 9.854249e+32
1.642422e+14 1.003377e+33
1.655154e+14 1.021657e+33
1.667984e+14 1.040269e+33
1.680914e+14 1.059221e+33
1.693944e+14 1.078518e+33
1.707075e+14 1.098166e+33
1.720307e+14 1.118172e+33
1.733643e+14 1.138543e+33
1.747081e+14 1.159285e+33
1.760624e+14 1.180405e+33
1.774272e+14 1.201909e+33
1.788026e+14 1.223806e+33
1.801886e+14 1.246101e+33
1.815854e+14 1.268802e+33
1.829929e+14 1.291917e+33
1.844114e+14 1.315453e+33
1.858409e+14 1.339418e+33
1.872815e+14 1.363820e+33
1.887333e+14 1.388666e+33
1.901963e+14 1.413964e+33
1.916706e+14 1.439724e+33
1.931564e+14 1.465953e+33
1.946537e+14 1.492659e+33
1.961626e+14 1.519852e+33
1.976832e+14 1.547541e+33
1.992155e+14 1.575734e+33
2.007598e+14 1.604441e+33
2.023160e+14 1.633670e+33
2.038843e+14 1.663432e+33
2.054648e+14 1.693737e+33
2.070575e+14 1.724593e+33
2.086625e+14 1.756012e+33
2.102800e+14 1.788003e+33
2.119100e+14 1.820576e+33
2.135527e+14 1.853743e+33
2.152081e+14 1.887515e+33
2.168763e+14 1.921901e+33
2.185575e+14 1.956915e+33
2.202517e+14 1.992565e+33
2.219590e+14 2.028866e+33
2.236795e+14 2.065828e+33
2.254134e+14 2.103463e+33
2.271608e+14 2.141784e+33
2.289217e+14 2.180802e+33
2.306962e+14 2.220532e+33
2.324845e+14 2.260986e+33
2.342866e+14 2.302176e+33
2.361027e+14 2.344117e+33
2.379329e+14 2.386822e+33
2.397773e+14 2.430305e+33
2.416360e+14 2.474580e+33
2.435091e+14 2.519662e+33
2.453967e+14 2.565565e+33
2.472989e+14 2.612304e+33
2.492159e+14 2.659895e+33
2.511478e+14 2.708353e+33
2.530946e+14 2.757694e+33
2.550565e+14 2.807933e+33
2.570336e+14 2.859088e+33
2.590260e+14 2.911175e+33
2.610339e+14 2.964210e+33
2.630574e+14 3.018212e+33
2.650965e+14 3.073198e+33
2.671515e+14 3.129185e+33
2.692224e+14 3.186192e+33
2.713093e+14 3.244238e+33
2.734124e+14 3.303342e+33
2.755318e+14 3.363522e+33
2.776676e+14 3.424798e+33
2.798200e+14 3.487191e+33
2.819891e+14 3.550720e+33
2.841750e+14 3.615407e+33
2.863778e+14 3.681272e+33
2.885977e+14 3.748338e+33
2.908349e+14 3.816625e+33
2.930893e+14 3.886156e+33
