# epsilon [g/cm^3]   P [dyn/cm^2]
1.364583e+14 6.567499e+32
1.375161e+14 6.708518e+32
1.385821e+14 6.852564e+32
1.396563e+14 6.999703e+32
1.407389e+14 7.150002e+32
1.418299e+14 7.303528e+32
1.429293e+14 7.460351e+32
1.440372e+14 7.620540e+32
1.451538e+14 7.784170e+32
1.462789e+14 7.951313e+32
1.474129e+14 8.122045e+32
1.485556e+14 8.296443e+32
1.497071e+14 8.474585e+32
1.508676e+14 8.656553e+32
1.520371e+14 8.842428e+32
1.532156e+14 9.032294e+32
1.544033e+14 9.226236e+32
1.556002e+14 9.424344e+32
1.568063e+14 9.626705e+32
1.580219e+14 9.833411e+32
1.592468e+14 1.004456e+33
1.604812e+14 1.026023e+33
1.617252e+14 1.048054e+33
1.629789e+14 1.070558e+33
1.642422e+14 1.093545e+33
1.655154e+14 1.117026e+33
1.667984e+14 1.141011e+33
1.680914e+14 1.165511e+33
1.693944e+14 1.190537e+33
1.707075e+14 1.216101e+33
1.720307e+14 1.242213e+33
1.733643e+14 1.268886e+33
1.747081e+14 1.296132e+33
1.760624e+14 1.323962e+33
1.774272e+14 1.352391e+33
1.788026e+14 1.381429e+33
1.801886e+14 1.411092e+33
1.815854e+14 1.441391e+33
1.829929e+14 1.472341e+33
1.844114e+14 1.503955e+33
1.858409e+14 1.536248e+33
1.872815e+14 1.569235e+33
1.887333e+14 1.602930e+33
1.901963e+14 1.637348e+33
1.916706e+14 1.672505e+33
1.931564e+14 1.708418e+33
1.946537e+14 1.745101e+33
1.961626e+14 1.782572e+33
1.976832e+14 1.820848e+33
1.992155e+14 1.859945e+33
2.007598e+14 1.899882e+33
2.023160e+14 1.940677e+33
2.038843e+14 1.982347e+33
2.054648e+14 2.024913e+33
2.070575e+14 2.068392e+33
2.086625e+14 2.112805e+33
2.102800e+14 2.158171e+33
2.119100e+14 2.204512e+33
2.135527e+14 2.251848e+33
2.152081e+14 2.300200e+33
2.168763e+14 2.349590e+33
2.185575e+14 2.400041e+33
2.202517e+14 2.451575e+33
2.219590e+14 2.504215e+33
2.236795e+14 2.557986e+33
2.254134e+14 2.612912e+33
2.271608e+14 2.669016e+33
2.289217e+14 2.726326e+33
2.306962e+14 2.784866e+33
2.324845e+14 2.844663e+33
2.342866e+14 2.905744e+33
2.361027e+14 2.968137e+33
2.379329e+14 3.031869e+33
2.397773e+14 3.096970e+33
2.416360e+14 3.163468e+33
2.435091e+14 3.231395e+33
2.453967e+14 3.300780e+33
2.472989e+14 3.371655e+33
2.492159e+14 3.444052e+33
2.511478e+14 3.518003e+33
2.530946e+14 3.593542e+33
2.550565e+14 3.670703e+33
2.570336e+14 3.749521e+33
2.590260e+14 3.830031e+33
2.610339e+14 3.912270e+33
2.630574e+14 3.996275e+33
2.650965e+14 4.082084e+33
2.671515e+14 4.169735e+33
2.692224e+14 4.259268e+33
2.713093e+14 4.350724e+33
2.734124e+14 4.444143e+33
2.755318e+14 4.539569e+33
2.776676e+14 4.637043e+33
2.798200e+14 4.736610e+33
2.819891e+14 4.838315e+33
2.841750e+14 4.942205e+33
2.863778e+14 5.048324e+33
2.885977e+14 5.156723e+33
2.908349e+14 5.267449e+33
2.930893e+14 5.380552e+33
