# epsilon [g/cm^3]   P [dyn/cm^2]
1.364583e+14 6.521231e+32
1.375161e+14 6.645410e+32
1.385821e+14 6.771953e+32
1.396563e+14 6.900906e+32
1.407389e+14 7.032315e+32
1.418299e+14 7.166226e+32
1.429293e+14 7.302686e+32
1.440372e+14 7.441746e+32
1.451538e+14 7.583453e+32
1.462789e+14 7.727859e+32
1.474129e+14 7.875014e+32
1.485556e+14 8.024972e+32
1.497071e+14 8.177786e+32
1.508676e+14 8.333509e+32
1.520371e+14 8.492197e+32
1.532156e+14 8.653907e+32
1.544033e+14 8.818697e+32
1.556002e+14 8.986625e+32
1.568063e+14 9.157750e+32
1.580219e+14 9.332134e+32
1.592468e+14 9.509838e+32
1.604812e+14 9.690927e+32
1.617252e+14 9.875464e+32
1.629789e+14 1.006351e+33
1.642422e+14 1.025515e+33
1.655154e+14 1.045043e+33
1.667984e+14 1.064943e+33
1.680914e+14 1.085221e+33
1.693944e+14 1.105887e+33
1.707075e+14 1.126945e+33
1.720307e+14 1.148405e+33
1.733643e+14 1.170273e+33
1.747081e+14 1.192557e+33
1.760624e+14 1.215266e+33
1.774272e+14 1.238408e+33
1.788026e+14 1.261990e+33
1.801886e+14 1.286021e+33
1.815854e+14 1.310509e+33
1.829929e+14 1.335464e+33
1.844114e+14 1.360895e+33
1.858409e+14 1.386809e+33
1.872815e+14 1.413217e+33
1.887333e+14 1.440128e+33
1.901963e+14 1.467551e+33
1.916706e+14 1.495496e+33
1.931564e+14 1.523974e+33
1.946537e+14 1.552994e+33
1.961626e+14 1.582566e+33
1.976832e+14 1.612702e+33
1.992155e+14 1.643411e+33
2.007598e+14 1.674706e+33
2.023160e+14 1.706596e+33
2.038843e+14 1.739093e+33
2.054648e+14 1.772209e+33
2.070575e+14 1.805956e+33
2.086625e+14 1.840345e+33
2.102800e+14 1.875390e+33
2.119100e+14 1.911101e+33
2.135527e+14 1.947493e+33
2.152081e+14 1.984578e+33
2.168763e+14 2.022368e+33
2.185575e+14 2.060879e+33
2.202517e+14 2.100122e+33
2.219590e+14 2.140113e+33
2.236795e+14 2.180866e+33
2.254134e+14 2.222394e+33
2.271608e+14 2.264714e+33
2.289217e+14 2.307839e+33
2.306962e+14 2.351785e+33
2.324845e+14 2.396568e+33
2.342866e+14 2.442204e+33
2.361027e+14 2.488709e+33
2.379329e+14 2.536100e+33
2.397773e+14 2.584393e+33
2.416360e+14 2.633606e+33
2.435091e+14 2.683755e+33
2.453967e+14 2.734860e+33
2.472989e+14 2.786938e+33
2.492159e+14 2.840007e+33
2.511478e+14 2.894087e+33
2.530946e+14 2.949197e+33
2.550565e+14 3.005356e+33
2.570336e+14 3.062585e+33
2.590260e+14 3.120903e+33
2.610339e+14 3.180332e+33
2.630574e+14 3.240893e+33
2.650965e+14 3.302607e+33
2.671515e+14 3.365496e+33
2.692224e+14 3.429582e+33
2.713093e+14 3.494889e+33
2.734124e+14 3.561439e+33
2.755318e+14 3.629257e+33
2.776676e+14 3.698366e+33
2.798200e+14 3.768791e+33
2.819891e+14 3.840558e+33
2.841750e+14 3.913690e+33
2.863778e+14 3.988216e+33
2.885977e+14 4.064160e+33
2.908349e+14 4.141551e+33
2.930893e+14 4.220415e+33
