# epsilon [g/cm^3]   P [dyn/cm^2]
1.364583e+14 6.533841e+32
1.375161e+14 6.662594e+32
1.385821e+14 6.793885e+32
1.396563e+14 6.927762e+32
1.407389e+14 7.064278e+32
1.418299e+14 7.203484e+32
1.429293e+14 7.345433e+32
1.440372e+14 7.490179e+32
1.451538e+14 7.637778e+32
1.462789e+14 7.788285e+32
1.474129e+14 7.941758e+32
1.485556e+14 8.098255e+32
1.497071e+14 8.257836e+32
1.508676e+14 8.420562e+32
1.520371e+14 8.586494e+32
1.532156e+14 8.755696e+32
1.544033e+14 8.928232e+32
1.556002e+14 9.104169e+32
1.568063e+14 9.283572e+32
1.580219e+14 9.466510e+32
1.592468e+14 9.653054e+32
1.604812e+14 9.843273e+32
1.617252e+14 1.003724e+33
1.629789e+14 1.023503e+33
1.642422e+14 1.043672e+33
1.655154e+14 1.064238e+33
1.667984e+14 1.085209e+33
1.680914e+14 1.106594e+33
1.693944e+14 1.128400e+33
1.707075e+14 1.150636e+33
1.720307e+14 1.173310e+33
1.733643e+14 1.196431e+33
1.747081e+14 1.220007e+33
1.760624e+14 1.244048e+33
1.774272e+14 1.268563e+33
1.788026e+14 1.293561e+33
1.801886e+14 1.319051e+33
1.815854e+14 1.345044e+33
1.829929e+14 1.371549e+33
1.844114e+14 1.398576e+33
1.858409e+14 1.426136e+33
1.872815e+14 1.454239e+33
1.887333e+14 1.482895e+33
1.901963e+14 1.512117e+33
1.916706e+14 1.541914e+33
1.931564e+14 1.572298e+33
1.946537e+14 1.603281e+33
1.961626e+14 1.634875e+33
1.976832e+14 1.667091e+33
1.992155e+14 1.699942e+33
2.007598e+14 1.733441e+33
2.023160e+14 1.767599e+33
2.038843e+14 1.802431e+33
2.054648e+14 1.837949e+33
2.070575e+14 1.874167e+33
2.086625e+14 1.911098e+33
2.102800e+14 1.948757e+33
2.119100e+14 1.987159e+33
2.135527e+14 2.026317e+33
2.152081e+14 2.066247e+33
2.168763e+14 2.106964e+33
2.185575e+14 2.148483e+33
2.202517e+14 2.190820e+33
2.219590e+14 2.233991e+33
2.236795e+14 2.278013e+33
2.254134e+14 2.322903e+33
2.271608e+14 2.368677e+33
2.289217e+14 2.415353e+33
2.306962e+14 2.462949e+33
2.324845e+14 2.511483e+33
2.342866e+14 2.560974e+33
2.361027e+14 2.611439e+33
2.379329e+14 2.662899e+33
2.397773e+14 2.715373e+33
2.416360e+14 2.768881e+33
2.435091e+14 2.823444e+33
2.453967e+14 2.879081e+33
2.472989e+14 2.935815e+33
2.492159e+14 2.993667e+33
2.511478e+14 3.052660e+33
2.530946e+14 3.112814e+33
2.550565e+14 3.174154e+33
2.570336e+14 3.236703e+33
2.590260e+14 3.300484e+33
2.610339e+14 3.365522e+33
2.630574e+14 3.431841e+33
2.650965e+14 3.499468e+33
2.671515e+14 3.568427e+33
2.692224e+14 3.638745e+33
2.713093e+14 3.710449e+33
2.734124e+14 3.783565e+33
2.755318e+14 3.858123e+33
2.776676e+14 3.934150e+33
2.798200e+14 4.011674e+33
2.819891e+14 4.090727e+33
2.841750e+14 4.171337e+33
2.863778e+14 4.253536e+33
2.885977e+14 4.337354e+33
2.908349e+14 4.422825e+33
2.930893e+14 4.509979e+33
