# epsilon [g/cm^3]   P [dyn/cm^2]
1.364583e+14 6.541013e+32
1.375161e+14 6.672373e+32
1.385821e+14 6.806371e+32
1.396563e+14 6.943060e+32
1.407389e+14 7.082494e+32
1.418299e+14 7.224729e+32
1.429293e+14 7.369820e+32
1.440372e+14 7.517824e+32
1.451538e+14 7.668801e+32
1.462789e+14 7.822810e+32
1.474129e+14 7.979912e+32
1.485556e+14 8.140169e+32
1.497071e+14 8.303644e+32
1.508676e+14 8.470402e+32
1.520371e+14 8.640509e+32
1.532156e+14 8.814032e+32
1.544033e+14 8.991040e+32
1.556002e+14 9.171603e+32
1.568063e+14 9.355792e+32
1.580219e+14 9.543680e+32
1.592468e+14 9.735341e+32
1.604812e+14 9.930852e+32
1.617252e+14 1.013029e+33
1.629789e+14 1.033373e+33
1.642422e+14 1.054126e+33
1.655154e+14 1.075295e+33
1.667984e+14 1.096890e+33
1.680914e+14 1.118918e+33
1.693944e+14 1.141389e+33
1.707075e+14 1.164311e+33
1.720307e+14 1.187693e+33
1.733643e+14 1.211545e+33
1.747081e+14 1.235876e+33
1.760624e+14 1.260696e+33
1.774272e+14 1.286013e+33
1.788026e+14 1.311840e+33
1.801886e+14 1.338185e+33
1.815854e+14 1.365059e+33
1.829929e+14 1.392473e+33
1.844114e+14 1.420437e+33
1.858409e+14 1.448963e+33
1.872815e+14 1.478062e+33
1.887333e+14 1.507745e+33
1.901963e+14 1.538025e+33
1.916706e+14 1.568912e+33
1.931564e+14 1.600420e+33
1.946537e+14 1.632560e+33
1.961626e+14 1.665346e+33
1.976832e+14 1.698791e+33
1.992155e+14 1.732907e+33
2.007598e+14 1.767708e+33
2.023160e+14 1.803208e+33
2.038843e+14 1.839421e+33
2.054648e+14 1.876361e+33
2.070575e+14 1.914043e+33
2.086625e+14 1.952482e+33
2.102800e+14 1.991693e+33
2.119100e+14 2.031691e+33
2.135527e+14 2.072492e+33
2.152081e+14 2.114113e+33
2.168763e+14 2.156570e+33
2.185575e+14 2.199879e+33
2.202517e+14 2.244058e+33
2.219590e+14 2.289125e+33
2.236795e+14 2.335096e+33
2.254134e+14 2.381991e+33
2.271608e+14 2.429827e+33
2.289217e+14 2.478624e+33
2.306962e+14 2.528401e+33
2.324845e+14 2.579178e+33
2.342866e+14 2.630974e+33
2.361027e+14 2.683811e+33
2.379329e+14 2.737709e+33
2.397773e+14 2.792689e+33
2.416360e+14 2.848773e+33
2.435091e+14 2.905984e+33
2.453967e+14 2.964343e+33
2.472989e+14 3.023875e+33
2.492159e+14 3.084602e+33
2.511478e+14 3.146548e+33
2.530946e+14 3.209739e+33
2.550565e+14 3.274199e+33
2.570336e+14 3.339953e+33
2.590260e+14 3.407028e+33
2.610339e+14 3.475449e+33
2.630574e+14 3.545245e+33
2.650965e+14 3.616443e+33
2.671515e+14 3.689070e+33
2.692224e+14 3.763156e+33
2.713093e+14 3.838729e+33
2.734124e+14 3.915821e+33
2.755318e+14 3.994460e+33
2.776676e+14 4.074679e+33
2.798200e+14 4.156509e+33
2.819891e+14 4.239982e+33
2.841750e+14 4.325132e+33
2.863778e+14 4.411992e+33
2.885977e+14 4.500595e+33
2.908349e+14 4.590979e+33
2.930893e+14 4.683177e+33
