# epsilon [g/cm^3]   P [dyn/cm^2]
1.364583e+14 6.602426e+32
1.375161e+14 6.756256e+32
1.385821e+14 6.913669e+32
1.396563e+14 7.074750e+32
1.407389e+14 7.239585e+32
1.418299e+14 7.408259e+32
1.429293e+14 7.580864e+32
1.440372e+14 7.757490e+32
1.451538e+14 7.938231e+32
1.462789e+14 8.123184e+32
1.474129e+14 8.312445e+32
1.485556e+14 8.506116e+32
1.497071e+14 8.704300e+32
1.508676e+14 8.907101e+32
1.520371e+14 9.114627e+32
1.532156e+14 9.326988e+32
1.544033e+14 9.544297e+32
1.556002e+14 9.766669e+32
1.568063e+14 9.994222e+32
1.580219e+14 1.022708e+33
1.592468e+14 1.046536e+33
1.604812e+14 1.070919e+33
1.617252e+14 1.095870e+33
1.629789e+14 1.121403e+33
1.642422e+14 1.147530e+33
1.655154e+14 1.174267e+33
1.667984e+14 1.201626e+33
1.680914e+14 1.229622e+33
1.693944e+14 1.258271e+33
1.707075e+14 1.287588e+33
1.720307e+14 1.317587e+33
1.733643e+14 1.348285e+33
1.747081e+14 1.379699e+33
1.760624e+14 1.411845e+33
1.774272e+14 1.444739e+33
1.788026e+14 1.478400e+33
1.801886e+14 1.512845e+33
1.815854e+14 1.548093e+33
1.829929e+14 1.584162e+33
1.844114e+14 1.621071e+33
1.858409e+14 1.658840e+33
1.872815e+14 1.697489e+33
1.887333e+14 1.737039e+33
1.901963e+14 1.777510e+33
1.916706e+14 1.818924e+33
1.931564e+14 1.861303e+33
1.946537e+14 1.904670e+33
1.961626e+14 1.949047e+33
1.976832e+14 1.994457e+33
1.992155e+14 2.040926e+33
2.007598e+14 2.088478e+33
2.023160e+14 2.137137e+33
2.038843e+14 2.186930e+33
2.054648e+14 2.237883e+33
2.070575e+14 2.290023e+33
2.086625e+14 2.343378e+33
2.102800e+14 2.397977e+33
2.119100e+14 2.453847e+33
2.135527e+14 2.511019e+33
2.152081e+14 2.569523e+33
2.168763e+14 2.629390e+33
2.185575e+14 2.690652e+33
2.202517e+14 2.753342e+33
2.219590e+14 2.817492e+33
2.236795e+14 2.883136e+33
2.254134e+14 2.950310e+33
2.271608e+14 3.019049e+33
2.289217e+14 3.089390e+33
2.306962e+14 3.161369e+33
2.324845e+14 3.235026e+33
2.342866e+14 3.310399e+33
2.361027e+14 3.387528e+33
2.379329e+14 3.466453e+33
2.397773e+14 3.547218e+33
2.416360e+14 3.629864e+33
2.435091e+14 3.714436e+33
2.453967e+14 3.800979e+33
2.472989e+14 3.889538e+33
2.492159e+14 3.980160e+33
2.511478e+14 4.072893e+33
2.530946e+14 4.167787e+33
2.550565e+14 4.264892e+33
2.570336e+14 4.364260e+33
2.590260e+14 4.465943e+33
2.610339e+14 4.569994e+33
2.630574e+14 4.676470e+33
2.650965e+14 4.785427e+33
2.671515e+14 4.896923e+33
2.692224e+14 5.011016e+33
2.713093e+14 5.127767e+33
2.734124e+14 5.247239e+33
2.755318e+14 5.369494e+33
2.776676e+14 5.494597e+33
2.798200e+14 5.622615e+33
2.819891e+14 5.753616e+33
2.841750e+14 5.887670e+33
2.863778e+14 6.024846e+33
2.885977e+14 6.165219e+33
2.908349e+14 6.308862e+33
2.930893e+14 6.455851e+33
