# epsilon [g/cm^3]   P [dyn/cm^2]
1.364583e+14 6.439919e+32
1.375161e+14 6.534869e+32
1.385821e+14 6.631220e+32
1.396563e+14 6.728990e+32
1.407389e+14 6.828203e+32
1.418299e+14 6.928878e+32
1.429293e+14 7.031037e+32
1.440372e+14 7.134703e+32
1.451538e+14 7.239897e+32
1.462789e+14 7.346642e+32
1.474129e+14 7.454961e+32
1.485556e+14 7.564877e+32
1.497071e+14 7.676414e+32
1.508676e+14 7.789595e+32
1.520371e+14 7.904445e+32
1.532156e+14 8.020988e+32
1.544033e+14 8.139249e+32
1.556002e+14 8.259255e+32
1.568063e+14 8.381029e+32
1.580219e+14 8.504599e+32
1.592468e+14 8.629991e+32
1.604812e+14 8.757232e+32
1.617252e+14 8.886348e+32
1.629789e+14 9.017369e+32
1.642422e+14 9.150321e+32
1.655154e+14 9.285233e+32
1.667984e+14 9.422135e+32
1.680914e+14 9.561055e+32
1.693944e+14 9.702023e+32
1.707075e+14 9.845070e+32
1.720307e+14 9.990226e+32
1.733643e+14 1.013752e+33
1.747081e+14 1.028699e+33
1.760624e+14 1.043866e+33
1.774272e+14 1.059257e+33
1.788026e+14 1.074875e+33
1.801886e+14 1.090723e+33
1.815854e+14 1.106804e+33
1.829929e+14 1.123123e+33
1.844114e+14 1.139682e+33
1.858409e+14 1.156486e+33
1.872815e+14 1.173537e+33
1.887333e+14 1.190840e+33
1.901963e+14 1.208397e+33
1.916706e+14 1.226214e+33
1.931564e+14 1.244293e+33
1.946537e+14 1.262639e+33
1.961626e+14 1.281255e+33
1.976832e+14 1.300146e+33
1.992155e+14 1.319316e+33
2.007598e+14 1.338768e+33
2.023160e+14 1.358506e+33
2.038843e+14 1.378536e+33
2.054648e+14 1.398861e+33
2.070575e+14 1.419486e+33
2.086625e+14 1.440415e+33
2.102800e+14 1.461653e+33
2.119100e+14 1.483203e+33
2.135527e+14 1.505072e+33
2.152081e+14 1.527262e+33
2.168763e+14 1.549780e+33
2.185575e+14 1.572630e+33
2.202517e+14 1.595817e+33
2.219590e+14 1.619346e+33
2.236795e+14 1.643222e+33
2.254134e+14 1.667449e+33
2.271608e+14 1.692034e+33
2.289217e+14 1.716982e+33
2.306962e+14 1.742297e+33
2.324845e+14 1.767985e+33
2.342866e+14 1.794052e+33
2.361027e+14 1.820504e+33
2.379329e+14 1.847346e+33
2.397773e+14 1.874583e+33
2.416360e+14 1.902222e+33
2.435091e+14 1.930268e+33
2.453967e+14 1.958728e+33
2.472989e+14 1.987607e+33
2.492159e+14 2.016913e+33
2.511478e+14 2.046650e+33
2.530946e+14 2.076826e+33
2.550565e+14 2.107447e+33
2.570336e+14 2.138519e+33
2.590260e+14 2.170049e+33
2.610339e+14 2.202044e+33
2.630574e+14 2.234511e+33
2.650965e+14 2.267457e+33
2.671515e+14 2.300888e+33
2.692224e+14 2.334813e+33
2.713093e+14 2.369237e+33
2.734124e+14 2.404169e+33
2.755318e+14 2.439616e+33
2.776676e+14 2.475586e+33
2.798200e+14 2.512086e+33
2.819891e+14 2.549124e+33
2.841750e+14 2.586709e+33
2.863778e+14 2.624847e+33
2.885977e+14 2.663548e+33
2.908349e+14 2.702819e+33
2.930893e+14 2.742670e+33
