# epsilon [g/cm^3]   P [dyn/cm^2]
1.364583e+14 6.635988e+32
1.375161e+14 6.802208e+32
1.385821e+14 6.972591e+32
1.396563e+14 7.147243e+32
1.407389e+14 7.326269e+32
1.418299e+14 7.509780e+32
1.429293e+14 7.697887e+32
1.440372e+14 7.890706e+32
1.451538e+14 8.088354e+32
1.462789e+14 8.290954e+32
1.474129e+14 8.498628e+32
1.485556e+14 8.711504e+32
1.497071e+14 8.929712e+32
1.508676e+14 9.153386e+32
1.520371e+14 9.382663e+32
1.532156e+14 9.617683e+32
1.544033e+14 9.858589e+32
1.556002e+14 1.010553e+33
1.568063e+14 1.035866e+33
1.580219e+14 1.061812e+33
1.592468e+14 1.088409e+33
1.604812e+14 1.115672e+33
1.617252e+14 1.143617e+33
1.629789e+14 1.172263e+33
1.642422e+14 1.201626e+33
1.655154e+14 1.231725e+33
1.667984e+14 1.262577e+33
1.680914e+14 1.294203e+33
1.693944e+14 1.326620e+33
1.707075e+14 1.359850e+33
1.720307e+14 1.393912e+33
1.733643e+14 1.428827e+33
1.747081e+14 1.464617e+33
1.760624e+14 1.501303e+33
1.774272e+14 1.538908e+33
1.788026e+14 1.577455e+33
1.801886e+14 1.616967e+33
1.815854e+14 1.657470e+33
1.829929e+14 1.698986e+33
1.844114e+14 1.741543e+33
1.858409e+14 1.785166e+33
1.872815e+14 1.829881e+33
1.887333e+14 1.875717e+33
1.901963e+14 1.922700e+33
1.916706e+14 1.970860e+33
1.931564e+14 2.020227e+33
1.946537e+14 2.070830e+33
1.961626e+14 2.122701e+33
1.976832e+14 2.175871e+33
1.992155e+14 2.230373e+33
2.007598e+14 2.286240e+33
2.023160e+14 2.343506e+33
2.038843e+14 2.402207e+33
2.054648e+14 2.462378e+33
2.070575e+14 2.524057e+33
2.086625e+14 2.587280e+33
2.102800e+14 2.652087e+33
2.119100e+14 2.718517e+33
2.135527e+14 2.786611e+33
2.152081e+14 2.856411e+33
2.168763e+14 2.927960e+33
2.185575e+14 3.001300e+33
2.202517e+14 3.076477e+33
2.219590e+14 3.153538e+33
2.236795e+14 3.232529e+33
2.254134e+14 3.313498e+33
2.271608e+14 3.396495e+33
2.289217e+14 3.481572e+33
2.306962e+14 3.568779e+33
2.324845e+14 3.658171e+33
2.342866e+14 3.749802e+33
2.361027e+14 3.843728e+33
2.379329e+14 3.940007e+33
2.397773e+14 4.038697e+33
2.416360e+14 4.139860e+33
2.435091e+14 4.243556e+33
2.453967e+14 4.349850e+33
2.472989e+14 4.458806e+33
2.492159e+14 4.570492e+33
2.511478e+14 4.684975e+33
2.530946e+14 4.802325e+33
2.550565e+14 4.922615e+33
2.570336e+14 5.045918e+33
2.590260e+14 5.172310e+33
2.610339e+14 5.301868e+33
2.630574e+14 5.434670e+33
2.650965e+14 5.570799e+33
2.671515e+14 5.710338e+33
2.692224e+14 5.853373e+33
2.713093e+14 5.999990e+33
2.734124e+14 6.150279e+33
2.755318e+14 6.304333e+33
2.776676e+14 6.462246e+33
2.798200e+14 6.624114e+33
2.819891e+14 6.790037e+33
2.841750e+14 6.960116e+33
2.863778e+14 7.134455e+33
2.885977e+14 7.313160e+33
2.908349e+14 7.496343e+33
2.930893e+14 7.684113e+33
