# epsilon [g/cm^3]   P [dyn/cm^2]
1.364583e+14 6.513756e+32
1.375161e+14 6.635228e+32
1.385821e+14 6.758966e+32
1.396563e+14 6.885011e+32
1.407389e+14 7.013407e+32
1.418299e+14 7.144197e+32
1.429293e+14 7.277426e+32
1.440372e+14 7.413139e+32
1.451538e+14 7.551384e+32
1.462789e+14 7.692206e+32
1.474129e+14 7.835655e+32
1.485556e+14 7.981779e+32
1.497071e+14 8.130628e+32
1.508676e+14 8.282252e+32
1.520371e+14 8.436705e+32
1.532156e+14 8.594037e+32
1.544033e+14 8.754304e+32
1.556002e+14 8.917559e+32
1.568063e+14 9.083859e+32
1.580219e+14 9.253260e+32
1.592468e+14 9.425820e+32
1.604812e+14 9.601598e+32
1.617252e+14 9.780654e+32
1.629789e+14 9.963049e+32
1.642422e+14 1.014885e+33
1.655154e+14 1.033811e+33
1.667984e+14 1.053090e+33
1.680914e+14 1.072728e+33
1.693944e+14 1.092733e+33
1.707075e+14 1.113111e+33
1.720307e+14 1.133869e+33
1.733643e+14 1.155014e+33
1.747081e+14 1.176554e+33
1.760624e+14 1.198495e+33
1.774272e+14 1.220845e+33
1.788026e+14 1.243612e+33
1.801886e+14 1.266803e+33
1.815854e+14 1.290428e+33
1.829929e+14 1.314492e+33
1.844114e+14 1.339006e+33
1.858409e+14 1.363976e+33
1.872815e+14 1.389412e+33
1.887333e+14 1.415323e+33
1.901963e+14 1.441717e+33
1.916706e+14 1.468603e+33
1.931564e+14 1.495990e+33
1.946537e+14 1.523888e+33
1.961626e+14 1.552306e+33
1.976832e+14 1.581255e+33
1.992155e+14 1.610743e+33
2.007598e+14 1.640781e+33
2.023160e+14 1.671379e+33
2.038843e+14 1.702548e+33
2.054648e+14 1.734298e+33
2.070575e+14 1.766640e+33
2.086625e+14 1.799586e+33
2.102800e+14 1.833145e+33
2.119100e+14 1.867331e+33
2.135527e+14 1.902154e+33
2.152081e+14 1.937626e+33
2.168763e+14 1.973760e+33
2.185575e+14 2.010568e+33
2.202517e+14 2.048062e+33
2.219590e+14 2.086256e+33
2.236795e+14 2.125162e+33
2.254134e+14 2.164793e+33
2.271608e+14 2.205163e+33
2.289217e+14 2.246286e+33
2.306962e+14 2.288176e+33
2.324845e+14 2.330848e+33
2.342866e+14 2.374315e+33
2.361027e+14 2.418592e+33
2.379329e+14 2.463695e+33
2.397773e+14 2.509640e+33
2.416360e+14 2.556441e+33
2.435091e+14 2.604115e+33
2.453967e+14 2.652678e+33
2.472989e+14 2.702147e+33
2.492159e+14 2.752538e+33
2.511478e+14 2.803869e+33
2.530946e+14 2.856157e+33
2.550565e+14 2.909420e+33
2.570336e+14 2.963677e+33
2.590260e+14 3.018945e+33
2.610339e+14 3.075244e+33
2.630574e+14 3.132593e+33
2.650965e+14 3.191011e+33
2.671515e+14 3.250519e+33
2.692224e+14 3.311137e+33
2.713093e+14 3.372885e+33
2.734124e+14 3.435784e+33
2.755318e+14 3.499857e+33
2.776676e+14 3.565124e+33
2.798200e+14 3.631609e+33
2.819891e+14 3.699333e+33
2.841750e+14 3.768320e+33
2.863778e+14 3.838594e+33
2.885977e+14 3.910178e+33
2.908349e+14 3.983098e+33
2.930893e+14 4.057377e+33
