# epsilon [g/cm^3]   P [dyn/cm^2]
1.364583e+14 6.542470e+32
1.375161e+14 6.674360e+32
1.385821e+14 6.808909e+32
1.396563e+14 6.946170e+32
1.407389e+14 7.086198e+32
1.418299e+14 7.229049e+32
1.429293e+14 7.374780e+32
1.440372e+14 7.523448e+32
1.451538e+14 7.675114e+32
1.462789e+14 7.829837e+32
1.474129e+14 7.987679e+32
1.485556e+14 8.148703e+32
1.497071e+14 8.312973e+32
1.508676e+14 8.480555e+32
1.520371e+14 8.651515e+32
1.532156e+14 8.825921e+32
1.544033e+14 9.003844e+32
1.556002e+14 9.185353e+32
1.568063e+14 9.370521e+32
1.580219e+14 9.559422e+32
1.592468e+14 9.752131e+32
1.604812e+14 9.948724e+32
1.617252e+14 1.014928e+33
1.629789e+14 1.035388e+33
1.642422e+14 1.056261e+33
1.655154e+14 1.077554e+33
1.667984e+14 1.099276e+33
1.680914e+14 1.121437e+33
1.693944e+14 1.144044e+33
1.707075e+14 1.167107e+33
1.720307e+14 1.190634e+33
1.733643e+14 1.214636e+33
1.747081e+14 1.239122e+33
1.760624e+14 1.264102e+33
1.774272e+14 1.289585e+33
1.788026e+14 1.315582e+33
1.801886e+14 1.342103e+33
1.815854e+14 1.369158e+33
1.829929e+14 1.396759e+33
1.844114e+14 1.424916e+33
1.858409e+14 1.453641e+33
1.872815e+14 1.482945e+33
1.887333e+14 1.512840e+33
1.901963e+14 1.543338e+33
1.916706e+14 1.574450e+33
1.931564e+14 1.606189e+33
1.946537e+14 1.638569e+33
1.961626e+14 1.671601e+33
1.976832e+14 1.705298e+33
1.992155e+14 1.739676e+33
2.007598e+14 1.774746e+33
2.023160e+14 1.810523e+33
2.038843e+14 1.847022e+33
2.054648e+14 1.884256e+33
2.070575e+14 1.922241e+33
2.086625e+14 1.960991e+33
2.102800e+14 2.000523e+33
2.119100e+14 2.040852e+33
2.135527e+14 2.081993e+33
2.152081e+14 2.123964e+33
2.168763e+14 2.166781e+33
2.185575e+14 2.210462e+33
2.202517e+14 2.255022e+33
2.219590e+14 2.300482e+33
2.236795e+14 2.346857e+33
2.254134e+14 2.394167e+33
2.271608e+14 2.442432e+33
2.289217e+14 2.491669e+33
2.306962e+14 2.541898e+33
2.324845e+14 2.593141e+33
2.342866e+14 2.645416e+33
2.361027e+14 2.698745e+33
2.379329e+14 2.753149e+33
2.397773e+14 2.808650e+33
2.416360e+14 2.865270e+33
2.435091e+14 2.923031e+33
2.453967e+14 2.981957e+33
2.472989e+14 3.042070e+33
2.492159e+14 3.103395e+33
2.511478e+14 3.165957e+33
2.530946e+14 3.229779e+33
2.550565e+14 3.294889e+33
2.570336e+14 3.361311e+33
2.590260e+14 3.429071e+33
2.610339e+14 3.498198e+33
2.630574e+14 3.568719e+33
2.650965e+14 3.640661e+33
2.671515e+14 3.714053e+33
2.692224e+14 3.788925e+33
2.713093e+14 3.865306e+33
2.734124e+14 3.943227e+33
2.755318e+14 4.022719e+33
2.776676e+14 4.103813e+33
2.798200e+14 4.186542e+33
2.819891e+14 4.270938e+33
2.841750e+14 4.357037e+33
2.863778e+14 4.444870e+33
2.885977e+14 4.534475e+33
2.908349e+14 4.625885e+33
2.930893e+14 4.719139e+33
