# epsilon [g/cm^3]   P [dyn/cm^2]
1.364583e+14 6.470757e+32
1.375161e+14 6.576737e+32
1.385821e+14 6.684453e+32
1.396563e+14 6.793933e+32
1.407389e+14 6.905206e+32
1.418299e+14 7.018302e+32
1.429293e+14 7.133250e+32
1.440372e+14 7.250081e+32
1.451538e+14 7.368825e+32
1.462789e+14 7.489514e+32
1.474129e+14 7.612180e+32
1.485556e+14 7.736855e+32
1.497071e+14 7.863571e+32
1.508676e+14 7.992363e+32
1.520371e+14 8.123265e+32
1.532156e+14 8.256310e+32
1.544033e+14 8.391535e+32
1.556002e+14 8.528974e+32
1.568063e+14 8.668665e+32
1.580219e+14 8.810643e+32
1.592468e+14 8.954946e+32
1.604812e+14 9.101613e+32
1.617252e+14 9.250683e+32
1.629789e+14 9.402193e+32
1.642422e+14 9.556185e+32
1.655154e+14 9.712700e+32
1.667984e+14 9.871778e+32
1.680914e+14 1.003346e+33
1.693944e+14 1.019779e+33
1.707075e+14 1.036481e+33
1.720307e+14 1.053457e+33
1.733643e+14 1.070711e+33
1.747081e+14 1.088248e+33
1.760624e+14 1.106071e+33
1.774272e+14 1.124187e+33
1.788026e+14 1.142599e+33
1.801886e+14 1.161313e+33
1.815854e+14 1.180333e+33
1.829929e+14 1.199665e+33
1.844114e+14 1.219314e+33
1.858409e+14 1.239284e+33
1.872815e+14 1.259582e+33
1.887333e+14 1.280211e+33
1.901963e+14 1.301179e+33
1.916706e+14 1.322490e+33
1.931564e+14 1.344150e+33
1.946537e+14 1.366165e+33
1.961626e+14 1.388541e+33
1.976832e+14 1.411283e+33
1.992155e+14 1.434397e+33
2.007598e+14 1.457890e+33
2.023160e+14 1.481768e+33
2.038843e+14 1.506037e+33
2.054648e+14 1.530703e+33
2.070575e+14 1.555774e+33
2.086625e+14 1.581255e+33
2.102800e+14 1.607153e+33
2.119100e+14 1.633475e+33
2.135527e+14 1.660229e+33
2.152081e+14 1.687421e+33
2.168763e+14 1.715058e+33
2.185575e+14 1.743148e+33
2.202517e+14 1.771698e+33
2.219590e+14 1.800715e+33
2.236795e+14 1.830208e+33
2.254134e+14 1.860183e+33
2.271608e+14 1.890650e+33
2.289217e+14 1.921616e+33
2.306962e+14 1.953089e+33
2.324845e+14 1.985077e+33
2.342866e+14 2.017589e+33
2.361027e+14 2.050634e+33
2.379329e+14 2.084220e+33
2.397773e+14 2.118356e+33
2.416360e+14 2.153051e+33
2.435091e+14 2.188315e+33
2.453967e+14 2.224155e+33
2.472989e+14 2.260583e+33
2.492159e+14 2.297608e+33
2.511478e+14 2.335239e+33
2.530946e+14 2.373486e+33
2.550565e+14 2.412360e+33
2.570336e+14 2.451870e+33
2.590260e+14 2.492028e+33
2.610339e+14 2.532843e+33
2.630574e+14 2.574327e+33
2.650965e+14 2.616490e+33
2.671515e+14 2.659344e+33
2.692224e+14 2.702899e+33
2.713093e+14 2.747168e+33
2.734124e+14 2.792162e+33
2.755318e+14 2.837893e+33
2.776676e+14 2.884373e+33
2.798200e+14 2.931614e+33
2.819891e+14 2.979629e+33
2.841750e+14 3.028431e+33
2.863778e+14 3.078031e+33
2.885977e+14 3.128444e+33
2.908349e+14 3.179683e+33
2.930893e+14 3.231761e+33
