# epsilon [g/cm^3]   P [dyn/cm^2]
1.364583e+14 6.494209e+32
1.375161e+14 6.608623e+32
1.385821e+14 6.725052e+32
1.396563e+14 6.843532e+32
1.407389e+14 6.964100e+32
1.418299e+14 7.086792e+32
1.429293e+14 7.211646e+32
1.440372e+14 7.338699e+32
1.451538e+14 7.467991e+32
1.462789e+14 7.599560e+32
1.474129e+14 7.733447e+32
1.485556e+14 7.869693e+32
1.497071e+14 8.008340e+32
1.508676e+14 8.149429e+32
1.520371e+14 8.293004e+32
1.532156e+14 8.439108e+32
1.544033e+14 8.587787e+32
1.556002e+14 8.739084e+32
1.568063e+14 8.893048e+32
1.580219e+14 9.049723e+32
1.592468e+14 9.209160e+32
1.604812e+14 9.371404e+32
1.617252e+14 9.536508e+32
1.629789e+14 9.704520e+32
1.642422e+14 9.875492e+32
1.655154e+14 1.004948e+33
1.667984e+14 1.022653e+33
1.680914e+14 1.040669e+33
1.693944e+14 1.059004e+33
1.707075e+14 1.077661e+33
1.720307e+14 1.096647e+33
1.733643e+14 1.115968e+33
1.747081e+14 1.135628e+33
1.760624e+14 1.155636e+33
1.774272e+14 1.175995e+33
1.788026e+14 1.196714e+33
1.801886e+14 1.217797e+33
1.815854e+14 1.239252e+33
1.829929e+14 1.261085e+33
1.844114e+14 1.283302e+33
1.858409e+14 1.305911e+33
1.872815e+14 1.328919e+33
1.887333e+14 1.352331e+33
1.901963e+14 1.376156e+33
1.916706e+14 1.400401e+33
1.931564e+14 1.425073e+33
1.946537e+14 1.450180e+33
1.961626e+14 1.475729e+33
1.976832e+14 1.501728e+33
1.992155e+14 1.528185e+33
2.007598e+14 1.555108e+33
2.023160e+14 1.582506e+33
2.038843e+14 1.610386e+33
2.054648e+14 1.638757e+33
2.070575e+14 1.667629e+33
2.086625e+14 1.697009e+33
2.102800e+14 1.726906e+33
2.119100e+14 1.757330e+33
2.135527e+14 1.788291e+33
2.152081e+14 1.819796e+33
2.168763e+14 1.851857e+33
2.185575e+14 1.884483e+33
2.202517e+14 1.917683e+33
2.219590e+14 1.951468e+33
2.236795e+14 1.985849e+33
2.254134e+14 2.020835e+33
2.271608e+14 2.056438e+33
2.289217e+14 2.092668e+33
2.306962e+14 2.129536e+33
2.324845e+14 2.167054e+33
2.342866e+14 2.205232e+33
2.361027e+14 2.244083e+33
2.379329e+14 2.283619e+33
2.397773e+14 2.323852e+33
2.416360e+14 2.364793e+33
2.435091e+14 2.406455e+33
2.453967e+14 2.448851e+33
2.472989e+14 2.491995e+33
2.492159e+14 2.535898e+33
2.511478e+14 2.580575e+33
2.530946e+14 2.626039e+33
2.550565e+14 2.672304e+33
2.570336e+14 2.719384e+33
2.590260e+14 2.767294e+33
2.610339e+14 2.816047e+33
2.630574e+14 2.865660e+33
2.650965e+14 2.916146e+33
2.671515e+14 2.967522e+33
2.692224e+14 3.019803e+33
2.713093e+14 3.073006e+33
2.734124e+14 3.127145e+33
2.755318e+14 3.182239e+33
2.776676e+14 3.238303e+33
2.798200e+14 3.295354e+33
2.819891e+14 3.353411e+33
2.841750e+14 3.412491e+33
2.863778e+14 3.472611e+33
2.885977e+14 3.533791e+33
2.908349e+14 3.596049e+33
2.930893e+14 3.659403e+33
