# epsilon [g/cm^3]   P [dyn/cm^2]
1.364583e+14 6.488600e+32
1.375161e+14 6.600994e+32
1.385821e+14 6.715334e+32
1.396563e+14 6.831654e+32
1.407389e+14 6.949990e+32
1.418299e+14 7.070375e+32
1.429293e+14 7.192845e+32
1.440372e+14 7.317437e+32
1.451538e+14 7.444187e+32
1.462789e+14 7.573133e+32
1.474129e+14 7.704312e+32
1.485556e+14 7.837763e+32
1.497071e+14 7.973526e+32
1.508676e+14 8.111640e+32
1.520371e+14 8.252147e+32
1.532156e+14 8.395088e+32
1.544033e+14 8.540504e+32
1.556002e+14 8.688440e+32
1.568063e+14 8.838938e+32
1.580219e+14 8.992043e+32
1.592468e+14 9.147800e+32
1.604812e+14 9.306255e+32
1.617252e+14 9.467454e+32
1.629789e+14 9.631446e+32
1.642422e+14 9.798278e+32
1.655154e+14 9.968001e+32
1.667984e+14 1.014066e+33
1.680914e+14 1.031632e+33
1.693944e+14 1.049501e+33
1.707075e+14 1.067680e+33
1.720307e+14 1.086174e+33
1.733643e+14 1.104988e+33
1.747081e+14 1.124129e+33
1.760624e+14 1.143600e+33
1.774272e+14 1.163409e+33
1.788026e+14 1.183562e+33
1.801886e+14 1.204063e+33
1.815854e+14 1.224919e+33
1.829929e+14 1.246137e+33
1.844114e+14 1.267722e+33
1.858409e+14 1.289681e+33
1.872815e+14 1.312020e+33
1.887333e+14 1.334747e+33
1.901963e+14 1.357867e+33
1.916706e+14 1.381387e+33
1.931564e+14 1.405315e+33
1.946537e+14 1.429657e+33
1.961626e+14 1.454421e+33
1.976832e+14 1.479614e+33
1.992155e+14 1.505244e+33
2.007598e+14 1.531317e+33
2.023160e+14 1.557842e+33
2.038843e+14 1.584826e+33
2.054648e+14 1.612278e+33
2.070575e+14 1.640205e+33
2.086625e+14 1.668616e+33
2.102800e+14 1.697519e+33
2.119100e+14 1.726923e+33
2.135527e+14 1.756836e+33
2.152081e+14 1.787268e+33
2.168763e+14 1.818226e+33
2.185575e+14 1.849721e+33
2.202517e+14 1.881761e+33
2.219590e+14 1.914356e+33
2.236795e+14 1.947516e+33
2.254134e+14 1.981250e+33
2.271608e+14 2.015568e+33
2.289217e+14 2.050481e+33
2.306962e+14 2.085999e+33
2.324845e+14 2.122132e+33
2.342866e+14 2.158891e+33
2.361027e+14 2.196286e+33
2.379329e+14 2.234330e+33
2.397773e+14 2.273032e+33
2.416360e+14 2.312405e+33
2.435091e+14 2.352459e+33
2.453967e+14 2.393208e+33
2.472989e+14 2.434662e+33
2.492159e+14 2.476834e+33
2.511478e+14 2.519737e+33
2.530946e+14 2.563383e+33
2.550565e+14 2.607785e+33
2.570336e+14 2.652956e+33
2.590260e+14 2.698910e+33
2.610339e+14 2.745659e+33
2.630574e+14 2.793218e+33
2.650965e+14 2.841602e+33
2.671515e+14 2.890823e+33
2.692224e+14 2.940896e+33
2.713093e+14 2.991838e+33
2.734124e+14 3.043661e+33
2.755318e+14 3.096382e+33
2.776676e+14 3.150017e+33
2.798200e+14 3.204580e+33
2.819891e+14 3.260089e+33
2.841750e+14 3.316559e+33
2.863778e+14 3.374007e+33
2.885977e+14 3.432450e+33
2.908349e+14 3.491906e+33
2.930893e+14 3.552392e+33
