# epsilon [g/cm^3]   P [dyn/cm^2]
1.364583e+14 6.605032e+32
1.375161e+14 6.759820e+32
1.385821e+14 6.918236e+32
1.396563e+14 7.080365e+32
1.407389e+14 7.246293e+32
1.418299e+14 7.416110e+32
1.429293e+14 7.589906e+32
1.440372e+14 7.767775e+32
1.451538e+14 7.949813e+32
1.462789e+14 8.136116e+32
1.474129e+14 8.326786e+32
1.485556e+14 8.521924e+32
1.497071e+14 8.721635e+32
1.508676e+14 8.926026e+32
1.520371e+14 9.135207e+32
1.532156e+14 9.349290e+32
1.544033e+14 9.568391e+32
1.556002e+14 9.792625e+32
1.568063e+14 1.002212e+33
1.580219e+14 1.025698e+33
1.592468e+14 1.049736e+33
1.604812e+14 1.074336e+33
1.617252e+14 1.099513e+33
1.629789e+14 1.125280e+33
1.642422e+14 1.151651e+33
1.655154e+14 1.178640e+33
1.667984e+14 1.206261e+33
1.680914e+14 1.234530e+33
1.693944e+14 1.263461e+33
1.707075e+14 1.293070e+33
1.720307e+14 1.323373e+33
1.733643e+14 1.354387e+33
1.747081e+14 1.386127e+33
1.760624e+14 1.418610e+33
1.774272e+14 1.451855e+33
1.788026e+14 1.485880e+33
1.801886e+14 1.520701e+33
1.815854e+14 1.556339e+33
1.829929e+14 1.592812e+33
1.844114e+14 1.630139e+33
1.858409e+14 1.668341e+33
1.872815e+14 1.707439e+33
1.887333e+14 1.747453e+33
1.901963e+14 1.788404e+33
1.916706e+14 1.830315e+33
1.931564e+14 1.873209e+33
1.946537e+14 1.917107e+33
1.961626e+14 1.962034e+33
1.976832e+14 2.008015e+33
1.992155e+14 2.055072e+33
2.007598e+14 2.103233e+33
2.023160e+14 2.152522e+33
2.038843e+14 2.202966e+33
2.054648e+14 2.254593e+33
2.070575e+14 2.307429e+33
2.086625e+14 2.361504e+33
2.102800e+14 2.416845e+33
2.119100e+14 2.473484e+33
2.135527e+14 2.531450e+33
2.152081e+14 2.590775e+33
2.168763e+14 2.651489e+33
2.185575e+14 2.713627e+33
2.202517e+14 2.777221e+33
2.219590e+14 2.842305e+33
2.236795e+14 2.908914e+33
2.254134e+14 2.977084e+33
2.271608e+14 3.046852e+33
2.289217e+14 3.118255e+33
2.306962e+14 3.191331e+33
2.324845e+14 3.266120e+33
2.342866e+14 3.342661e+33
2.361027e+14 3.420996e+33
2.379329e+14 3.501167e+33
2.397773e+14 3.583217e+33
2.416360e+14 3.667190e+33
2.435091e+14 3.753130e+33
2.453967e+14 3.841085e+33
2.472989e+14 3.931100e+33
2.492159e+14 4.023225e+33
2.511478e+14 4.117510e+33
2.530946e+14 4.214003e+33
2.550565e+14 4.312758e+33
2.570336e+14 4.413828e+33
2.590260e+14 4.517265e+33
2.610339e+14 4.623127e+33
2.630574e+14 4.731470e+33
2.650965e+14 4.842352e+33
2.671515e+14 4.955832e+33
2.692224e+14 5.071972e+33
2.713093e+14 5.190834e+33
2.734124e+14 5.312481e+33
2.755318e+14 5.436978e+33
2.776676e+14 5.564394e+33
2.798200e+14 5.694795e+33
2.819891e+14 5.828253e+33
2.841750e+14 5.964837e+33
2.863778e+14 6.104623e+33
2.885977e+14 6.247685e+33
2.908349e+14 6.394099e+33
2.930893e+14 6.543945e+33
