# epsilon [g/cm^3]   P [dyn/cm^2]
1.364583e+14 6.480895e+32
1.375161e+14 6.590516e+32
1.385821e+14 6.701991e+32
1.396563e+14 6.815352e+32
1.407389e+14 6.930630e+32
1.418299e+14 7.047858e+32
1.429293e+14 7.167069e+32
1.440372e+14 7.288297e+32
1.451538e+14 7.411574e+32
1.462789e+14 7.536937e+32
1.474129e+14 7.664421e+32
1.485556e+14 7.794061e+32
1.497071e+14 7.925893e+32
1.508676e+14 8.059956e+32
1.520371e+14 8.196286e+32
1.532156e+14 8.334922e+32
1.544033e+14 8.475903e+32
1.556002e+14 8.619268e+32
1.568063e+14 8.765059e+32
1.580219e+14 8.913315e+32
1.592468e+14 9.064080e+32
1.604812e+14 9.217394e+32
1.617252e+14 9.373301e+32
1.629789e+14 9.531846e+32
1.642422e+14 9.693072e+32
1.655154e+14 9.857026e+32
1.667984e+14 1.002375e+33
1.680914e+14 1.019330e+33
1.693944e+14 1.036571e+33
1.707075e+14 1.054104e+33
1.720307e+14 1.071934e+33
1.733643e+14 1.090065e+33
1.747081e+14 1.108503e+33
1.760624e+14 1.127253e+33
1.774272e+14 1.146320e+33
1.788026e+14 1.165709e+33
1.801886e+14 1.185427e+33
1.815854e+14 1.205478e+33
1.829929e+14 1.225868e+33
1.844114e+14 1.246603e+33
1.858409e+14 1.267688e+33
1.872815e+14 1.289130e+33
1.887333e+14 1.310935e+33
1.901963e+14 1.333109e+33
1.916706e+14 1.355658e+33
1.931564e+14 1.378588e+33
1.946537e+14 1.401907e+33
1.961626e+14 1.425619e+33
1.976832e+14 1.449733e+33
1.992155e+14 1.474254e+33
2.007598e+14 1.499190e+33
2.023160e+14 1.524548e+33
2.038843e+14 1.550335e+33
2.054648e+14 1.576559e+33
2.070575e+14 1.603225e+33
2.086625e+14 1.630343e+33
2.102800e+14 1.657919e+33
2.119100e+14 1.685962e+33
2.135527e+14 1.714479e+33
2.152081e+14 1.743479e+33
2.168763e+14 1.772969e+33
2.185575e+14 1.802958e+33
2.202517e+14 1.833454e+33
2.219590e+14 1.864466e+33
2.236795e+14 1.896002e+33
2.254134e+14 1.928072e+33
2.271608e+14 1.960685e+33
2.289217e+14 1.993849e+33
2.306962e+14 2.027574e+33
2.324845e+14 2.061869e+33
2.342866e+14 2.096745e+33
2.361027e+14 2.132210e+33
2.379329e+14 2.168275e+33
2.397773e+14 2.204950e+33
2.416360e+14 2.242246e+33
2.435091e+14 2.280172e+33
2.453967e+14 2.318740e+33
2.472989e+14 2.357961e+33
2.492159e+14 2.397844e+33
2.511478e+14 2.438403e+33
2.530946e+14 2.479647e+33
2.550565e+14 2.521589e+33
2.570336e+14 2.564241e+33
2.590260e+14 2.607613e+33
2.610339e+14 2.651720e+33
2.630574e+14 2.696572e+33
2.650965e+14 2.742183e+33
2.671515e+14 2.788566e+33
2.692224e+14 2.835733e+33
2.713093e+14 2.883698e+33
2.734124e+14 2.932475e+33
2.755318e+14 2.982076e+33
2.776676e+14 3.032516e+33
2.798200e+14 3.083810e+33
2.819891e+14 3.135971e+33
2.841750e+14 3.189014e+33
2.863778e+14 3.242955e+33
2.885977e+14 3.297807e+33
2.908349e+14 3.353588e+33
2.930893e+14 3.410312e+33
