# epsilon [g/cm^3]   P [dyn/cm^2]
1.364583e+14 6.565626e+32
1.375161e+14 6.705959e+32
1.385821e+14 6.849292e+32
1.396563e+14 6.995689e+32
1.407389e+14 7.145215e+32
1.418299e+14 7.297936e+32
1.429293e+14 7.453922e+32
1.440372e+14 7.613242e+32
1.451538e+14 7.775968e+32
1.462789e+14 7.942171e+32
1.474129e+14 8.111927e+32
1.485556e+14 8.285311e+32
1.497071e+14 8.462401e+32
1.508676e+14 8.643276e+32
1.520371e+14 8.828018e+32
1.532156e+14 9.016708e+32
1.544033e+14 9.209430e+32
1.556002e+14 9.406273e+32
1.568063e+14 9.607322e+32
1.580219e+14 9.812669e+32
1.592468e+14 1.002240e+33
1.604812e+14 1.023662e+33
1.617252e+14 1.045542e+33
1.629789e+14 1.067889e+33
1.642422e+14 1.090715e+33
1.655154e+14 1.114027e+33
1.667984e+14 1.137839e+33
1.680914e+14 1.162159e+33
1.693944e+14 1.186999e+33
1.707075e+14 1.212370e+33
1.720307e+14 1.238283e+33
1.733643e+14 1.264750e+33
1.747081e+14 1.291783e+33
1.760624e+14 1.319393e+33
1.774272e+14 1.347594e+33
1.788026e+14 1.376397e+33
1.801886e+14 1.405816e+33
1.815854e+14 1.435864e+33
1.829929e+14 1.466554e+33
1.844114e+14 1.497900e+33
1.858409e+14 1.529917e+33
1.872815e+14 1.562617e+33
1.887333e+14 1.596016e+33
1.901963e+14 1.630130e+33
1.916706e+14 1.664972e+33
1.931564e+14 1.700559e+33
1.946537e+14 1.736907e+33
1.961626e+14 1.774031e+33
1.976832e+14 1.811949e+33
1.992155e+14 1.850678e+33
2.007598e+14 1.890234e+33
2.023160e+14 1.930636e+33
2.038843e+14 1.971902e+33
2.054648e+14 2.014049e+33
2.070575e+14 2.057097e+33
2.086625e+14 2.101066e+33
2.102800e+14 2.145974e+33
2.119100e+14 2.191842e+33
2.135527e+14 2.238690e+33
2.152081e+14 2.286540e+33
2.168763e+14 2.335412e+33
2.185575e+14 2.385329e+33
2.202517e+14 2.436313e+33
2.219590e+14 2.488387e+33
2.236795e+14 2.541574e+33
2.254134e+14 2.595897e+33
2.271608e+14 2.651382e+33
2.289217e+14 2.708053e+33
2.306962e+14 2.765934e+33
2.324845e+14 2.825053e+33
2.342866e+14 2.885436e+33
2.361027e+14 2.947109e+33
2.379329e+14 3.010101e+33
2.397773e+14 3.074439e+33
2.416360e+14 3.140152e+33
2.435091e+14 3.207269e+33
2.453967e+14 3.275821e+33
2.472989e+14 3.345839e+33
2.492159e+14 3.417353e+33
2.511478e+14 3.490395e+33
2.530946e+14 3.564999e+33
2.550565e+14 3.641197e+33
2.570336e+14 3.719024e+33
2.590260e+14 3.798514e+33
2.610339e+14 3.879703e+33
2.630574e+14 3.962628e+33
2.650965e+14 4.047325e+33
2.671515e+14 4.133833e+33
2.692224e+14 4.222189e+33
2.713093e+14 4.312434e+33
2.734124e+14 4.404608e+33
2.755318e+14 4.498752e+33
2.776676e+14 4.594908e+33
2.798200e+14 4.693120e+33
2.819891e+14 4.793430e+33
2.841750e+14 4.895885e+33
2.863778e+14 5.000530e+33
2.885977e+14 5.107411e+33
2.908349e+14 5.216577e+33
2.930893e+14 5.328076e+33
