# epsilon [g/cm^3]   P [dyn/cm^2]
1.364583e+14 6.574798e+32
1.375161e+14 6.718486e+32
1.385821e+14 6.865315e+32
1.396563e+14 7.015353e+32
1.407389e+14 7.168669e+32
1.418299e+14 7.325336e+32
1.429293e+14 7.485427e+32
1.440372e+14 7.649017e+32
1.451538e+14 7.816182e+32
1.462789e+14 7.987000e+32
1.474129e+14 8.161552e+32
1.485556e+14 8.339918e+32
1.497071e+14 8.522182e+32
1.508676e+14 8.708429e+32
1.520371e+14 8.898747e+32
1.532156e+14 9.093224e+32
1.544033e+14 9.291951e+32
1.556002e+14 9.495022e+32
1.568063e+14 9.702530e+32
1.580219e+14 9.914573e+32
1.592468e+14 1.013125e+33
1.604812e+14 1.035266e+33
1.617252e+14 1.057891e+33
1.629789e+14 1.081011e+33
1.642422e+14 1.104636e+33
1.655154e+14 1.128777e+33
1.667984e+14 1.153446e+33
1.680914e+14 1.178654e+33
1.693944e+14 1.204413e+33
1.707075e+14 1.230734e+33
1.720307e+14 1.257631e+33
1.733643e+14 1.285116e+33
1.747081e+14 1.313202e+33
1.760624e+14 1.341901e+33
1.774272e+14 1.371227e+33
1.788026e+14 1.401195e+33
1.801886e+14 1.431817e+33
1.815854e+14 1.463109e+33
1.829929e+14 1.495084e+33
1.844114e+14 1.527758e+33
1.858409e+14 1.561147e+33
1.872815e+14 1.595265e+33
1.887333e+14 1.630128e+33
1.901963e+14 1.665754e+33
1.916706e+14 1.702158e+33
1.931564e+14 1.739357e+33
1.946537e+14 1.777370e+33
1.961626e+14 1.816214e+33
1.976832e+14 1.855906e+33
1.992155e+14 1.896466e+33
2.007598e+14 1.937912e+33
2.023160e+14 1.980264e+33
2.038843e+14 2.023541e+33
2.054648e+14 2.067765e+33
2.070575e+14 2.112954e+33
2.086625e+14 2.159132e+33
2.102800e+14 2.206318e+33
2.119100e+14 2.254536e+33
2.135527e+14 2.303808e+33
2.152081e+14 2.354156e+33
2.168763e+14 2.405605e+33
2.185575e+14 2.458178e+33
2.202517e+14 2.511900e+33
2.219590e+14 2.566796e+33
2.236795e+14 2.622892e+33
2.254134e+14 2.680214e+33
2.271608e+14 2.738789e+33
2.289217e+14 2.798643e+33
2.306962e+14 2.859806e+33
2.324845e+14 2.922305e+33
2.342866e+14 2.986171e+33
2.361027e+14 3.051432e+33
2.379329e+14 3.118119e+33
2.397773e+14 3.186264e+33
2.416360e+14 3.255898e+33
2.435091e+14 3.327054e+33
2.453967e+14 3.399764e+33
2.472989e+14 3.474064e+33
2.492159e+14 3.549988e+33
2.511478e+14 3.627571e+33
2.530946e+14 3.706850e+33
2.550565e+14 3.787861e+33
2.570336e+14 3.870642e+33
2.590260e+14 3.955233e+33
2.610339e+14 4.041672e+33
2.630574e+14 4.130001e+33
2.650965e+14 4.220259e+33
2.671515e+14 4.312491e+33
2.692224e+14 4.406738e+33
2.713093e+14 4.503045e+33
2.734124e+14 4.601456e+33
2.755318e+14 4.702018e+33
2.776676e+14 4.804778e+33
2.798200e+14 4.909784e+33
2.819891e+14 5.017084e+33
2.841750e+14 5.126730e+33
2.863778e+14 5.238772e+33
2.885977e+14 5.353262e+33
2.908349e+14 5.470255e+33
2.930893e+14 5.589804e+33
