# epsilon [g/cm^3]   P [dyn/cm^2]
1.364583e+14 6.440297e+32
1.375161e+14 6.535382e+32
1.385821e+14 6.631871e+32
1.396563e+14 6.729785e+32
1.407389e+14 6.829144e+32
1.418299e+14 6.929970e+32
1.429293e+14 7.032284e+32
1.440372e+14 7.136110e+32
1.451538e+14 7.241468e+32
1.462789e+14 7.348381e+32
1.474129e+14 7.456873e+32
1.485556e+14 7.566967e+32
1.497071e+14 7.678687e+32
1.508676e+14 7.792055e+32
1.520371e+14 7.907098e+32
1.532156e+14 8.023839e+32
1.544033e+14 8.142303e+32
1.556002e+14 8.262517e+32
1.568063e+14 8.384505e+32
1.580219e+14 8.508295e+32
1.592468e+14 8.633912e+32
1.604812e+14 8.761384e+32
1.617252e+14 8.890738e+32
1.629789e+14 9.022001e+32
1.642422e+14 9.155203e+32
1.655154e+14 9.290371e+32
1.667984e+14 9.427535e+32
1.680914e+14 9.566724e+32
1.693944e+14 9.707967e+32
1.707075e+14 9.851297e+32
1.720307e+14 9.996742e+32
1.733643e+14 1.014433e+33
1.747081e+14 1.029411e+33
1.760624e+14 1.044609e+33
1.774272e+14 1.060032e+33
1.788026e+14 1.075682e+33
1.801886e+14 1.091563e+33
1.815854e+14 1.107679e+33
1.829929e+14 1.124033e+33
1.844114e+14 1.140629e+33
1.858409e+14 1.157469e+33
1.872815e+14 1.174558e+33
1.887333e+14 1.191899e+33
1.901963e+14 1.209496e+33
1.916706e+14 1.227354e+33
1.931564e+14 1.245474e+33
1.946537e+14 1.263863e+33
1.961626e+14 1.282522e+33
1.976832e+14 1.301458e+33
1.992155e+14 1.320672e+33
2.007598e+14 1.340171e+33
2.023160e+14 1.359957e+33
2.038843e+14 1.380036e+33
2.054648e+14 1.400411e+33
2.070575e+14 1.421087e+33
2.086625e+14 1.442068e+33
2.102800e+14 1.463358e+33
2.119100e+14 1.484964e+33
2.135527e+14 1.506888e+33
2.152081e+14 1.529135e+33
2.168763e+14 1.551712e+33
2.185575e+14 1.574621e+33
2.202517e+14 1.597869e+33
2.219590e+14 1.621460e+33
2.236795e+14 1.645400e+33
2.254134e+14 1.669692e+33
2.271608e+14 1.694344e+33
2.289217e+14 1.719359e+33
2.306962e+14 1.744744e+33
2.324845e+14 1.770504e+33
2.342866e+14 1.796643e+33
2.361027e+14 1.823169e+33
2.379329e+14 1.850087e+33
2.397773e+14 1.877401e+33
2.416360e+14 1.905120e+33
2.435091e+14 1.933247e+33
2.453967e+14 1.961790e+33
2.472989e+14 1.990754e+33
2.492159e+14 2.020145e+33
2.511478e+14 2.049971e+33
2.530946e+14 2.080237e+33
2.550565e+14 2.110949e+33
2.570336e+14 2.142116e+33
2.590260e+14 2.173742e+33
2.610339e+14 2.205835e+33
2.630574e+14 2.238402e+33
2.650965e+14 2.271450e+33
2.671515e+14 2.304986e+33
2.692224e+14 2.339017e+33
2.713093e+14 2.373551e+33
2.734124e+14 2.408594e+33
2.755318e+14 2.444155e+33
2.776676e+14 2.480240e+33
2.798200e+14 2.516859e+33
2.819891e+14 2.554018e+33
2.841750e+14 2.591726e+33
2.863778e+14 2.629990e+33
2.885977e+14 2.668820e+33
2.908349e+14 2.708222e+33
2.930893e+14 2.748207e+33
