# epsilon [g/cm^3]   P [dyn/cm^2]
1.364583e+14 6.534575e+32
1.375161e+14 6.663595e+32
1.385821e+14 6.795163e+32
1.396563e+14 6.929328e+32
1.407389e+14 7.066142e+32
1.418299e+14 7.205658e+32
1.429293e+14 7.347928e+32
1.440372e+14 7.493007e+32
1.451538e+14 7.640950e+32
1.462789e+14 7.791815e+32
1.474129e+14 7.945658e+32
1.485556e+14 8.102539e+32
1.497071e+14 8.262517e+32
1.508676e+14 8.425654e+32
1.520371e+14 8.592012e+32
1.532156e+14 8.761654e+32
1.544033e+14 8.934646e+32
1.556002e+14 9.111054e+32
1.568063e+14 9.290944e+32
1.580219e+14 9.474387e+32
1.592468e+14 9.661451e+32
1.604812e+14 9.852209e+32
1.617252e+14 1.004673e+33
1.629789e+14 1.024510e+33
1.642422e+14 1.044738e+33
1.655154e+14 1.065365e+33
1.667984e+14 1.086400e+33
1.680914e+14 1.107850e+33
1.693944e+14 1.129724e+33
1.707075e+14 1.152029e+33
1.720307e+14 1.174775e+33
1.733643e+14 1.197970e+33
1.747081e+14 1.221623e+33
1.760624e+14 1.245743e+33
1.774272e+14 1.270340e+33
1.788026e+14 1.295421e+33
1.801886e+14 1.320999e+33
1.815854e+14 1.347081e+33
1.829929e+14 1.373678e+33
1.844114e+14 1.400800e+33
1.858409e+14 1.428458e+33
1.872815e+14 1.456661e+33
1.887333e+14 1.485422e+33
1.901963e+14 1.514750e+33
1.916706e+14 1.544658e+33
1.931564e+14 1.575156e+33
1.946537e+14 1.606256e+33
1.961626e+14 1.637971e+33
1.976832e+14 1.670311e+33
1.992155e+14 1.703290e+33
2.007598e+14 1.736920e+33
2.023160e+14 1.771214e+33
2.038843e+14 1.806185e+33
2.054648e+14 1.841847e+33
2.070575e+14 1.878213e+33
2.086625e+14 1.915297e+33
2.102800e+14 1.953113e+33
2.119100e+14 1.991675e+33
2.135527e+14 2.031000e+33
2.152081e+14 2.071100e+33
2.168763e+14 2.111992e+33
2.185575e+14 2.153692e+33
2.202517e+14 2.196215e+33
2.219590e+14 2.239577e+33
2.236795e+14 2.283796e+33
2.254134e+14 2.328888e+33
2.271608e+14 2.374870e+33
2.289217e+14 2.421760e+33
2.306962e+14 2.469576e+33
2.324845e+14 2.518335e+33
2.342866e+14 2.568058e+33
2.361027e+14 2.618762e+33
2.379329e+14 2.670468e+33
2.397773e+14 2.723194e+33
2.416360e+14 2.776961e+33
2.435091e+14 2.831790e+33
2.453967e+14 2.887702e+33
2.472989e+14 2.944717e+33
2.492159e+14 3.002858e+33
2.511478e+14 3.062147e+33
2.530946e+14 3.122607e+33
2.550565e+14 3.184260e+33
2.570336e+14 3.247131e+33
2.590260e+14 3.311243e+33
2.610339e+14 3.376621e+33
2.630574e+14 3.443290e+33
2.650965e+14 3.511275e+33
2.671515e+14 3.580602e+33
2.692224e+14 3.651298e+33
2.713093e+14 3.723390e+33
2.734124e+14 3.796906e+33
2.755318e+14 3.871873e+33
2.776676e+14 3.948320e+33
2.798200e+14 4.026276e+33
2.819891e+14 4.105772e+33
2.841750e+14 4.186837e+33
2.863778e+14 4.269503e+33
2.885977e+14 4.353801e+33
2.908349e+14 4.439763e+33
2.930893e+14 4.527423e+33
