# epsilon [g/cm^3]   P [dyn/cm^2]
1.364583e+14 6.520074e+32
1.375161e+14 6.643834e+32
1.385821e+14 6.769942e+32
1.396563e+14 6.898445e+32
1.407389e+14 7.029386e+32
1.418299e+14 7.162813e+32
1.429293e+14 7.298773e+32
1.440372e+14 7.437313e+32
1.451538e+14 7.578483e+32
1.462789e+14 7.722332e+32
1.474129e+14 7.868912e+32
1.485556e+14 8.018275e+32
1.497071e+14 8.170472e+32
1.508676e+14 8.325558e+32
1.520371e+14 8.483588e+32
1.532156e+14 8.644618e+32
1.544033e+14 8.808704e+32
1.556002e+14 8.975905e+32
1.568063e+14 9.146279e+32
1.580219e+14 9.319888e+32
1.592468e+14 9.496791e+32
1.604812e+14 9.677053e+32
1.617252e+14 9.860736e+32
1.629789e+14 1.004791e+33
1.642422e+14 1.023863e+33
1.655154e+14 1.043297e+33
1.667984e+14 1.063100e+33
1.680914e+14 1.083279e+33
1.693944e+14 1.103841e+33
1.707075e+14 1.124794e+33
1.720307e+14 1.146144e+33
1.733643e+14 1.167899e+33
1.747081e+14 1.190067e+33
1.760624e+14 1.212656e+33
1.774272e+14 1.235674e+33
1.788026e+14 1.259129e+33
1.801886e+14 1.283029e+33
1.815854e+14 1.307382e+33
1.829929e+14 1.332198e+33
1.844114e+14 1.357485e+33
1.858409e+14 1.383252e+33
1.872815e+14 1.409508e+33
1.887333e+14 1.436262e+33
1.901963e+14 1.463524e+33
1.916706e+14 1.491304e+33
1.931564e+14 1.519611e+33
1.946537e+14 1.548455e+33
1.961626e+14 1.577847e+33
1.976832e+14 1.607796e+33
1.992155e+14 1.638314e+33
2.007598e+14 1.669412e+33
2.023160e+14 1.701099e+33
2.038843e+14 1.733388e+33
2.054648e+14 1.766290e+33
2.070575e+14 1.799817e+33
2.086625e+14 1.833980e+33
2.102800e+14 1.868791e+33
2.119100e+14 1.904263e+33
2.135527e+14 1.940409e+33
2.152081e+14 1.977240e+33
2.168763e+14 2.014771e+33
2.185575e+14 2.053014e+33
2.202517e+14 2.091983e+33
2.219590e+14 2.131691e+33
2.236795e+14 2.172154e+33
2.254134e+14 2.213384e+33
2.271608e+14 2.255397e+33
2.289217e+14 2.298207e+33
2.306962e+14 2.341830e+33
2.324845e+14 2.386281e+33
2.342866e+14 2.431576e+33
2.361027e+14 2.477730e+33
2.379329e+14 2.524761e+33
2.397773e+14 2.572684e+33
2.416360e+14 2.621517e+33
2.435091e+14 2.671277e+33
2.453967e+14 2.721981e+33
2.472989e+14 2.773648e+33
2.492159e+14 2.826296e+33
2.511478e+14 2.879942e+33
2.530946e+14 2.934608e+33
2.550565e+14 2.990310e+33
2.570336e+14 3.047070e+33
2.590260e+14 3.104908e+33
2.610339e+14 3.163843e+33
2.630574e+14 3.223897e+33
2.650965e+14 3.285091e+33
2.671515e+14 3.347446e+33
2.692224e+14 3.410985e+33
2.713093e+14 3.475730e+33
2.734124e+14 3.541704e+33
2.755318e+14 3.608930e+33
2.776676e+14 3.677432e+33
2.798200e+14 3.747235e+33
2.819891e+14 3.818362e+33
2.841750e+14 3.890839e+33
2.863778e+14 3.964693e+33
2.885977e+14 4.039948e+33
2.908349e+14 4.116631e+33
2.930893e+14 4.194770e+33
