# epsilon [g/cm^3]   P [dyn/cm^2]
1.364583e+14 6.435207e+32
1.375161e+14 6.528477e+32
1.385821e+14 6.623100e+32
1.396563e+14 6.719094e+32
1.407389e+14 6.816479e+32
1.418299e+14 6.915276e+32
1.429293e+14 7.015505e+32
1.440372e+14 7.117186e+32
1.451538e+14 7.220341e+32
1.462789e+14 7.324991e+32
1.474129e+14 7.431158e+32
1.485556e+14 7.538864e+32
1.497071e+14 7.648131e+32
1.508676e+14 7.758981e+32
1.520371e+14 7.871439e+32
1.532156e+14 7.985526e+32
1.544033e+14 8.101266e+32
1.556002e+14 8.218685e+32
1.568063e+14 8.337805e+32
1.580219e+14 8.458651e+32
1.592468e+14 8.581249e+32
1.604812e+14 8.705624e+32
1.617252e+14 8.831802e+32
1.629789e+14 8.959808e+32
1.642422e+14 9.089670e+32
1.655154e+14 9.221414e+32
1.667984e+14 9.355067e+32
1.680914e+14 9.490658e+32
1.693944e+14 9.628214e+32
1.707075e+14 9.767763e+32
1.720307e+14 9.909335e+32
1.733643e+14 1.005296e+33
1.747081e+14 1.019867e+33
1.760624e+14 1.034648e+33
1.774272e+14 1.049644e+33
1.788026e+14 1.064858e+33
1.801886e+14 1.080291e+33
1.815854e+14 1.095949e+33
1.829929e+14 1.111833e+33
1.844114e+14 1.127948e+33
1.858409e+14 1.144296e+33
1.872815e+14 1.160882e+33
1.887333e+14 1.177707e+33
1.901963e+14 1.194777e+33
1.916706e+14 1.212094e+33
1.931564e+14 1.229661e+33
1.946537e+14 1.247484e+33
1.961626e+14 1.265565e+33
1.976832e+14 1.283908e+33
1.992155e+14 1.302516e+33
2.007598e+14 1.321395e+33
2.023160e+14 1.340547e+33
2.038843e+14 1.359976e+33
2.054648e+14 1.379688e+33
2.070575e+14 1.399684e+33
2.086625e+14 1.419971e+33
2.102800e+14 1.440552e+33
2.119100e+14 1.461431e+33
2.135527e+14 1.482613e+33
2.152081e+14 1.504102e+33
2.168763e+14 1.525902e+33
2.185575e+14 1.548018e+33
2.202517e+14 1.570454e+33
2.219590e+14 1.593216e+33
2.236795e+14 1.616308e+33
2.254134e+14 1.639735e+33
2.271608e+14 1.663501e+33
2.289217e+14 1.687611e+33
2.306962e+14 1.712071e+33
2.324845e+14 1.736885e+33
2.342866e+14 1.762059e+33
2.361027e+14 1.787598e+33
2.379329e+14 1.813507e+33
2.397773e+14 1.839792e+33
2.416360e+14 1.866458e+33
2.435091e+14 1.893510e+33
2.453967e+14 1.920954e+33
2.472989e+14 1.948796e+33
2.492159e+14 1.977041e+33
2.511478e+14 2.005696e+33
2.530946e+14 2.034766e+33
2.550565e+14 2.064258e+33
2.570336e+14 2.094177e+33
2.590260e+14 2.124529e+33
2.610339e+14 2.155322e+33
2.630574e+14 2.186561e+33
2.650965e+14 2.218252e+33
2.671515e+14 2.250403e+33
2.692224e+14 2.283020e+33
2.713093e+14 2.316110e+33
2.734124e+14 2.349679e+33
2.755318e+14 2.383735e+33
2.776676e+14 2.418284e+33
2.798200e+14 2.453335e+33
2.819891e+14 2.488893e+33
2.841750e+14 2.524966e+33
2.863778e+14 2.561563e+33
2.885977e+14 2.598689e+33
2.908349e+14 2.636354e+33
2.930893e+14 2.674565e+33
