# epsilon [g/cm^3]   P [dyn/cm^2]
1.364583e+14 6.632701e+32
1.375161e+14 6.797704e+32
1.385821e+14 6.966813e+32
1.396563e+14 7.140128e+32
1.407389e+14 7.317754e+32
1.418299e+14 7.499800e+32
1.429293e+14 7.686374e+32
1.440372e+14 7.877590e+32
1.451538e+14 8.073563e+32
1.462789e+14 8.274411e+32
1.474129e+14 8.480256e+32
1.485556e+14 8.691221e+32
1.497071e+14 8.907435e+32
1.508676e+14 9.129027e+32
1.520371e+14 9.356132e+32
1.532156e+14 9.588887e+32
1.544033e+14 9.827432e+32
1.556002e+14 1.007191e+33
1.568063e+14 1.032247e+33
1.580219e+14 1.057927e+33
1.592468e+14 1.084245e+33
1.604812e+14 1.111218e+33
1.617252e+14 1.138862e+33
1.629789e+14 1.167194e+33
1.642422e+14 1.196230e+33
1.655154e+14 1.225989e+33
1.667984e+14 1.256489e+33
1.680914e+14 1.287747e+33
1.693944e+14 1.319782e+33
1.707075e+14 1.352615e+33
1.720307e+14 1.386264e+33
1.733643e+14 1.420751e+33
1.747081e+14 1.456095e+33
1.760624e+14 1.492319e+33
1.774272e+14 1.529443e+33
1.788026e+14 1.567492e+33
1.801886e+14 1.606486e+33
1.815854e+14 1.646451e+33
1.829929e+14 1.687411e+33
1.844114e+14 1.729389e+33
1.858409e+14 1.772411e+33
1.872815e+14 1.816504e+33
1.887333e+14 1.861694e+33
1.901963e+14 1.908007e+33
1.916706e+14 1.955473e+33
1.931564e+14 2.004120e+33
1.946537e+14 2.053977e+33
1.961626e+14 2.105074e+33
1.976832e+14 2.157443e+33
1.992155e+14 2.211114e+33
2.007598e+14 2.266120e+33
2.023160e+14 2.322495e+33
2.038843e+14 2.380273e+33
2.054648e+14 2.439487e+33
2.070575e+14 2.500175e+33
2.086625e+14 2.562372e+33
2.102800e+14 2.626117e+33
2.119100e+14 2.691448e+33
2.135527e+14 2.758404e+33
2.152081e+14 2.827025e+33
2.168763e+14 2.897354e+33
2.185575e+14 2.969432e+33
2.202517e+14 3.043303e+33
2.219590e+14 3.119012e+33
2.236795e+14 3.196605e+33
2.254134e+14 3.276127e+33
2.271608e+14 3.357628e+33
2.289217e+14 3.441157e+33
2.306962e+14 3.526763e+33
2.324845e+14 3.614500e+33
2.342866e+14 3.704418e+33
2.361027e+14 3.796574e+33
2.379329e+14 3.891022e+33
2.397773e+14 3.987820e+33
2.416360e+14 4.087026e+33
2.435091e+14 4.188700e+33
2.453967e+14 4.292904e+33
2.472989e+14 4.399699e+33
2.492159e+14 4.509152e+33
2.511478e+14 4.621327e+33
2.530946e+14 4.736293e+33
2.550565e+14 4.854119e+33
2.570336e+14 4.974876e+33
2.590260e+14 5.098637e+33
2.610339e+14 5.225477e+33
2.630574e+14 5.355473e+33
2.650965e+14 5.488702e+33
2.671515e+14 5.625246e+33
2.692224e+14 5.765186e+33
2.713093e+14 5.908608e+33
2.734124e+14 6.055598e+33
2.755318e+14 6.206245e+33
2.776676e+14 6.360639e+33
2.798200e+14 6.518874e+33
2.819891e+14 6.681046e+33
2.841750e+14 6.847252e+33
2.863778e+14 7.017593e+33
2.885977e+14 7.192171e+33
2.908349e+14 7.371093e+33
2.930893e+14 7.554465e+33
