# epsilon [g/cm^3]   P [dyn/cm^2]
1.364583e+14 6.606153e+32
1.375161e+14 6.761354e+32
1.385821e+14 6.920202e+32
1.396563e+14 7.082781e+32
1.407389e+14 7.249180e+32
1.418299e+14 7.419489e+32
1.429293e+14 7.593798e+32
1.440372e+14 7.772203e+32
1.451538e+14 7.954799e+32
1.462789e+14 8.141685e+32
1.474129e+14 8.332961e+32
1.485556e+14 8.528731e+32
1.497071e+14 8.729101e+32
1.508676e+14 8.934178e+32
1.520371e+14 9.144073e+32
1.532156e+14 9.358899e+32
1.544033e+14 9.578772e+32
1.556002e+14 9.803810e+32
1.568063e+14 1.003414e+33
1.580219e+14 1.026987e+33
1.592468e+14 1.051115e+33
1.604812e+14 1.075809e+33
1.617252e+14 1.101084e+33
1.629789e+14 1.126952e+33
1.642422e+14 1.153428e+33
1.655154e+14 1.180526e+33
1.667984e+14 1.208260e+33
1.680914e+14 1.236647e+33
1.693944e+14 1.265700e+33
1.707075e+14 1.295436e+33
1.720307e+14 1.325870e+33
1.733643e+14 1.357019e+33
1.747081e+14 1.388900e+33
1.760624e+14 1.421530e+33
1.774272e+14 1.454927e+33
1.788026e+14 1.489108e+33
1.801886e+14 1.524093e+33
1.815854e+14 1.559899e+33
1.829929e+14 1.596546e+33
1.844114e+14 1.634055e+33
1.858409e+14 1.672444e+33
1.872815e+14 1.711736e+33
1.887333e+14 1.751950e+33
1.901963e+14 1.793110e+33
1.916706e+14 1.835236e+33
1.931564e+14 1.878352e+33
1.946537e+14 1.922481e+33
1.961626e+14 1.967647e+33
1.976832e+14 2.013874e+33
1.992155e+14 2.061187e+33
2.007598e+14 2.109611e+33
2.023160e+14 2.159173e+33
2.038843e+14 2.209900e+33
2.054648e+14 2.261818e+33
2.070575e+14 2.314956e+33
2.086625e+14 2.369342e+33
2.102800e+14 2.425006e+33
2.119100e+14 2.481978e+33
2.135527e+14 2.540288e+33
2.152081e+14 2.599969e+33
2.168763e+14 2.661051e+33
2.185575e+14 2.723568e+33
2.202517e+14 2.787554e+33
2.219590e+14 2.853043e+33
2.236795e+14 2.920071e+33
2.254134e+14 2.988674e+33
2.271608e+14 3.058888e+33
2.289217e+14 3.130752e+33
2.306962e+14 3.204304e+33
2.324845e+14 3.279585e+33
2.342866e+14 3.356633e+33
2.361027e+14 3.435492e+33
2.379329e+14 3.516204e+33
2.397773e+14 3.598812e+33
2.416360e+14 3.683361e+33
2.435091e+14 3.769895e+33
2.453967e+14 3.858463e+33
2.472989e+14 3.949112e+33
2.492159e+14 4.041890e+33
2.511478e+14 4.136848e+33
2.530946e+14 4.234037e+33
2.550565e+14 4.333510e+33
2.570336e+14 4.435319e+33
2.590260e+14 4.539520e+33
2.610339e+14 4.646169e+33
2.630574e+14 4.755323e+33
2.650965e+14 4.867043e+33
2.671515e+14 4.981386e+33
2.692224e+14 5.098416e+33
2.713093e+14 5.218196e+33
2.734124e+14 5.340789e+33
2.755318e+14 5.466263e+33
2.776676e+14 5.594684e+33
2.798200e+14 5.726123e+33
2.819891e+14 5.860650e+33
2.841750e+14 5.998337e+33
2.863778e+14 6.139258e+33
2.885977e+14 6.283491e+33
2.908349e+14 6.431112e+33
2.930893e+14 6.582201e+33
