# epsilon [g/cm^3]   P [dyn/cm^2]
1.364583e+14 6.499674e+32
1.375161e+14 6.616058e+32
1.385821e+14 6.734526e+32
1.396563e+14 6.855116e+32
1.407389e+14 6.977865e+32
1.418299e+14 7.102811e+32
1.429293e+14 7.229995e+32
1.440372e+14 7.359457e+32
1.451538e+14 7.491237e+32
1.462789e+14 7.625376e+32
1.474129e+14 7.761917e+32
1.485556e+14 7.900903e+32
1.497071e+14 8.042378e+32
1.508676e+14 8.186386e+32
1.520371e+14 8.332973e+32
1.532156e+14 8.482185e+32
1.544033e+14 8.634068e+32
1.556002e+14 8.788671e+32
1.568063e+14 8.946043e+32
1.580219e+14 9.106232e+32
1.592468e+14 9.269290e+32
1.604812e+14 9.435267e+32
1.617252e+14 9.604216e+32
1.629789e+14 9.776191e+32
1.642422e+14 9.951245e+32
1.655154e+14 1.012943e+33
1.667984e+14 1.031081e+33
1.680914e+14 1.049544e+33
1.693944e+14 1.068337e+33
1.707075e+14 1.087467e+33
1.720307e+14 1.106940e+33
1.733643e+14 1.126761e+33
1.747081e+14 1.146937e+33
1.760624e+14 1.167474e+33
1.774272e+14 1.188379e+33
1.788026e+14 1.209658e+33
1.801886e+14 1.231318e+33
1.815854e+14 1.253367e+33
1.829929e+14 1.275810e+33
1.844114e+14 1.298654e+33
1.858409e+14 1.321908e+33
1.872815e+14 1.345579e+33
1.887333e+14 1.369673e+33
1.901963e+14 1.394198e+33
1.916706e+14 1.419163e+33
1.931564e+14 1.444575e+33
1.946537e+14 1.470442e+33
1.961626e+14 1.496772e+33
1.976832e+14 1.523573e+33
1.992155e+14 1.550854e+33
2.007598e+14 1.578624e+33
2.023160e+14 1.606891e+33
2.038843e+14 1.635665e+33
2.054648e+14 1.664953e+33
2.070575e+14 1.694766e+33
2.086625e+14 1.725113e+33
2.102800e+14 1.756003e+33
2.119100e+14 1.787446e+33
2.135527e+14 1.819453e+33
2.152081e+14 1.852032e+33
2.168763e+14 1.885195e+33
2.185575e+14 1.918951e+33
2.202517e+14 1.953312e+33
2.219590e+14 1.988289e+33
2.236795e+14 2.023891e+33
2.254134e+14 2.060132e+33
2.271608e+14 2.097021e+33
2.289217e+14 2.134570e+33
2.306962e+14 2.172792e+33
2.324845e+14 2.211698e+33
2.342866e+14 2.251302e+33
2.361027e+14 2.291614e+33
2.379329e+14 2.332648e+33
2.397773e+14 2.374416e+33
2.416360e+14 2.416933e+33
2.435091e+14 2.460211e+33
2.453967e+14 2.504264e+33
2.472989e+14 2.549106e+33
2.492159e+14 2.594751e+33
2.511478e+14 2.641213e+33
2.530946e+14 2.688507e+33
2.550565e+14 2.736647e+33
2.570336e+14 2.785650e+33
2.590260e+14 2.835531e+33
2.610339e+14 2.886304e+33
2.630574e+14 2.937987e+33
2.650965e+14 2.990595e+33
2.671515e+14 3.044145e+33
2.692224e+14 3.098654e+33
2.713093e+14 3.154139e+33
2.734124e+14 3.210617e+33
2.755318e+14 3.268107e+33
2.776676e+14 3.326627e+33
2.798200e+14 3.386194e+33
2.819891e+14 3.446827e+33
2.841750e+14 3.508547e+33
2.863778e+14 3.571371e+33
2.885977e+14 3.635321e+33
2.908349e+14 3.700416e+33
2.930893e+14 3.766676e+33
