# epsilon [g/cm^3]   P [dyn/cm^2]
1.364583e+14 6.429512e+32
1.375161e+14 6.520756e+32
1.385821e+14 6.613294e+32
1.396563e+14 6.707145e+32
1.407389e+14 6.802328e+32
1.418299e+14 6.898862e+32
1.429293e+14 6.996766e+32
1.440372e+14 7.096059e+32
1.451538e+14 7.196762e+32
1.462789e+14 7.298893e+32
1.474129e+14 7.402474e+32
1.485556e+14 7.507525e+32
1.497071e+14 7.614066e+32
1.508676e+14 7.722120e+32
1.520371e+14 7.831707e+32
1.532156e+14 7.942849e+32
1.544033e+14 8.055569e+32
1.556002e+14 8.169888e+32
1.568063e+14 8.285829e+32
1.580219e+14 8.403416e+32
1.592468e+14 8.522671e+32
1.604812e+14 8.643619e+32
1.617252e+14 8.766283e+32
1.629789e+14 8.890689e+32
1.642422e+14 9.016859e+32
1.655154e+14 9.144820e+32
1.667984e+14 9.274597e+32
1.680914e+14 9.406216e+32
1.693944e+14 9.539702e+32
1.707075e+14 9.675083e+32
1.720307e+14 9.812385e+32
1.733643e+14 9.951636e+32
1.747081e+14 1.009286e+33
1.760624e+14 1.023609e+33
1.774272e+14 1.038136e+33
1.788026e+14 1.052868e+33
1.801886e+14 1.067810e+33
1.815854e+14 1.082963e+33
1.829929e+14 1.098332e+33
1.844114e+14 1.113919e+33
1.858409e+14 1.129727e+33
1.872815e+14 1.145759e+33
1.887333e+14 1.162019e+33
1.901963e+14 1.178510e+33
1.916706e+14 1.195234e+33
1.931564e+14 1.212196e+33
1.946537e+14 1.229399e+33
1.961626e+14 1.246845e+33
1.976832e+14 1.264540e+33
1.992155e+14 1.282485e+33
2.007598e+14 1.300685e+33
2.023160e+14 1.319144e+33
2.038843e+14 1.337864e+33
2.054648e+14 1.356850e+33
2.070575e+14 1.376106e+33
2.086625e+14 1.395635e+33
2.102800e+14 1.415440e+33
2.119100e+14 1.435527e+33
2.135527e+14 1.455899e+33
2.152081e+14 1.476561e+33
2.168763e+14 1.497515e+33
2.185575e+14 1.518767e+33
2.202517e+14 1.540320e+33
2.219590e+14 1.562179e+33
2.236795e+14 1.584348e+33
2.254134e+14 1.606832e+33
2.271608e+14 1.629635e+33
2.289217e+14 1.652762e+33
2.306962e+14 1.676217e+33
2.324845e+14 1.700005e+33
2.342866e+14 1.724130e+33
2.361027e+14 1.748598e+33
2.379329e+14 1.773412e+33
2.397773e+14 1.798580e+33
2.416360e+14 1.824104e+33
2.435091e+14 1.849990e+33
2.453967e+14 1.876244e+33
2.472989e+14 1.902870e+33
2.492159e+14 1.929874e+33
2.511478e+14 1.957262e+33
2.530946e+14 1.985038e+33
2.550565e+14 2.013208e+33
2.570336e+14 2.041778e+33
2.590260e+14 2.070754e+33
2.610339e+14 2.100141e+33
2.630574e+14 2.129944e+33
2.650965e+14 2.160171e+33
2.671515e+14 2.190827e+33
2.692224e+14 2.221917e+33
2.713093e+14 2.253449e+33
2.734124e+14 2.285429e+33
2.755318e+14 2.317862e+33
2.776676e+14 2.350755e+33
2.798200e+14 2.384116e+33
2.819891e+14 2.417949e+33
2.841750e+14 2.452263e+33
2.863778e+14 2.487064e+33
2.885977e+14 2.522359e+33
2.908349e+14 2.558154e+33
2.930893e+14 2.594458e+33
