# epsilon [g/cm^3]   P [dyn/cm^2]
1.364583e+14 6.444731e+32
1.375161e+14 6.541397e+32
1.385821e+14 6.639514e+32
1.396563e+14 6.739103e+32
1.407389e+14 6.840185e+32
1.418299e+14 6.942783e+32
1.429293e+14 7.046920e+32
1.440372e+14 7.152619e+32
1.451538e+14 7.259904e+32
1.462789e+14 7.368798e+32
1.474129e+14 7.479325e+32
1.485556e+14 7.591510e+32
1.497071e+14 7.705378e+32
1.508676e+14 7.820953e+32
1.520371e+14 7.938263e+32
1.532156e+14 8.057331e+32
1.544033e+14 8.178186e+32
1.556002e+14 8.300854e+32
1.568063e+14 8.425361e+32
1.580219e+14 8.551736e+32
1.592468e+14 8.680006e+32
1.604812e+14 8.810201e+32
1.617252e+14 8.942348e+32
1.629789e+14 9.076477e+32
1.642422e+14 9.212619e+32
1.655154e+14 9.350802e+32
1.667984e+14 9.491058e+32
1.680914e+14 9.633418e+32
1.693944e+14 9.777913e+32
1.707075e+14 9.924575e+32
1.720307e+14 1.007344e+33
1.733643e+14 1.022453e+33
1.747081e+14 1.037789e+33
1.760624e+14 1.053356e+33
1.774272e+14 1.069155e+33
1.788026e+14 1.085192e+33
1.801886e+14 1.101469e+33
1.815854e+14 1.117990e+33
1.829929e+14 1.134759e+33
1.844114e+14 1.151780e+33
1.858409e+14 1.169056e+33
1.872815e+14 1.186591e+33
1.887333e+14 1.204389e+33
1.901963e+14 1.222454e+33
1.916706e+14 1.240790e+33
1.931564e+14 1.259401e+33
1.946537e+14 1.278291e+33
1.961626e+14 1.297465e+33
1.976832e+14 1.316926e+33
1.992155e+14 1.336679e+33
2.007598e+14 1.356729e+33
2.023160e+14 1.377079e+33
2.038843e+14 1.397734e+33
2.054648e+14 1.418699e+33
2.070575e+14 1.439978e+33
2.086625e+14 1.461577e+33
2.102800e+14 1.483500e+33
2.119100e+14 1.505751e+33
2.135527e+14 1.528337e+33
2.152081e+14 1.551261e+33
2.168763e+14 1.574529e+33
2.185575e+14 1.598146e+33
2.202517e+14 1.622117e+33
2.219590e+14 1.646447e+33
2.236795e+14 1.671143e+33
2.254134e+14 1.696209e+33
2.271608e+14 1.721651e+33
2.289217e+14 1.747475e+33
2.306962e+14 1.773686e+33
2.324845e+14 1.800290e+33
2.342866e+14 1.827293e+33
2.361027e+14 1.854701e+33
2.379329e+14 1.882521e+33
2.397773e+14 1.910757e+33
2.416360e+14 1.939417e+33
2.435091e+14 1.968507e+33
2.453967e+14 1.998034e+33
2.472989e+14 2.028003e+33
2.492159e+14 2.058422e+33
2.511478e+14 2.089297e+33
2.530946e+14 2.120635e+33
2.550565e+14 2.152443e+33
2.570336e+14 2.184728e+33
2.590260e+14 2.217498e+33
2.610339e+14 2.250759e+33
2.630574e+14 2.284518e+33
2.650965e+14 2.318785e+33
2.671515e+14 2.353565e+33
2.692224e+14 2.388867e+33
2.713093e+14 2.424698e+33
2.734124e+14 2.461067e+33
2.755318e+14 2.497982e+33
2.776676e+14 2.535450e+33
2.798200e+14 2.573480e+33
2.819891e+14 2.612080e+33
2.841750e+14 2.651260e+33
2.863778e+14 2.691027e+33
2.885977e+14 2.731391e+33
2.908349e+14 2.772360e+33
2.930893e+14 2.813943e+33
