# epsilon [g/cm^3]   P [dyn/cm^2]
1.364583e+14 6.515016e+32
1.375161e+14 6.636944e+32
1.385821e+14 6.761155e+32
1.396563e+14 6.887689e+32
1.407389e+14 7.016592e+32
1.418299e+14 7.147907e+32
1.429293e+14 7.281680e+32
1.440372e+14 7.417956e+32
1.451538e+14 7.556783e+32
1.462789e+14 7.698208e+32
1.474129e+14 7.842280e+32
1.485556e+14 7.989048e+32
1.497071e+14 8.138562e+32
1.508676e+14 8.290875e+32
1.520371e+14 8.446039e+32
1.532156e+14 8.604106e+32
1.544033e+14 8.765131e+32
1.556002e+14 8.929170e+32
1.568063e+14 9.096279e+32
1.580219e+14 9.266516e+32
1.592468e+14 9.439938e+32
1.604812e+14 9.616606e+32
1.617252e+14 9.796581e+32
1.629789e+14 9.979923e+32
1.642422e+14 1.016670e+33
1.655154e+14 1.035697e+33
1.667984e+14 1.055080e+33
1.680914e+14 1.074825e+33
1.693944e+14 1.094941e+33
1.707075e+14 1.115433e+33
1.720307e+14 1.136308e+33
1.733643e+14 1.157574e+33
1.747081e+14 1.179238e+33
1.760624e+14 1.201307e+33
1.774272e+14 1.223789e+33
1.788026e+14 1.246693e+33
1.801886e+14 1.270024e+33
1.815854e+14 1.293793e+33
1.829929e+14 1.318006e+33
1.844114e+14 1.342673e+33
1.858409e+14 1.367801e+33
1.872815e+14 1.393399e+33
1.887333e+14 1.419476e+33
1.901963e+14 1.446042e+33
1.916706e+14 1.473104e+33
1.931564e+14 1.500674e+33
1.946537e+14 1.528759e+33
1.961626e+14 1.557369e+33
1.976832e+14 1.586515e+33
1.992155e+14 1.616207e+33
2.007598e+14 1.646454e+33
2.023160e+14 1.677267e+33
2.038843e+14 1.708657e+33
2.054648e+14 1.740635e+33
2.070575e+14 1.773211e+33
2.086625e+14 1.806396e+33
2.102800e+14 1.840203e+33
2.119100e+14 1.874642e+33
2.135527e+14 1.909726e+33
2.152081e+14 1.945467e+33
2.168763e+14 1.981876e+33
2.185575e+14 2.018967e+33
2.202517e+14 2.056752e+33
2.219590e+14 2.095244e+33
2.236795e+14 2.134456e+33
2.254134e+14 2.174402e+33
2.271608e+14 2.215096e+33
2.289217e+14 2.256552e+33
2.306962e+14 2.298783e+33
2.324845e+14 2.341804e+33
2.342866e+14 2.385631e+33
2.361027e+14 2.430278e+33
2.379329e+14 2.475761e+33
2.397773e+14 2.522094e+33
2.416360e+14 2.569295e+33
2.435091e+14 2.617380e+33
2.453967e+14 2.666364e+33
2.472989e+14 2.716265e+33
2.492159e+14 2.767099e+33
2.511478e+14 2.818886e+33
2.530946e+14 2.871641e+33
2.550565e+14 2.925384e+33
2.570336e+14 2.980132e+33
2.590260e+14 3.035905e+33
2.610339e+14 3.092722e+33
2.630574e+14 3.150602e+33
2.650965e+14 3.209565e+33
2.671515e+14 3.269632e+33
2.692224e+14 3.330823e+33
2.713093e+14 3.393160e+33
2.734124e+14 3.456662e+33
2.755318e+14 3.521354e+33
2.776676e+14 3.587256e+33
2.798200e+14 3.654391e+33
2.819891e+14 3.722783e+33
2.841750e+14 3.792454e+33
2.863778e+14 3.863430e+33
2.885977e+14 3.935734e+33
2.908349e+14 4.009391e+33
2.930893e+14 4.084427e+33
