# epsilon [g/cm^3]   P [dyn/cm^2]
1.364583e+14 6.500848e+32
1.375161e+14 6.617656e+32
1.385821e+14 6.736562e+32
1.396563e+14 6.857605e+32
1.407389e+14 6.980823e+32
1.418299e+14 7.106256e+32
1.429293e+14 7.233941e+32
1.440372e+14 7.363922e+32
1.451538e+14 7.496237e+32
1.462789e+14 7.630930e+32
1.474129e+14 7.768044e+32
1.485556e+14 7.907621e+32
1.497071e+14 8.049705e+32
1.508676e+14 8.194343e+32
1.520371e+14 8.341580e+32
1.532156e+14 8.491462e+32
1.544033e+14 8.644038e+32
1.556002e+14 8.799355e+32
1.568063e+14 8.957462e+32
1.580219e+14 9.118411e+32
1.592468e+14 9.282251e+32
1.604812e+14 9.449036e+32
1.617252e+14 9.618817e+32
1.629789e+14 9.791649e+32
1.642422e+14 9.967586e+32
1.655154e+14 1.014668e+33
1.667984e+14 1.032900e+33
1.680914e+14 1.051459e+33
1.693944e+14 1.070352e+33
1.707075e+14 1.089584e+33
1.720307e+14 1.109162e+33
1.733643e+14 1.129092e+33
1.747081e+14 1.149379e+33
1.760624e+14 1.170031e+33
1.774272e+14 1.191055e+33
1.788026e+14 1.212456e+33
1.801886e+14 1.234241e+33
1.815854e+14 1.256418e+33
1.829929e+14 1.278993e+33
1.844114e+14 1.301975e+33
1.858409e+14 1.325369e+33
1.872815e+14 1.349183e+33
1.887333e+14 1.373425e+33
1.901963e+14 1.398103e+33
1.916706e+14 1.423224e+33
1.931564e+14 1.448797e+33
1.946537e+14 1.474829e+33
1.961626e+14 1.501329e+33
1.976832e+14 1.528305e+33
1.992155e+14 1.555766e+33
2.007598e+14 1.583720e+33
2.023160e+14 1.612176e+33
2.038843e+14 1.641144e+33
2.054648e+14 1.670632e+33
2.070575e+14 1.700650e+33
2.086625e+14 1.731208e+33
2.102800e+14 1.762314e+33
2.119100e+14 1.793980e+33
2.135527e+14 1.826214e+33
2.152081e+14 1.859027e+33
2.168763e+14 1.892431e+33
2.185575e+14 1.926434e+33
2.202517e+14 1.961048e+33
2.219590e+14 1.996285e+33
2.236795e+14 2.032154e+33
2.254134e+14 2.068668e+33
2.271608e+14 2.105838e+33
2.289217e+14 2.143676e+33
2.306962e+14 2.182194e+33
2.324845e+14 2.221404e+33
2.342866e+14 2.261318e+33
2.361027e+14 2.301950e+33
2.379329e+14 2.343311e+33
2.397773e+14 2.385416e+33
2.416360e+14 2.428277e+33
2.435091e+14 2.471909e+33
2.453967e+14 2.516324e+33
2.472989e+14 2.561538e+33
2.492159e+14 2.607564e+33
2.511478e+14 2.654417e+33
2.530946e+14 2.702112e+33
2.550565e+14 2.750664e+33
2.570336e+14 2.800088e+33
2.590260e+14 2.850400e+33
2.610339e+14 2.901616e+33
2.630574e+14 2.953753e+33
2.650965e+14 3.006826e+33
2.671515e+14 3.060853e+33
2.692224e+14 3.115851e+33
2.713093e+14 3.171837e+33
2.734124e+14 3.228828e+33
2.755318e+14 3.286844e+33
2.776676e+14 3.345903e+33
2.798200e+14 3.406022e+33
2.819891e+14 3.467222e+33
2.841750e+14 3.529521e+33
2.863778e+14 3.592940e+33
2.885977e+14 3.657498e+33
2.908349e+14 3.723217e+33
2.930893e+14 3.790116e+33
