# epsilon [g/cm^3]   P [dyn/cm^2]
1.364583e+14 6.487048e+32
1.375161e+14 6.598883e+32
1.385821e+14 6.712645e+32
1.396563e+14 6.828369e+32
1.407389e+14 6.946087e+32
1.418299e+14 7.065836e+32
1.429293e+14 7.187648e+32
1.440372e+14 7.311561e+32
1.451538e+14 7.437609e+32
1.462789e+14 7.565831e+32
1.474129e+14 7.696263e+32
1.485556e+14 7.828944e+32
1.497071e+14 7.963913e+32
1.508676e+14 8.101208e+32
1.520371e+14 8.240870e+32
1.532156e+14 8.382939e+32
1.544033e+14 8.527458e+32
1.556002e+14 8.674469e+32
1.568063e+14 8.824013e+32
1.580219e+14 8.976136e+32
1.592468e+14 9.130882e+32
1.604812e+14 9.288295e+32
1.617252e+14 9.448422e+32
1.629789e+14 9.611309e+32
1.642422e+14 9.777005e+32
1.655154e+14 9.945557e+32
1.667984e+14 1.011701e+33
1.680914e+14 1.029143e+33
1.693944e+14 1.046885e+33
1.707075e+14 1.064933e+33
1.720307e+14 1.083292e+33
1.733643e+14 1.101968e+33
1.747081e+14 1.120965e+33
1.760624e+14 1.140290e+33
1.774272e+14 1.159948e+33
1.788026e+14 1.179945e+33
1.801886e+14 1.200287e+33
1.815854e+14 1.220980e+33
1.829929e+14 1.242029e+33
1.844114e+14 1.263441e+33
1.858409e+14 1.285222e+33
1.872815e+14 1.307379e+33
1.887333e+14 1.329918e+33
1.901963e+14 1.352845e+33
1.916706e+14 1.376168e+33
1.931564e+14 1.399893e+33
1.946537e+14 1.424026e+33
1.961626e+14 1.448576e+33
1.976832e+14 1.473549e+33
1.992155e+14 1.498952e+33
2.007598e+14 1.524794e+33
2.023160e+14 1.551081e+33
2.038843e+14 1.577821e+33
2.054648e+14 1.605022e+33
2.070575e+14 1.632692e+33
2.086625e+14 1.660839e+33
2.102800e+14 1.689471e+33
2.119100e+14 1.718597e+33
2.135527e+14 1.748225e+33
2.152081e+14 1.778364e+33
2.168763e+14 1.809022e+33
2.185575e+14 1.840209e+33
2.202517e+14 1.871934e+33
2.219590e+14 1.904205e+33
2.236795e+14 1.937033e+33
2.254134e+14 1.970427e+33
2.271608e+14 2.004396e+33
2.289217e+14 2.038951e+33
2.306962e+14 2.074102e+33
2.324845e+14 2.109859e+33
2.342866e+14 2.146232e+33
2.361027e+14 2.183232e+33
2.379329e+14 2.220871e+33
2.397773e+14 2.259158e+33
2.416360e+14 2.298105e+33
2.435091e+14 2.337723e+33
2.453967e+14 2.378025e+33
2.472989e+14 2.419021e+33
2.492159e+14 2.460724e+33
2.511478e+14 2.503146e+33
2.530946e+14 2.546299e+33
2.550565e+14 2.590197e+33
2.570336e+14 2.634851e+33
2.590260e+14 2.680275e+33
2.610339e+14 2.726482e+33
2.630574e+14 2.773485e+33
2.650965e+14 2.821299e+33
2.671515e+14 2.869937e+33
2.692224e+14 2.919414e+33
2.713093e+14 2.969744e+33
2.734124e+14 3.020941e+33
2.755318e+14 3.073021e+33
2.776676e+14 3.125999e+33
2.798200e+14 3.179890e+33
2.819891e+14 3.234710e+33
2.841750e+14 3.290476e+33
2.863778e+14 3.347202e+33
2.885977e+14 3.404907e+33
2.908349e+14 3.463606e+33
2.930893e+14 3.523318e+33
