# epsilon [g/cm^3]   P [dyn/cm^2]
1.364583e+14 6.567574e+32
1.375161e+14 6.708620e+32
1.385821e+14 6.852694e+32
1.396563e+14 6.999863e+32
1.407389e+14 7.150193e+32
1.418299e+14 7.303751e+32
1.429293e+14 7.460606e+32
1.440372e+14 7.620831e+32
1.451538e+14 7.784496e+32
1.462789e+14 7.951677e+32
1.474129e+14 8.122447e+32
1.485556e+14 8.296885e+32
1.497071e+14 8.475070e+32
1.508676e+14 8.657081e+32
1.520371e+14 8.843001e+32
1.532156e+14 9.032914e+32
1.544033e+14 9.226905e+32
1.556002e+14 9.425063e+32
1.568063e+14 9.627476e+32
1.580219e+14 9.834236e+32
1.592468e+14 1.004544e+33
1.604812e+14 1.026117e+33
1.617252e+14 1.048154e+33
1.629789e+14 1.070665e+33
1.642422e+14 1.093658e+33
1.655154e+14 1.117146e+33
1.667984e+14 1.141138e+33
1.680914e+14 1.165645e+33
1.693944e+14 1.190678e+33
1.707075e+14 1.216249e+33
1.720307e+14 1.242369e+33
1.733643e+14 1.269051e+33
1.747081e+14 1.296305e+33
1.760624e+14 1.324144e+33
1.774272e+14 1.352582e+33
1.788026e+14 1.381630e+33
1.801886e+14 1.411302e+33
1.815854e+14 1.441611e+33
1.829929e+14 1.472571e+33
1.844114e+14 1.504196e+33
1.858409e+14 1.536500e+33
1.872815e+14 1.569498e+33
1.887333e+14 1.603205e+33
1.901963e+14 1.637636e+33
1.916706e+14 1.672806e+33
1.931564e+14 1.708731e+33
1.946537e+14 1.745428e+33
1.961626e+14 1.782913e+33
1.976832e+14 1.821203e+33
1.992155e+14 1.860315e+33
2.007598e+14 1.900267e+33
2.023160e+14 1.941077e+33
2.038843e+14 1.982764e+33
2.054648e+14 2.025346e+33
2.070575e+14 2.068842e+33
2.086625e+14 2.113273e+33
2.102800e+14 2.158658e+33
2.119100e+14 2.205017e+33
2.135527e+14 2.252372e+33
2.152081e+14 2.300744e+33
2.168763e+14 2.350155e+33
2.185575e+14 2.400627e+33
2.202517e+14 2.452183e+33
2.219590e+14 2.504847e+33
2.236795e+14 2.558641e+33
2.254134e+14 2.613590e+33
2.271608e+14 2.669720e+33
2.289217e+14 2.727055e+33
2.306962e+14 2.785621e+33
2.324845e+14 2.845446e+33
2.342866e+14 2.906555e+33
2.361027e+14 2.968976e+33
2.379329e+14 3.032738e+33
2.397773e+14 3.097869e+33
2.416360e+14 3.164399e+33
2.435091e+14 3.232358e+33
2.453967e+14 3.301776e+33
2.472989e+14 3.372685e+33
2.492159e+14 3.445117e+33
2.511478e+14 3.519105e+33
2.530946e+14 3.594682e+33
2.550565e+14 3.671881e+33
2.570336e+14 3.750739e+33
2.590260e+14 3.831290e+33
2.610339e+14 3.913571e+33
2.630574e+14 3.997619e+33
2.650965e+14 4.083472e+33
2.671515e+14 4.171169e+33
2.692224e+14 4.260749e+33
2.713093e+14 4.352253e+33
2.734124e+14 4.445723e+33
2.755318e+14 4.541199e+33
2.776676e+14 4.638726e+33
2.798200e+14 4.738348e+33
2.819891e+14 4.840109e+33
2.841750e+14 4.944055e+33
2.863778e+14 5.050234e+33
2.885977e+14 5.158693e+33
2.908349e+14 5.269482e+33
2.930893e+14 5.382649e+33
