# epsilon [g/cm^3]   P [dyn/cm^2]
1.364583e+14 6.554770e+32
1.375161e+14 6.691140e+32
1.385821e+14 6.830347e+32
1.396563e+14 6.972451e+32
1.407389e+14 7.117511e+32
1.418299e+14 7.265589e+32
1.429293e+14 7.416748e+32
1.440372e+14 7.571052e+32
1.451538e+14 7.728565e+32
1.462789e+14 7.889356e+32
1.474129e+14 8.053492e+32
1.485556e+14 8.221043e+32
1.497071e+14 8.392080e+32
1.508676e+14 8.566675e+32
1.520371e+14 8.744902e+32
1.532156e+14 8.926838e+32
1.544033e+14 9.112559e+32
1.556002e+14 9.302143e+32
1.568063e+14 9.495672e+32
1.580219e+14 9.693227e+32
1.592468e+14 9.894892e+32
1.604812e+14 1.010075e+33
1.617252e+14 1.031090e+33
1.629789e+14 1.052541e+33
1.642422e+14 1.074439e+33
1.655154e+14 1.096792e+33
1.667984e+14 1.119611e+33
1.680914e+14 1.142904e+33
1.693944e+14 1.166682e+33
1.707075e+14 1.190955e+33
1.720307e+14 1.215732e+33
1.733643e+14 1.241025e+33
1.747081e+14 1.266844e+33
1.760624e+14 1.293201e+33
1.774272e+14 1.320105e+33
1.788026e+14 1.347570e+33
1.801886e+14 1.375606e+33
1.815854e+14 1.404225e+33
1.829929e+14 1.433439e+33
1.844114e+14 1.463262e+33
1.858409e+14 1.493704e+33
1.872815e+14 1.524781e+33
1.887333e+14 1.556503e+33
1.901963e+14 1.588886e+33
1.916706e+14 1.621942e+33
1.931564e+14 1.655686e+33
1.946537e+14 1.690133e+33
1.961626e+14 1.725295e+33
1.976832e+14 1.761190e+33
1.992155e+14 1.797831e+33
2.007598e+14 1.835234e+33
2.023160e+14 1.873416e+33
2.038843e+14 1.912392e+33
2.054648e+14 1.952179e+33
2.070575e+14 1.992793e+33
2.086625e+14 2.034253e+33
2.102800e+14 2.076575e+33
2.119100e+14 2.119777e+33
2.135527e+14 2.163879e+33
2.152081e+14 2.208898e+33
2.168763e+14 2.254853e+33
2.185575e+14 2.301765e+33
2.202517e+14 2.349653e+33
2.219590e+14 2.398537e+33
2.236795e+14 2.448438e+33
2.254134e+14 2.499377e+33
2.271608e+14 2.551376e+33
2.289217e+14 2.604456e+33
2.306962e+14 2.658641e+33
2.324845e+14 2.713954e+33
2.342866e+14 2.770417e+33
2.361027e+14 2.828055e+33
2.379329e+14 2.886892e+33
2.397773e+14 2.946953e+33
2.416360e+14 3.008263e+33
2.435091e+14 3.070849e+33
2.453967e+14 3.134738e+33
2.472989e+14 3.199955e+33
2.492159e+14 3.266529e+33
2.511478e+14 3.334489e+33
2.530946e+14 3.403862e+33
2.550565e+14 3.474678e+33
2.570336e+14 3.546968e+33
2.590260e+14 3.620762e+33
2.610339e+14 3.696091e+33
2.630574e+14 3.772987e+33
2.650965e+14 3.851483e+33
2.671515e+14 3.931612e+33
2.692224e+14 4.013409e+33
2.713093e+14 4.096906e+33
2.734124e+14 4.182142e+33
2.755318e+14 4.269150e+33
2.776676e+14 4.357969e+33
2.798200e+14 4.448635e+33
2.819891e+14 4.541188e+33
2.841750e+14 4.635666e+33
2.863778e+14 4.732110e+33
2.885977e+14 4.830560e+33
2.908349e+14 4.931059e+33
2.930893e+14 5.033648e+33
