# epsilon [g/cm^3]   P [dyn/cm^2]
1.364583e+14 6.440526e+32
1.375161e+14 6.535693e+32
1.385821e+14 6.632266e+32
1.396563e+14 6.730266e+32
1.407389e+14 6.829714e+32
1.418299e+14 6.930631e+32
1.429293e+14 7.033040e+32
1.440372e+14 7.136962e+32
1.451538e+14 7.242419e+32
1.462789e+14 7.349435e+32
1.474129e+14 7.458032e+32
1.485556e+14 7.568234e+32
1.497071e+14 7.680064e+32
1.508676e+14 7.793546e+32
1.520371e+14 7.908705e+32
1.532156e+14 8.025566e+32
1.544033e+14 8.144154e+32
1.556002e+14 8.264494e+32
1.568063e+14 8.386612e+32
1.580219e+14 8.510534e+32
1.592468e+14 8.636288e+32
1.604812e+14 8.763900e+32
1.617252e+14 8.893397e+32
1.629789e+14 9.024808e+32
1.642422e+14 9.158161e+32
1.655154e+14 9.293484e+32
1.667984e+14 9.430807e+32
1.680914e+14 9.570158e+32
1.693944e+14 9.711569e+32
1.707075e+14 9.855070e+32
1.720307e+14 1.000069e+33
1.733643e+14 1.014846e+33
1.747081e+14 1.029842e+33
1.760624e+14 1.045059e+33
1.774272e+14 1.060501e+33
1.788026e+14 1.076171e+33
1.801886e+14 1.092073e+33
1.815854e+14 1.108210e+33
1.829929e+14 1.124585e+33
1.844114e+14 1.141202e+33
1.858409e+14 1.158065e+33
1.872815e+14 1.175177e+33
1.887333e+14 1.192541e+33
1.901963e+14 1.210163e+33
1.916706e+14 1.228044e+33
1.931564e+14 1.246190e+33
1.946537e+14 1.264604e+33
1.961626e+14 1.283290e+33
1.976832e+14 1.302252e+33
1.992155e+14 1.321495e+33
2.007598e+14 1.341022e+33
2.023160e+14 1.360837e+33
2.038843e+14 1.380945e+33
2.054648e+14 1.401350e+33
2.070575e+14 1.422057e+33
2.086625e+14 1.443069e+33
2.102800e+14 1.464392e+33
2.119100e+14 1.486031e+33
2.135527e+14 1.507989e+33
2.152081e+14 1.530271e+33
2.168763e+14 1.552883e+33
2.185575e+14 1.575828e+33
2.202517e+14 1.599113e+33
2.219590e+14 1.622742e+33
2.236795e+14 1.646720e+33
2.254134e+14 1.671052e+33
2.271608e+14 1.695744e+33
2.289217e+14 1.720801e+33
2.306962e+14 1.746228e+33
2.324845e+14 1.772031e+33
2.342866e+14 1.798215e+33
2.361027e+14 1.824785e+33
2.379329e+14 1.851749e+33
2.397773e+14 1.879111e+33
2.416360e+14 1.906877e+33
2.435091e+14 1.935053e+33
2.453967e+14 1.963646e+33
2.472989e+14 1.992661e+33
2.492159e+14 2.022106e+33
2.511478e+14 2.051985e+33
2.530946e+14 2.082305e+33
2.550565e+14 2.113074e+33
2.570336e+14 2.144297e+33
2.590260e+14 2.175982e+33
2.610339e+14 2.208135e+33
2.630574e+14 2.240762e+33
2.650965e+14 2.273873e+33
2.671515e+14 2.307472e+33
2.692224e+14 2.341568e+33
2.713093e+14 2.376167e+33
2.734124e+14 2.411278e+33
2.755318e+14 2.446908e+33
2.776676e+14 2.483064e+33
2.798200e+14 2.519754e+33
2.819891e+14 2.556986e+33
2.841750e+14 2.594769e+33
2.863778e+14 2.633110e+33
2.885977e+14 2.672017e+33
2.908349e+14 2.711500e+33
2.930893e+14 2.751566e+33
