# epsilon [g/cm^3]   P [dyn/cm^2]
1.364583e+14 6.634944e+32
1.375161e+14 6.800778e+32
1.385821e+14 6.970756e+32
1.396563e+14 7.144983e+32
1.407389e+14 7.323565e+32
1.418299e+14 7.506610e+32
1.429293e+14 7.694230e+32
1.440372e+14 7.886539e+32
1.451538e+14 8.083655e+32
1.462789e+14 8.285698e+32
1.474129e+14 8.492791e+32
1.485556e+14 8.705059e+32
1.497071e+14 8.922633e+32
1.508676e+14 9.145646e+32
1.520371e+14 9.374232e+32
1.532156e+14 9.608531e+32
1.544033e+14 9.848687e+32
1.556002e+14 1.009484e+33
1.568063e+14 1.034715e+33
1.580219e+14 1.060577e+33
1.592468e+14 1.087085e+33
1.604812e+14 1.114256e+33
1.617252e+14 1.142105e+33
1.629789e+14 1.170651e+33
1.642422e+14 1.199910e+33
1.655154e+14 1.229901e+33
1.667984e+14 1.260641e+33
1.680914e+14 1.292150e+33
1.693944e+14 1.324446e+33
1.707075e+14 1.357549e+33
1.720307e+14 1.391479e+33
1.733643e+14 1.426258e+33
1.747081e+14 1.461906e+33
1.760624e+14 1.498445e+33
1.774272e+14 1.535897e+33
1.788026e+14 1.574285e+33
1.801886e+14 1.613633e+33
1.815854e+14 1.653964e+33
1.829929e+14 1.695303e+33
1.844114e+14 1.737675e+33
1.858409e+14 1.781107e+33
1.872815e+14 1.825623e+33
1.887333e+14 1.871253e+33
1.901963e+14 1.918023e+33
1.916706e+14 1.965962e+33
1.931564e+14 2.015099e+33
1.946537e+14 2.065465e+33
1.961626e+14 2.117089e+33
1.976832e+14 2.170003e+33
1.992155e+14 2.224240e+33
2.007598e+14 2.279833e+33
2.023160e+14 2.336815e+33
2.038843e+14 2.395222e+33
2.054648e+14 2.455088e+33
2.070575e+14 2.516450e+33
2.086625e+14 2.579346e+33
2.102800e+14 2.643814e+33
2.119100e+14 2.709894e+33
2.135527e+14 2.777625e+33
2.152081e+14 2.847049e+33
2.168763e+14 2.918208e+33
2.185575e+14 2.991145e+33
2.202517e+14 3.065906e+33
2.219590e+14 3.142535e+33
2.236795e+14 3.221080e+33
2.254134e+14 3.301587e+33
2.271608e+14 3.384107e+33
2.289217e+14 3.468690e+33
2.306962e+14 3.555386e+33
2.324845e+14 3.644249e+33
2.342866e+14 3.735333e+33
2.361027e+14 3.828694e+33
2.379329e+14 3.924389e+33
2.397773e+14 4.022475e+33
2.416360e+14 4.123012e+33
2.435091e+14 4.226063e+33
2.453967e+14 4.331689e+33
2.472989e+14 4.439955e+33
2.492159e+14 4.550927e+33
2.511478e+14 4.664673e+33
2.530946e+14 4.781262e+33
2.550565e+14 4.900765e+33
2.570336e+14 5.023254e+33
2.590260e+14 5.148805e+33
2.610339e+14 5.277495e+33
2.630574e+14 5.409400e+33
2.650965e+14 5.544603e+33
2.671515e+14 5.683184e+33
2.692224e+14 5.825230e+33
2.713093e+14 5.970826e+33
2.734124e+14 6.120060e+33
2.755318e+14 6.273025e+33
2.776676e+14 6.429813e+33
2.798200e+14 6.590519e+33
2.819891e+14 6.755243e+33
2.841750e+14 6.924083e+33
2.863778e+14 7.097144e+33
2.885977e+14 7.274529e+33
2.908349e+14 7.456349e+33
2.930893e+14 7.642713e+33
