# epsilon [g/cm^3]   P [dyn/cm^2]
1.364583e+14 6.470105e+32
1.375161e+14 6.575851e+32
1.385821e+14 6.683326e+32
1.396563e+14 6.792557e+32
1.407389e+14 6.903573e+32
1.418299e+14 7.016404e+32
1.429293e+14 7.131079e+32
1.440372e+14 7.247628e+32
1.451538e+14 7.366082e+32
1.462789e+14 7.486472e+32
1.474129e+14 7.608830e+32
1.485556e+14 7.733187e+32
1.497071e+14 7.859577e+32
1.508676e+14 7.988033e+32
1.520371e+14 8.118588e+32
1.532156e+14 8.251277e+32
1.544033e+14 8.386134e+32
1.556002e+14 8.523196e+32
1.568063e+14 8.662497e+32
1.580219e+14 8.804076e+32
1.592468e+14 8.947968e+32
1.604812e+14 9.094212e+32
1.617252e+14 9.242846e+32
1.629789e+14 9.393910e+32
1.642422e+14 9.547442e+32
1.655154e+14 9.703484e+32
1.667984e+14 9.862076e+32
1.680914e+14 1.002326e+33
1.693944e+14 1.018708e+33
1.707075e+14 1.035357e+33
1.720307e+14 1.052279e+33
1.733643e+14 1.069477e+33
1.747081e+14 1.086957e+33
1.760624e+14 1.104722e+33
1.774272e+14 1.122777e+33
1.788026e+14 1.141128e+33
1.801886e+14 1.159778e+33
1.815854e+14 1.178733e+33
1.829929e+14 1.197998e+33
1.844114e+14 1.217578e+33
1.858409e+14 1.237478e+33
1.872815e+14 1.257703e+33
1.887333e+14 1.278259e+33
1.901963e+14 1.299151e+33
1.916706e+14 1.320384e+33
1.931564e+14 1.341964e+33
1.946537e+14 1.363897e+33
1.961626e+14 1.386188e+33
1.976832e+14 1.408844e+33
1.992155e+14 1.431869e+33
2.007598e+14 1.455272e+33
2.023160e+14 1.479056e+33
2.038843e+14 1.503230e+33
2.054648e+14 1.527798e+33
2.070575e+14 1.552768e+33
2.086625e+14 1.578147e+33
2.102800e+14 1.603940e+33
2.119100e+14 1.630154e+33
2.135527e+14 1.656797e+33
2.152081e+14 1.683875e+33
2.168763e+14 1.711396e+33
2.185575e+14 1.739367e+33
2.202517e+14 1.767795e+33
2.219590e+14 1.796688e+33
2.236795e+14 1.826052e+33
2.254134e+14 1.855897e+33
2.271608e+14 1.886230e+33
2.289217e+14 1.917058e+33
2.306962e+14 1.948390e+33
2.324845e+14 1.980234e+33
2.342866e+14 2.012599e+33
2.361027e+14 2.045492e+33
2.379329e+14 2.078923e+33
2.397773e+14 2.112901e+33
2.416360e+14 2.147434e+33
2.435091e+14 2.182531e+33
2.453967e+14 2.218202e+33
2.472989e+14 2.254456e+33
2.492159e+14 2.291302e+33
2.511478e+14 2.328751e+33
2.530946e+14 2.366812e+33
2.550565e+14 2.405495e+33
2.570336e+14 2.444810e+33
2.590260e+14 2.484767e+33
2.610339e+14 2.525378e+33
2.630574e+14 2.566652e+33
2.650965e+14 2.608601e+33
2.671515e+14 2.651235e+33
2.692224e+14 2.694567e+33
2.713093e+14 2.738606e+33
2.734124e+14 2.783366e+33
2.755318e+14 2.828857e+33
2.776676e+14 2.875091e+33
2.798200e+14 2.922081e+33
2.819891e+14 2.969839e+33
2.841750e+14 3.018377e+33
2.863778e+14 3.067709e+33
2.885977e+14 3.117847e+33
2.908349e+14 3.168805e+33
2.930893e+14 3.220595e+33
