# epsilon [g/cm^3]   P [dyn/cm^2]
1.364583e+14 6.456334e+32
1.375161e+14 6.557147e+32
1.385821e+14 6.659534e+32
1.396563e+14 6.763520e+32
1.407389e+14 6.869130e+32
1.418299e+14 6.976389e+32
1.429293e+14 7.085322e+32
1.440372e+14 7.195957e+32
1.451538e+14 7.308319e+32
1.462789e+14 7.422435e+32
1.474129e+14 7.538333e+32
1.485556e+14 7.656041e+32
1.497071e+14 7.775587e+32
1.508676e+14 7.897000e+32
1.520371e+14 8.020309e+32
1.532156e+14 8.145542e+32
1.544033e+14 8.272732e+32
1.556002e+14 8.401907e+32
1.568063e+14 8.533100e+32
1.580219e+14 8.666341e+32
1.592468e+14 8.801662e+32
1.604812e+14 8.939096e+32
1.617252e+14 9.078677e+32
1.629789e+14 9.220437e+32
1.642422e+14 9.364410e+32
1.655154e+14 9.510632e+32
1.667984e+14 9.659136e+32
1.680914e+14 9.809960e+32
1.693944e+14 9.963138e+32
1.707075e+14 1.011871e+33
1.720307e+14 1.027671e+33
1.733643e+14 1.043717e+33
1.747081e+14 1.060015e+33
1.760624e+14 1.076566e+33
1.774272e+14 1.093377e+33
1.788026e+14 1.110449e+33
1.801886e+14 1.127788e+33
1.815854e+14 1.145398e+33
1.829929e+14 1.163283e+33
1.844114e+14 1.181448e+33
1.858409e+14 1.199895e+33
1.872815e+14 1.218631e+33
1.887333e+14 1.237660e+33
1.901963e+14 1.256985e+33
1.916706e+14 1.276613e+33
1.931564e+14 1.296546e+33
1.946537e+14 1.316791e+33
1.961626e+14 1.337353e+33
1.976832e+14 1.358235e+33
1.992155e+14 1.379443e+33
2.007598e+14 1.400983e+33
2.023160e+14 1.422858e+33
2.038843e+14 1.445076e+33
2.054648e+14 1.467640e+33
2.070575e+14 1.490557e+33
2.086625e+14 1.513831e+33
2.102800e+14 1.537469e+33
2.119100e+14 1.561476e+33
2.135527e+14 1.585858e+33
2.152081e+14 1.610620e+33
2.168763e+14 1.635769e+33
2.185575e+14 1.661311e+33
2.202517e+14 1.687252e+33
2.219590e+14 1.713598e+33
2.236795e+14 1.740355e+33
2.254134e+14 1.767530e+33
2.271608e+14 1.795129e+33
2.289217e+14 1.823159e+33
2.306962e+14 1.851627e+33
2.324845e+14 1.880540e+33
2.342866e+14 1.909903e+33
2.361027e+14 1.939726e+33
2.379329e+14 1.970014e+33
2.397773e+14 2.000775e+33
2.416360e+14 2.032016e+33
2.435091e+14 2.063745e+33
2.453967e+14 2.095970e+33
2.472989e+14 2.128698e+33
2.492159e+14 2.161936e+33
2.511478e+14 2.195694e+33
2.530946e+14 2.229979e+33
2.550565e+14 2.264799e+33
2.570336e+14 2.300163e+33
2.590260e+14 2.336079e+33
2.610339e+14 2.372556e+33
2.630574e+14 2.409603e+33
2.650965e+14 2.447228e+33
2.671515e+14 2.485440e+33
2.692224e+14 2.524249e+33
2.713093e+14 2.563664e+33
2.734124e+14 2.603695e+33
2.755318e+14 2.644351e+33
2.776676e+14 2.685641e+33
2.798200e+14 2.727576e+33
2.819891e+14 2.770166e+33
2.841750e+14 2.813421e+33
2.863778e+14 2.857352e+33
2.885977e+14 2.901968e+33
2.908349e+14 2.947281e+33
2.930893e+14 2.993302e+33
