# epsilon [g/cm^3]   P [dyn/cm^2]
1.364583e+14 6.573203e+32
1.375161e+14 6.716307e+32
1.385821e+14 6.862528e+32
1.396563e+14 7.011931e+32
1.407389e+14 7.164587e+32
1.418299e+14 7.320567e+32
1.429293e+14 7.479942e+32
1.440372e+14 7.642787e+32
1.451538e+14 7.809178e+32
1.462789e+14 7.979190e+32
1.474129e+14 8.152905e+32
1.485556e+14 8.330401e+32
1.497071e+14 8.511761e+32
1.508676e+14 8.697070e+32
1.520371e+14 8.886413e+32
1.532156e+14 9.079878e+32
1.544033e+14 9.277556e+32
1.556002e+14 9.479536e+32
1.568063e+14 9.685914e+32
1.580219e+14 9.896786e+32
1.592468e+14 1.011225e+33
1.604812e+14 1.033240e+33
1.617252e+14 1.055735e+33
1.629789e+14 1.078719e+33
1.642422e+14 1.102204e+33
1.655154e+14 1.126200e+33
1.667984e+14 1.150718e+33
1.680914e+14 1.175770e+33
1.693944e+14 1.201368e+33
1.707075e+14 1.227523e+33
1.720307e+14 1.254247e+33
1.733643e+14 1.281553e+33
1.747081e+14 1.309454e+33
1.760624e+14 1.337962e+33
1.774272e+14 1.367090e+33
1.788026e+14 1.396853e+33
1.801886e+14 1.427264e+33
1.815854e+14 1.458337e+33
1.829929e+14 1.490086e+33
1.844114e+14 1.522526e+33
1.858409e+14 1.555673e+33
1.872815e+14 1.589542e+33
1.887333e+14 1.624147e+33
1.901963e+14 1.659506e+33
1.916706e+14 1.695635e+33
1.931564e+14 1.732551e+33
1.946537e+14 1.770270e+33
1.961626e+14 1.808811e+33
1.976832e+14 1.848190e+33
1.992155e+14 1.888427e+33
2.007598e+14 1.929540e+33
2.023160e+14 1.971547e+33
2.038843e+14 2.014470e+33
2.054648e+14 2.058327e+33
2.070575e+14 2.103138e+33
2.086625e+14 2.148925e+33
2.102800e+14 2.195710e+33
2.119100e+14 2.243512e+33
2.135527e+14 2.292355e+33
2.152081e+14 2.342262e+33
2.168763e+14 2.393255e+33
2.185575e+14 2.445359e+33
2.202517e+14 2.498596e+33
2.219590e+14 2.552993e+33
2.236795e+14 2.608574e+33
2.254134e+14 2.665365e+33
2.271608e+14 2.723392e+33
2.289217e+14 2.782683e+33
2.306962e+14 2.843265e+33
2.324845e+14 2.905165e+33
2.342866e+14 2.968413e+33
2.361027e+14 3.033038e+33
2.379329e+14 3.099070e+33
2.397773e+14 3.166540e+33
2.416360e+14 3.235478e+33
2.435091e+14 3.305917e+33
2.453967e+14 3.377890e+33
2.472989e+14 3.451430e+33
2.492159e+14 3.526571e+33
2.511478e+14 3.603347e+33
2.530946e+14 3.681796e+33
2.550565e+14 3.761952e+33
2.570336e+14 3.843853e+33
2.590260e+14 3.927537e+33
2.610339e+14 4.013043e+33
2.630574e+14 4.100411e+33
2.650965e+14 4.189680e+33
2.671515e+14 4.280893e+33
2.692224e+14 4.374092e+33
2.713093e+14 4.469320e+33
2.734124e+14 4.566621e+33
2.755318e+14 4.666041e+33
2.776676e+14 4.767625e+33
2.798200e+14 4.871420e+33
2.819891e+14 4.977476e+33
2.841750e+14 5.085840e+33
2.863778e+14 5.196563e+33
2.885977e+14 5.309697e+33
2.908349e+14 5.425294e+33
2.930893e+14 5.543407e+33
