# epsilon [g/cm^3]   P [dyn/cm^2]
1.364583e+14 6.453985e+32
1.375161e+14 6.553957e+32
1.385821e+14 6.655479e+32
1.396563e+14 6.758572e+32
1.407389e+14 6.863263e+32
1.418299e+14 6.969576e+32
1.429293e+14 7.077535e+32
1.440372e+14 7.187167e+32
1.451538e+14 7.298496e+32
1.462789e+14 7.411551e+32
1.474129e+14 7.526356e+32
1.485556e+14 7.642940e+32
1.497071e+14 7.761330e+32
1.508676e+14 7.881553e+32
1.520371e+14 8.003639e+32
1.532156e+14 8.127616e+32
1.544033e+14 8.253514e+32
1.556002e+14 8.381361e+32
1.568063e+14 8.511189e+32
1.580219e+14 8.643028e+32
1.592468e+14 8.776909e+32
1.604812e+14 8.912864e+32
1.617252e+14 9.050925e+32
1.629789e+14 9.191125e+32
1.642422e+14 9.333496e+32
1.655154e+14 9.478073e+32
1.667984e+14 9.624889e+32
1.680914e+14 9.773979e+32
1.693944e+14 9.925379e+32
1.707075e+14 1.007912e+33
1.720307e+14 1.023525e+33
1.733643e+14 1.039379e+33
1.747081e+14 1.055480e+33
1.760624e+14 1.071829e+33
1.774272e+14 1.088432e+33
1.788026e+14 1.105292e+33
1.801886e+14 1.122413e+33
1.815854e+14 1.139799e+33
1.829929e+14 1.157455e+33
1.844114e+14 1.175384e+33
1.858409e+14 1.193590e+33
1.872815e+14 1.212079e+33
1.887333e+14 1.230854e+33
1.901963e+14 1.249920e+33
1.916706e+14 1.269282e+33
1.931564e+14 1.288943e+33
1.946537e+14 1.308909e+33
1.961626e+14 1.329184e+33
1.976832e+14 1.349773e+33
1.992155e+14 1.370681e+33
2.007598e+14 1.391913e+33
2.023160e+14 1.413474e+33
2.038843e+14 1.435369e+33
2.054648e+14 1.457603e+33
2.070575e+14 1.480181e+33
2.086625e+14 1.503109e+33
2.102800e+14 1.526393e+33
2.119100e+14 1.550037e+33
2.135527e+14 1.574047e+33
2.152081e+14 1.598429e+33
2.168763e+14 1.623189e+33
2.185575e+14 1.648332e+33
2.202517e+14 1.673865e+33
2.219590e+14 1.699793e+33
2.236795e+14 1.726123e+33
2.254134e+14 1.752861e+33
2.271608e+14 1.780013e+33
2.289217e+14 1.807585e+33
2.306962e+14 1.835585e+33
2.324845e+14 1.864018e+33
2.342866e+14 1.892892e+33
2.361027e+14 1.922213e+33
2.379329e+14 1.951988e+33
2.397773e+14 1.982225e+33
2.416360e+14 2.012930e+33
2.435091e+14 2.044110e+33
2.453967e+14 2.075773e+33
2.472989e+14 2.107927e+33
2.492159e+14 2.140579e+33
2.511478e+14 2.173737e+33
2.530946e+14 2.207408e+33
2.550565e+14 2.241601e+33
2.570336e+14 2.276324e+33
2.590260e+14 2.311584e+33
2.610339e+14 2.347391e+33
2.630574e+14 2.383752e+33
2.650965e+14 2.420677e+33
2.671515e+14 2.458173e+33
2.692224e+14 2.496251e+33
2.713093e+14 2.534918e+33
2.734124e+14 2.574184e+33
2.755318e+14 2.614058e+33
2.776676e+14 2.654550e+33
2.798200e+14 2.695669e+33
2.819891e+14 2.737425e+33
2.841750e+14 2.779828e+33
2.863778e+14 2.822888e+33
2.885977e+14 2.866615e+33
2.908349e+14 2.911019e+33
2.930893e+14 2.956111e+33
