# epsilon [g/cm^3]   P [dyn/cm^2]
1.364583e+14 6.578705e+32
1.375161e+14 6.723824e+32
1.385821e+14 6.872145e+32
1.396563e+14 7.023737e+32
1.407389e+14 7.178673e+32
1.418299e+14 7.337027e+32
1.429293e+14 7.498875e+32
1.440372e+14 7.664292e+32
1.451538e+14 7.833358e+32
1.462789e+14 8.006154e+32
1.474129e+14 8.182761e+32
1.485556e+14 8.363264e+32
1.497071e+14 8.547749e+32
1.508676e+14 8.736303e+32
1.520371e+14 8.929017e+32
1.532156e+14 9.125982e+32
1.544033e+14 9.327291e+32
1.556002e+14 9.533042e+32
1.568063e+14 9.743331e+32
1.580219e+14 9.958258e+32
1.592468e+14 1.017793e+33
1.604812e+14 1.040244e+33
1.617252e+14 1.063191e+33
1.629789e+14 1.086644e+33
1.642422e+14 1.110614e+33
1.655154e+14 1.135113e+33
1.667984e+14 1.160152e+33
1.680914e+14 1.185744e+33
1.693944e+14 1.211900e+33
1.707075e+14 1.238634e+33
1.720307e+14 1.265957e+33
1.733643e+14 1.293882e+33
1.747081e+14 1.322424e+33
1.760624e+14 1.351595e+33
1.774272e+14 1.381410e+33
1.788026e+14 1.411882e+33
1.801886e+14 1.443027e+33
1.815854e+14 1.474859e+33
1.829929e+14 1.507392e+33
1.844114e+14 1.540644e+33
1.858409e+14 1.574629e+33
1.872815e+14 1.609364e+33
1.887333e+14 1.644865e+33
1.901963e+14 1.681148e+33
1.916706e+14 1.718233e+33
1.931564e+14 1.756135e+33
1.946537e+14 1.794874e+33
1.961626e+14 1.834467e+33
1.976832e+14 1.874933e+33
1.992155e+14 1.916292e+33
2.007598e+14 1.958564e+33
2.023160e+14 2.001768e+33
2.038843e+14 2.045924e+33
2.054648e+14 2.091055e+33
2.070575e+14 2.137182e+33
2.086625e+14 2.184326e+33
2.102800e+14 2.232510e+33
2.119100e+14 2.281757e+33
2.135527e+14 2.332090e+33
2.152081e+14 2.383533e+33
2.168763e+14 2.436111e+33
2.185575e+14 2.489850e+33
2.202517e+14 2.544773e+33
2.219590e+14 2.600908e+33
2.236795e+14 2.658281e+33
2.254134e+14 2.716920e+33
2.271608e+14 2.776853e+33
2.289217e+14 2.838107e+33
2.306962e+14 2.900713e+33
2.324845e+14 2.964699e+33
2.342866e+14 3.030098e+33
2.361027e+14 3.096938e+33
2.379329e+14 3.165254e+33
2.397773e+14 3.235076e+33
2.416360e+14 3.306438e+33
2.435091e+14 3.379375e+33
2.453967e+14 3.453920e+33
2.472989e+14 3.530110e+33
2.492159e+14 3.607980e+33
2.511478e+14 3.687569e+33
2.530946e+14 3.768913e+33
2.550565e+14 3.852051e+33
2.570336e+14 3.937023e+33
2.590260e+14 4.023870e+33
2.610339e+14 4.112632e+33
2.630574e+14 4.203352e+33
2.650965e+14 4.296074e+33
2.671515e+14 4.390841e+33
2.692224e+14 4.487698e+33
2.713093e+14 4.586692e+33
2.734124e+14 4.687870e+33
2.755318e+14 4.791279e+33
2.776676e+14 4.896970e+33
2.798200e+14 5.004992e+33
2.819891e+14 5.115397e+33
2.841750e+14 5.228237e+33
2.863778e+14 5.343566e+33
2.885977e+14 5.461440e+33
2.908349e+14 5.581913e+33
2.930893e+14 5.705044e+33
