# epsilon [g/cm^3]   P [dyn/cm^2]
1.364583e+14 6.484485e+32
1.375161e+14 6.595397e+32
1.385821e+14 6.708206e+32
1.396563e+14 6.822945e+32
1.407389e+14 6.939646e+32
1.418299e+14 7.058343e+32
1.429293e+14 7.179070e+32
1.440372e+14 7.301863e+32
1.451538e+14 7.426755e+32
1.462789e+14 7.553784e+32
1.474129e+14 7.682986e+32
1.485556e+14 7.814397e+32
1.497071e+14 7.948056e+32
1.508676e+14 8.084001e+32
1.520371e+14 8.222272e+32
1.532156e+14 8.362907e+32
1.544033e+14 8.505948e+32
1.556002e+14 8.651436e+32
1.568063e+14 8.799412e+32
1.580219e+14 8.949919e+32
1.592468e+14 9.103000e+32
1.604812e+14 9.258700e+32
1.617252e+14 9.417063e+32
1.629789e+14 9.578134e+32
1.642422e+14 9.741961e+32
1.655154e+14 9.908589e+32
1.667984e+14 1.007807e+33
1.680914e+14 1.025045e+33
1.693944e+14 1.042577e+33
1.707075e+14 1.060410e+33
1.720307e+14 1.078547e+33
1.733643e+14 1.096995e+33
1.747081e+14 1.115758e+33
1.760624e+14 1.134842e+33
1.774272e+14 1.154253e+33
1.788026e+14 1.173995e+33
1.801886e+14 1.194076e+33
1.815854e+14 1.214499e+33
1.829929e+14 1.235272e+33
1.844114e+14 1.256401e+33
1.858409e+14 1.277890e+33
1.872815e+14 1.299748e+33
1.887333e+14 1.321979e+33
1.901963e+14 1.344590e+33
1.916706e+14 1.367588e+33
1.931564e+14 1.390980e+33
1.946537e+14 1.414772e+33
1.961626e+14 1.438970e+33
1.976832e+14 1.463583e+33
1.992155e+14 1.488616e+33
2.007598e+14 1.514078e+33
2.023160e+14 1.539975e+33
2.038843e+14 1.566315e+33
2.054648e+14 1.593105e+33
2.070575e+14 1.620354e+33
2.086625e+14 1.648069e+33
2.102800e+14 1.676258e+33
2.119100e+14 1.704929e+33
2.135527e+14 1.734091e+33
2.152081e+14 1.763751e+33
2.168763e+14 1.793918e+33
2.185575e+14 1.824602e+33
2.202517e+14 1.855810e+33
2.219590e+14 1.887553e+33
2.236795e+14 1.919838e+33
2.254134e+14 1.952675e+33
2.271608e+14 1.986074e+33
2.289217e+14 2.020044e+33
2.306962e+14 2.054595e+33
2.324845e+14 2.089738e+33
2.342866e+14 2.125481e+33
2.361027e+14 2.161836e+33
2.379329e+14 2.198812e+33
2.397773e+14 2.236421e+33
2.416360e+14 2.274673e+33
2.435091e+14 2.313580e+33
2.453967e+14 2.353152e+33
2.472989e+14 2.393401e+33
2.492159e+14 2.434338e+33
2.511478e+14 2.475975e+33
2.530946e+14 2.518325e+33
2.550565e+14 2.561399e+33
2.570336e+14 2.605210e+33
2.590260e+14 2.649770e+33
2.610339e+14 2.695092e+33
2.630574e+14 2.741189e+33
2.650965e+14 2.788075e+33
2.671515e+14 2.835763e+33
2.692224e+14 2.884267e+33
2.713093e+14 2.933600e+33
2.734124e+14 2.983777e+33
2.755318e+14 3.034812e+33
2.776676e+14 3.086720e+33
2.798200e+14 3.139516e+33
2.819891e+14 3.193215e+33
2.841750e+14 3.247832e+33
2.863778e+14 3.303384e+33
2.885977e+14 3.359886e+33
2.908349e+14 3.417354e+33
2.930893e+14 3.475805e+33
