# epsilon [g/cm^3]   P [dyn/cm^2]
1.364583e+14 6.469014e+32
1.375161e+14 6.574369e+32
1.385821e+14 6.681439e+32
1.396563e+14 6.790254e+32
1.407389e+14 6.900840e+32
1.418299e+14 7.013228e+32
1.429293e+14 7.127446e+32
1.440372e+14 7.243524e+32
1.451538e+14 7.361493e+32
1.462789e+14 7.481383e+32
1.474129e+14 7.603225e+32
1.485556e+14 7.727052e+32
1.497071e+14 7.852895e+32
1.508676e+14 7.980788e+32
1.520371e+14 8.110764e+32
1.532156e+14 8.242856e+32
1.544033e+14 8.377100e+32
1.556002e+14 8.513530e+32
1.568063e+14 8.652182e+32
1.580219e+14 8.793092e+32
1.592468e+14 8.936297e+32
1.604812e+14 9.081835e+32
1.617252e+14 9.229742e+32
1.629789e+14 9.380058e+32
1.642422e+14 9.532823e+32
1.655154e+14 9.688075e+32
1.667984e+14 9.845856e+32
1.680914e+14 1.000621e+33
1.693944e+14 1.016917e+33
1.707075e+14 1.033478e+33
1.720307e+14 1.050310e+33
1.733643e+14 1.067415e+33
1.747081e+14 1.084799e+33
1.760624e+14 1.102466e+33
1.774272e+14 1.120421e+33
1.788026e+14 1.138668e+33
1.801886e+14 1.157213e+33
1.815854e+14 1.176059e+33
1.829929e+14 1.195213e+33
1.844114e+14 1.214678e+33
1.858409e+14 1.234460e+33
1.872815e+14 1.254565e+33
1.887333e+14 1.274997e+33
1.901963e+14 1.295762e+33
1.916706e+14 1.316864e+33
1.931564e+14 1.338311e+33
1.946537e+14 1.360107e+33
1.961626e+14 1.382258e+33
1.976832e+14 1.404769e+33
1.992155e+14 1.427647e+33
2.007598e+14 1.450898e+33
2.023160e+14 1.474528e+33
2.038843e+14 1.498542e+33
2.054648e+14 1.522947e+33
2.070575e+14 1.547750e+33
2.086625e+14 1.572957e+33
2.102800e+14 1.598574e+33
2.119100e+14 1.624609e+33
2.135527e+14 1.651067e+33
2.152081e+14 1.677957e+33
2.168763e+14 1.705284e+33
2.185575e+14 1.733056e+33
2.202517e+14 1.761281e+33
2.219590e+14 1.789965e+33
2.236795e+14 1.819117e+33
2.254134e+14 1.848743e+33
2.271608e+14 1.878852e+33
2.289217e+14 1.909451e+33
2.306962e+14 1.940549e+33
2.324845e+14 1.972152e+33
2.342866e+14 2.004271e+33
2.361027e+14 2.036913e+33
2.379329e+14 2.070086e+33
2.397773e+14 2.103800e+33
2.416360e+14 2.138062e+33
2.435091e+14 2.172883e+33
2.453967e+14 2.208271e+33
2.472989e+14 2.244235e+33
2.492159e+14 2.280785e+33
2.511478e+14 2.317930e+33
2.530946e+14 2.355680e+33
2.550565e+14 2.394045e+33
2.570336e+14 2.433034e+33
2.590260e+14 2.472659e+33
2.610339e+14 2.512929e+33
2.630574e+14 2.553854e+33
2.650965e+14 2.595447e+33
2.671515e+14 2.637716e+33
2.692224e+14 2.680674e+33
2.713093e+14 2.724332e+33
2.734124e+14 2.768701e+33
2.755318e+14 2.813792e+33
2.776676e+14 2.859618e+33
2.798200e+14 2.906190e+33
2.819891e+14 2.953520e+33
2.841750e+14 3.001621e+33
2.863778e+14 3.050506e+33
2.885977e+14 3.100187e+33
2.908349e+14 3.150677e+33
2.930893e+14 3.201989e+33
