# epsilon [g/cm^3]   P [dyn/cm^2]
1.364583e+14 6.478259e+32
1.375161e+14 6.586932e+32
1.385821e+14 6.697429e+32
1.396563e+14 6.809779e+32
1.407389e+14 6.924014e+32
1.418299e+14 7.040165e+32
1.429293e+14 7.158265e+32
1.440372e+14 7.278345e+32
1.451538e+14 7.400441e+32
1.462789e+14 7.524584e+32
1.474129e+14 7.650810e+32
1.485556e+14 7.779153e+32
1.497071e+14 7.909649e+32
1.508676e+14 8.042334e+32
1.520371e+14 8.177246e+32
1.532156e+14 8.314420e+32
1.544033e+14 8.453895e+32
1.556002e+14 8.595710e+32
1.568063e+14 8.739905e+32
1.580219e+14 8.886518e+32
1.592468e+14 9.035590e+32
1.604812e+14 9.187163e+32
1.617252e+14 9.341279e+32
1.629789e+14 9.497980e+32
1.642422e+14 9.657310e+32
1.655154e+14 9.819312e+32
1.667984e+14 9.984032e+32
1.680914e+14 1.015152e+33
1.693944e+14 1.032181e+33
1.707075e+14 1.049496e+33
1.720307e+14 1.067101e+33
1.733643e+14 1.085002e+33
1.747081e+14 1.103203e+33
1.760624e+14 1.121709e+33
1.774272e+14 1.140526e+33
1.788026e+14 1.159659e+33
1.801886e+14 1.179112e+33
1.815854e+14 1.198892e+33
1.829929e+14 1.219003e+33
1.844114e+14 1.239452e+33
1.858409e+14 1.260244e+33
1.872815e+14 1.281385e+33
1.887333e+14 1.302880e+33
1.901963e+14 1.324736e+33
1.916706e+14 1.346959e+33
1.931564e+14 1.369554e+33
1.946537e+14 1.392529e+33
1.961626e+14 1.415889e+33
1.976832e+14 1.439640e+33
1.992155e+14 1.463791e+33
2.007598e+14 1.488346e+33
2.023160e+14 1.513313e+33
2.038843e+14 1.538699e+33
2.054648e+14 1.564511e+33
2.070575e+14 1.590756e+33
2.086625e+14 1.617441e+33
2.102800e+14 1.644574e+33
2.119100e+14 1.672162e+33
2.135527e+14 1.700212e+33
2.152081e+14 1.728734e+33
2.168763e+14 1.757733e+33
2.185575e+14 1.787219e+33
2.202517e+14 1.817200e+33
2.219590e+14 1.847684e+33
2.236795e+14 1.878679e+33
2.254134e+14 1.910194e+33
2.271608e+14 1.942238e+33
2.289217e+14 1.974819e+33
2.306962e+14 2.007947e+33
2.324845e+14 2.041631e+33
2.342866e+14 2.075879e+33
2.361027e+14 2.110702e+33
2.379329e+14 2.146110e+33
2.397773e+14 2.182111e+33
2.416360e+14 2.218716e+33
2.435091e+14 2.255935e+33
2.453967e+14 2.293779e+33
2.472989e+14 2.332257e+33
2.492159e+14 2.371381e+33
2.511478e+14 2.411161e+33
2.530946e+14 2.451609e+33
2.550565e+14 2.492735e+33
2.570336e+14 2.534551e+33
2.590260e+14 2.577068e+33
2.610339e+14 2.620299e+33
2.630574e+14 2.664255e+33
2.650965e+14 2.708948e+33
2.671515e+14 2.754391e+33
2.692224e+14 2.800596e+33
2.713093e+14 2.847577e+33
2.734124e+14 2.895345e+33
2.755318e+14 2.943915e+33
2.776676e+14 2.993299e+33
2.798200e+14 3.043512e+33
2.819891e+14 3.094568e+33
2.841750e+14 3.146479e+33
2.863778e+14 3.199262e+33
2.885977e+14 3.252930e+33
2.908349e+14 3.307498e+33
2.930893e+14 3.362982e+33
