# epsilon [g/cm^3]   P [dyn/cm^2]
1.364583e+14 6.594404e+32
1.375161e+14 6.745283e+32
1.385821e+14 6.899615e+32
1.396563e+14 7.057477e+32
1.407389e+14 7.218952e+32
1.418299e+14 7.384121e+32
1.429293e+14 7.553069e+32
1.440372e+14 7.725883e+32
1.451538e+14 7.902650e+32
1.462789e+14 8.083462e+32
1.474129e+14 8.268411e+32
1.485556e+14 8.457592e+32
1.497071e+14 8.651101e+32
1.508676e+14 8.849037e+32
1.520371e+14 9.051503e+32
1.532156e+14 9.258600e+32
1.544033e+14 9.470436e+32
1.556002e+14 9.687119e+32
1.568063e+14 9.908760e+32
1.580219e+14 1.013547e+33
1.592468e+14 1.036737e+33
1.604812e+14 1.060457e+33
1.617252e+14 1.084721e+33
1.629789e+14 1.109539e+33
1.642422e+14 1.134925e+33
1.655154e+14 1.160892e+33
1.667984e+14 1.187453e+33
1.680914e+14 1.214622e+33
1.693944e+14 1.242413e+33
1.707075e+14 1.270839e+33
1.720307e+14 1.299916e+33
1.733643e+14 1.329657e+33
1.747081e+14 1.360080e+33
1.760624e+14 1.391198e+33
1.774272e+14 1.423029e+33
1.788026e+14 1.455588e+33
1.801886e+14 1.488891e+33
1.815854e+14 1.522957e+33
1.829929e+14 1.557802e+33
1.844114e+14 1.593445e+33
1.858409e+14 1.629903e+33
1.872815e+14 1.667195e+33
1.887333e+14 1.705340e+33
1.901963e+14 1.744358e+33
1.916706e+14 1.784269e+33
1.931564e+14 1.825093e+33
1.946537e+14 1.866851e+33
1.961626e+14 1.909564e+33
1.976832e+14 1.953255e+33
1.992155e+14 1.997945e+33
2.007598e+14 2.043658e+33
2.023160e+14 2.090417e+33
2.038843e+14 2.138245e+33
2.054648e+14 2.187168e+33
2.070575e+14 2.237210e+33
2.086625e+14 2.288397e+33
2.102800e+14 2.340756e+33
2.119100e+14 2.394312e+33
2.135527e+14 2.449094e+33
2.152081e+14 2.505129e+33
2.168763e+14 2.562446e+33
2.185575e+14 2.621074e+33
2.202517e+14 2.681044e+33
2.219590e+14 2.742386e+33
2.236795e+14 2.805132e+33
2.254134e+14 2.869313e+33
2.271608e+14 2.934963e+33
2.289217e+14 3.002115e+33
2.306962e+14 3.070803e+33
2.324845e+14 3.141063e+33
2.342866e+14 3.212930e+33
2.361027e+14 3.286441e+33
2.379329e+14 3.361635e+33
2.397773e+14 3.438549e+33
2.416360e+14 3.517222e+33
2.435091e+14 3.597696e+33
2.453967e+14 3.680011e+33
2.472989e+14 3.764210e+33
2.492159e+14 3.850334e+33
2.511478e+14 3.938430e+33
2.530946e+14 4.028541e+33
2.550565e+14 4.120713e+33
2.570336e+14 4.214995e+33
2.590260e+14 4.311434e+33
2.610339e+14 4.410079e+33
2.630574e+14 4.510981e+33
2.650965e+14 4.614192e+33
2.671515e+14 4.719764e+33
2.692224e+14 4.827752e+33
2.713093e+14 4.938211e+33
2.734124e+14 5.051197e+33
2.755318e+14 5.166768e+33
2.776676e+14 5.284983e+33
2.798200e+14 5.405903e+33
2.819891e+14 5.529590e+33
2.841750e+14 5.656106e+33
2.863778e+14 5.785517e+33
2.885977e+14 5.917890e+33
2.908349e+14 6.053290e+33
2.930893e+14 6.191789e+33
