# epsilon [g/cm^3]   P [dyn/cm^2]
1.364583e+14 6.551586e+32
1.375161e+14 6.686795e+32
1.385821e+14 6.824796e+32
1.396563e+14 6.965644e+32
1.407389e+14 7.109398e+32
1.418299e+14 7.256120e+32
1.429293e+14 7.405869e+32
1.440372e+14 7.558710e+32
1.451538e+14 7.714704e+32
1.462789e+14 7.873917e+32
1.474129e+14 8.036417e+32
1.485556e+14 8.202270e+32
1.497071e+14 8.371546e+32
1.508676e+14 8.544315e+32
1.520371e+14 8.720650e+32
1.532156e+14 8.900624e+32
1.544033e+14 9.084313e+32
1.556002e+14 9.271792e+32
1.568063e+14 9.463140e+32
1.580219e+14 9.658438e+32
1.592468e+14 9.857766e+32
1.604812e+14 1.006121e+33
1.617252e+14 1.026885e+33
1.629789e+14 1.048077e+33
1.642422e+14 1.069707e+33
1.655154e+14 1.091783e+33
1.667984e+14 1.114315e+33
1.680914e+14 1.137312e+33
1.693944e+14 1.160784e+33
1.707075e+14 1.184740e+33
1.720307e+14 1.209190e+33
1.733643e+14 1.234145e+33
1.747081e+14 1.259615e+33
1.760624e+14 1.285610e+33
1.774272e+14 1.312142e+33
1.788026e+14 1.339222e+33
1.801886e+14 1.366860e+33
1.815854e+14 1.395069e+33
1.829929e+14 1.423860e+33
1.844114e+14 1.453245e+33
1.858409e+14 1.483237e+33
1.872815e+14 1.513848e+33
1.887333e+14 1.545090e+33
1.901963e+14 1.576977e+33
1.916706e+14 1.609522e+33
1.931564e+14 1.642739e+33
1.946537e+14 1.676641e+33
1.961626e+14 1.711243e+33
1.976832e+14 1.746559e+33
1.992155e+14 1.782604e+33
2.007598e+14 1.819393e+33
2.023160e+14 1.856941e+33
2.038843e+14 1.895264e+33
2.054648e+14 1.934378e+33
2.070575e+14 1.974299e+33
2.086625e+14 2.015044e+33
2.102800e+14 2.056630e+33
2.119100e+14 2.099074e+33
2.135527e+14 2.142394e+33
2.152081e+14 2.186608e+33
2.168763e+14 2.231735e+33
2.185575e+14 2.277793e+33
2.202517e+14 2.324801e+33
2.219590e+14 2.372780e+33
2.236795e+14 2.421748e+33
2.254134e+14 2.471728e+33
2.271608e+14 2.522738e+33
2.289217e+14 2.574802e+33
2.306962e+14 2.627940e+33
2.324845e+14 2.682174e+33
2.342866e+14 2.737528e+33
2.361027e+14 2.794024e+33
2.379329e+14 2.851687e+33
2.397773e+14 2.910539e+33
2.416360e+14 2.970606e+33
2.435091e+14 3.031912e+33
2.453967e+14 3.094484e+33
2.472989e+14 3.158347e+33
2.492159e+14 3.223528e+33
2.511478e+14 3.290054e+33
2.530946e+14 3.357953e+33
2.550565e+14 3.427254e+33
2.570336e+14 3.497984e+33
2.590260e+14 3.570174e+33
2.610339e+14 3.643855e+33
2.630574e+14 3.719055e+33
2.650965e+14 3.795808e+33
2.671515e+14 3.874145e+33
2.692224e+14 3.954098e+33
2.713093e+14 4.035702e+33
2.734124e+14 4.118989e+33
2.755318e+14 4.203996e+33
2.776676e+14 4.290756e+33
2.798200e+14 4.379308e+33
2.819891e+14 4.469687e+33
2.841750e+14 4.561931e+33
2.863778e+14 4.656078e+33
2.885977e+14 4.752169e+33
2.908349e+14 4.850243e+33
2.930893e+14 4.950341e+33
