# epsilon [g/cm^3]   P [dyn/cm^2]
1.364583e+14 6.517650e+32
1.375161e+14 6.640532e+32
1.385821e+14 6.765730e+32
1.396563e+14 6.893289e+32
1.407389e+14 7.023253e+32
1.418299e+14 7.155667e+32
1.429293e+14 7.290578e+32
1.440372e+14 7.428032e+32
1.451538e+14 7.568078e+32
1.462789e+14 7.710764e+32
1.474129e+14 7.856140e+32
1.485556e+14 8.004258e+32
1.497071e+14 8.155167e+32
1.508676e+14 8.308922e+32
1.520371e+14 8.465576e+32
1.532156e+14 8.625183e+32
1.544033e+14 8.787800e+32
1.556002e+14 8.953482e+32
1.568063e+14 9.122288e+32
1.580219e+14 9.294277e+32
1.592468e+14 9.469508e+32
1.604812e+14 9.648044e+32
1.617252e+14 9.829945e+32
1.629789e+14 1.001528e+33
1.642422e+14 1.020410e+33
1.655154e+14 1.039649e+33
1.667984e+14 1.059250e+33
1.680914e+14 1.079220e+33
1.693944e+14 1.099568e+33
1.707075e+14 1.120299e+33
1.720307e+14 1.141420e+33
1.733643e+14 1.162940e+33
1.747081e+14 1.184866e+33
1.760624e+14 1.207205e+33
1.774272e+14 1.229965e+33
1.788026e+14 1.253155e+33
1.801886e+14 1.276781e+33
1.815854e+14 1.300853e+33
1.829929e+14 1.325379e+33
1.844114e+14 1.350368e+33
1.858409e+14 1.375827e+33
1.872815e+14 1.401766e+33
1.887333e+14 1.428195e+33
1.901963e+14 1.455122e+33
1.916706e+14 1.482556e+33
1.931564e+14 1.510508e+33
1.946537e+14 1.538986e+33
1.961626e+14 1.568002e+33
1.976832e+14 1.597564e+33
1.992155e+14 1.627684e+33
2.007598e+14 1.658372e+33
2.023160e+14 1.689639e+33
2.038843e+14 1.721495e+33
2.054648e+14 1.753951e+33
2.070575e+14 1.787020e+33
2.086625e+14 1.820711e+33
2.102800e+14 1.855039e+33
2.119100e+14 1.890013e+33
2.135527e+14 1.925647e+33
2.152081e+14 1.961952e+33
2.168763e+14 1.998942e+33
2.185575e+14 2.036630e+33
2.202517e+14 2.075028e+33
2.219590e+14 2.114149e+33
2.236795e+14 2.154009e+33
2.254134e+14 2.194620e+33
2.271608e+14 2.235997e+33
2.289217e+14 2.278153e+33
2.306962e+14 2.321105e+33
2.324845e+14 2.364866e+33
2.342866e+14 2.409453e+33
2.361027e+14 2.454880e+33
2.379329e+14 2.501163e+33
2.397773e+14 2.548320e+33
2.416360e+14 2.596365e+33
2.435091e+14 2.645316e+33
2.453967e+14 2.695190e+33
2.472989e+14 2.746004e+33
2.492159e+14 2.797776e+33
2.511478e+14 2.850525e+33
2.530946e+14 2.904268e+33
2.550565e+14 2.959024e+33
2.570336e+14 3.014812e+33
2.590260e+14 3.071652e+33
2.610339e+14 3.129564e+33
2.630574e+14 3.188568e+33
2.650965e+14 3.248684e+33
2.671515e+14 3.309934e+33
2.692224e+14 3.372339e+33
2.713093e+14 3.435920e+33
2.734124e+14 3.500699e+33
2.755318e+14 3.566700e+33
2.776676e+14 3.633946e+33
2.798200e+14 3.702459e+33
2.819891e+14 3.772264e+33
2.841750e+14 3.843385e+33
2.863778e+14 3.915847e+33
2.885977e+14 3.989675e+33
2.908349e+14 4.064895e+33
2.930893e+14 4.141534e+33
