# epsilon [g/cm^3]   P [dyn/cm^2]
1.364583e+14 6.520643e+32
1.375161e+14 6.644609e+32
1.385821e+14 6.770931e+32
1.396563e+14 6.899655e+32
1.407389e+14 7.030826e+32
1.418299e+14 7.164491e+32
1.429293e+14 7.300697e+32
1.440372e+14 7.439492e+32
1.451538e+14 7.580926e+32
1.462789e+14 7.725049e+32
1.474129e+14 7.871912e+32
1.485556e+14 8.021567e+32
1.497071e+14 8.174067e+32
1.508676e+14 8.329467e+32
1.520371e+14 8.487820e+32
1.532156e+14 8.649184e+32
1.544033e+14 8.813616e+32
1.556002e+14 8.981174e+32
1.568063e+14 9.151918e+32
1.580219e+14 9.325907e+32
1.592468e+14 9.503205e+32
1.604812e+14 9.683872e+32
1.617252e+14 9.867975e+32
1.629789e+14 1.005558e+33
1.642422e+14 1.024675e+33
1.655154e+14 1.044155e+33
1.667984e+14 1.064006e+33
1.680914e+14 1.084234e+33
1.693944e+14 1.104846e+33
1.707075e+14 1.125851e+33
1.720307e+14 1.147255e+33
1.733643e+14 1.169066e+33
1.747081e+14 1.191291e+33
1.760624e+14 1.213939e+33
1.774272e+14 1.237017e+33
1.788026e+14 1.260535e+33
1.801886e+14 1.284499e+33
1.815854e+14 1.308919e+33
1.829929e+14 1.333803e+33
1.844114e+14 1.359161e+33
1.858409e+14 1.385000e+33
1.872815e+14 1.411330e+33
1.887333e+14 1.438162e+33
1.901963e+14 1.465503e+33
1.916706e+14 1.493364e+33
1.931564e+14 1.521755e+33
1.946537e+14 1.550685e+33
1.961626e+14 1.580166e+33
1.976832e+14 1.610207e+33
1.992155e+14 1.640819e+33
2.007598e+14 1.672013e+33
2.023160e+14 1.703800e+33
2.038843e+14 1.736191e+33
2.054648e+14 1.769198e+33
2.070575e+14 1.802833e+33
2.086625e+14 1.837107e+33
2.102800e+14 1.872033e+33
2.119100e+14 1.907623e+33
2.135527e+14 1.943889e+33
2.152081e+14 1.980845e+33
2.168763e+14 2.018503e+33
2.185575e+14 2.056877e+33
2.202517e+14 2.095981e+33
2.219590e+14 2.135828e+33
2.236795e+14 2.176433e+33
2.254134e+14 2.217810e+33
2.271608e+14 2.259973e+33
2.289217e+14 2.302938e+33
2.306962e+14 2.346720e+33
2.324845e+14 2.391334e+33
2.342866e+14 2.436796e+33
2.361027e+14 2.483123e+33
2.379329e+14 2.530330e+33
2.397773e+14 2.578435e+33
2.416360e+14 2.627454e+33
2.435091e+14 2.677405e+33
2.453967e+14 2.728306e+33
2.472989e+14 2.780175e+33
2.492159e+14 2.833029e+33
2.511478e+14 2.886889e+33
2.530946e+14 2.941772e+33
2.550565e+14 2.997699e+33
2.570336e+14 3.054689e+33
2.590260e+14 3.112763e+33
2.610339e+14 3.171940e+33
2.630574e+14 3.232243e+33
2.650965e+14 3.293692e+33
2.671515e+14 3.356309e+33
2.692224e+14 3.420117e+33
2.713093e+14 3.485137e+33
2.734124e+14 3.551394e+33
2.755318e+14 3.618911e+33
2.776676e+14 3.687711e+33
2.798200e+14 3.757819e+33
2.819891e+14 3.829260e+33
2.841750e+14 3.902059e+33
2.863778e+14 3.976242e+33
2.885977e+14 4.051835e+33
2.908349e+14 4.128866e+33
2.930893e+14 4.207361e+33
