# epsilon [g/cm^3]   P [dyn/cm^2]
1.364583e+14 6.589913e+32
1.375161e+14 6.739142e+32
1.385821e+14 6.891752e+32
1.396563e+14 7.047817e+32
1.407389e+14 7.207416e+32
1.418299e+14 7.370629e+32
1.429293e+14 7.537538e+32
1.440372e+14 7.708227e+32
1.451538e+14 7.882781e+32
1.462789e+14 8.061288e+32
1.474129e+14 8.243838e+32
1.485556e+14 8.430521e+32
1.497071e+14 8.621432e+32
1.508676e+14 8.816666e+32
1.520371e+14 9.016321e+32
1.532156e+14 9.220497e+32
1.544033e+14 9.429297e+32
1.556002e+14 9.642825e+32
1.568063e+14 9.861188e+32
1.580219e+14 1.008450e+33
1.592468e+14 1.031286e+33
1.604812e+14 1.054640e+33
1.617252e+14 1.078522e+33
1.629789e+14 1.102946e+33
1.642422e+14 1.127922e+33
1.655154e+14 1.153464e+33
1.667984e+14 1.179585e+33
1.680914e+14 1.206296e+33
1.693944e+14 1.233613e+33
1.707075e+14 1.261549e+33
1.720307e+14 1.290117e+33
1.733643e+14 1.319332e+33
1.747081e+14 1.349208e+33
1.760624e+14 1.379761e+33
1.774272e+14 1.411006e+33
1.788026e+14 1.442959e+33
1.801886e+14 1.475635e+33
1.815854e+14 1.509051e+33
1.829929e+14 1.543223e+33
1.844114e+14 1.578170e+33
1.858409e+14 1.613908e+33
1.872815e+14 1.650455e+33
1.887333e+14 1.687830e+33
1.901963e+14 1.726051e+33
1.916706e+14 1.765138e+33
1.931564e+14 1.805110e+33
1.946537e+14 1.845987e+33
1.961626e+14 1.887790e+33
1.976832e+14 1.930539e+33
1.992155e+14 1.974256e+33
2.007598e+14 2.018964e+33
2.023160e+14 2.064684e+33
2.038843e+14 2.111439e+33
2.054648e+14 2.159253e+33
2.070575e+14 2.208149e+33
2.086625e+14 2.258153e+33
2.102800e+14 2.309290e+33
2.119100e+14 2.361584e+33
2.135527e+14 2.415062e+33
2.152081e+14 2.469752e+33
2.168763e+14 2.525680e+33
2.185575e+14 2.582874e+33
2.202517e+14 2.641364e+33
2.219590e+14 2.701178e+33
2.236795e+14 2.762347e+33
2.254134e+14 2.824901e+33
2.271608e+14 2.888871e+33
2.289217e+14 2.954290e+33
2.306962e+14 3.021191e+33
2.324845e+14 3.089606e+33
2.342866e+14 3.159571e+33
2.361027e+14 3.231120e+33
2.379329e+14 3.304289e+33
2.397773e+14 3.379115e+33
2.416360e+14 3.455636e+33
2.435091e+14 3.533890e+33
2.453967e+14 3.613915e+33
2.472989e+14 3.695753e+33
2.492159e+14 3.779444e+33
2.511478e+14 3.865030e+33
2.530946e+14 3.952554e+33
2.550565e+14 4.042061e+33
2.570336e+14 4.133594e+33
2.590260e+14 4.227200e+33
2.610339e+14 4.322926e+33
2.630574e+14 4.420819e+33
2.650965e+14 4.520929e+33
2.671515e+14 4.623307e+33
2.692224e+14 4.728002e+33
2.713093e+14 4.835069e+33
2.734124e+14 4.944560e+33
2.755318e+14 5.056530e+33
2.776676e+14 5.171036e+33
2.798200e+14 5.288135e+33
2.819891e+14 5.407886e+33
2.841750e+14 5.530349e+33
2.863778e+14 5.655585e+33
2.885977e+14 5.783656e+33
2.908349e+14 5.914628e+33
2.930893e+14 6.048566e+33
