# epsilon [g/cm^3]   P [dyn/cm^2]
1.364583e+14 6.606095e+32
1.375161e+14 6.761275e+32
1.385821e+14 6.920100e+32
1.396563e+14 7.082656e+32
1.407389e+14 7.249031e+32
1.418299e+14 7.419314e+32
1.429293e+14 7.593597e+32
1.440372e+14 7.771974e+32
1.451538e+14 7.954541e+32
1.462789e+14 8.141397e+32
1.474129e+14 8.332642e+32
1.485556e+14 8.528380e+32
1.497071e+14 8.728715e+32
1.508676e+14 8.933756e+32
1.520371e+14 9.143614e+32
1.532156e+14 9.358402e+32
1.544033e+14 9.578235e+32
1.556002e+14 9.803232e+32
1.568063e+14 1.003351e+33
1.580219e+14 1.026921e+33
1.592468e+14 1.051043e+33
1.604812e+14 1.075733e+33
1.617252e+14 1.101002e+33
1.629789e+14 1.126865e+33
1.642422e+14 1.153336e+33
1.655154e+14 1.180428e+33
1.667984e+14 1.208157e+33
1.680914e+14 1.236537e+33
1.693944e+14 1.265584e+33
1.707075e+14 1.295313e+33
1.720307e+14 1.325741e+33
1.733643e+14 1.356883e+33
1.747081e+14 1.388757e+33
1.760624e+14 1.421379e+33
1.774272e+14 1.454768e+33
1.788026e+14 1.488941e+33
1.801886e+14 1.523917e+33
1.815854e+14 1.559715e+33
1.829929e+14 1.596353e+33
1.844114e+14 1.633852e+33
1.858409e+14 1.672232e+33
1.872815e+14 1.711513e+33
1.887333e+14 1.751718e+33
1.901963e+14 1.792866e+33
1.916706e+14 1.834982e+33
1.931564e+14 1.878086e+33
1.946537e+14 1.922203e+33
1.961626e+14 1.967357e+33
1.976832e+14 2.013571e+33
1.992155e+14 2.060870e+33
2.007598e+14 2.109281e+33
2.023160e+14 2.158829e+33
2.038843e+14 2.209541e+33
2.054648e+14 2.261444e+33
2.070575e+14 2.314566e+33
2.086625e+14 2.368937e+33
2.102800e+14 2.424584e+33
2.119100e+14 2.481538e+33
2.135527e+14 2.539831e+33
2.152081e+14 2.599493e+33
2.168763e+14 2.660556e+33
2.185575e+14 2.723054e+33
2.202517e+14 2.787019e+33
2.219590e+14 2.852488e+33
2.236795e+14 2.919494e+33
2.254134e+14 2.988074e+33
2.271608e+14 3.058265e+33
2.289217e+14 3.130105e+33
2.306962e+14 3.203633e+33
2.324845e+14 3.278888e+33
2.342866e+14 3.355910e+33
2.361027e+14 3.434742e+33
2.379329e+14 3.515426e+33
2.397773e+14 3.598004e+33
2.416360e+14 3.682523e+33
2.435091e+14 3.769027e+33
2.453967e+14 3.857563e+33
2.472989e+14 3.948179e+33
2.492159e+14 4.040924e+33
2.511478e+14 4.135847e+33
2.530946e+14 4.233000e+33
2.550565e+14 4.332435e+33
2.570336e+14 4.434206e+33
2.590260e+14 4.538367e+33
2.610339e+14 4.644975e+33
2.630574e+14 4.754088e+33
2.650965e+14 4.865764e+33
2.671515e+14 4.980063e+33
2.692224e+14 5.097047e+33
2.713093e+14 5.216778e+33
2.734124e+14 5.339323e+33
2.755318e+14 5.464746e+33
2.776676e+14 5.593115e+33
2.798200e+14 5.724500e+33
2.819891e+14 5.858971e+33
2.841750e+14 5.996601e+33
2.863778e+14 6.137464e+33
2.885977e+14 6.281636e+33
2.908349e+14 6.429194e+33
2.930893e+14 6.580219e+33
