# epsilon [g/cm^3]   P [dyn/cm^2]
1.364583e+14 6.622114e+32
1.375161e+14 6.783203e+32
1.385821e+14 6.948211e+32
1.396563e+14 7.117232e+32
1.407389e+14 7.290365e+32
1.418299e+14 7.467710e+32
1.429293e+14 7.649368e+32
1.440372e+14 7.835446e+32
1.451538e+14 8.026050e+32
1.462789e+14 8.221291e+32
1.474129e+14 8.421281e+32
1.485556e+14 8.626136e+32
1.497071e+14 8.835975e+32
1.508676e+14 9.050918e+32
1.520371e+14 9.271089e+32
1.532156e+14 9.496617e+32
1.544033e+14 9.727630e+32
1.556002e+14 9.964264e+32
1.568063e+14 1.020665e+33
1.580219e+14 1.045494e+33
1.592468e+14 1.070926e+33
1.604812e+14 1.096978e+33
1.617252e+14 1.123663e+33
1.629789e+14 1.150997e+33
1.642422e+14 1.178996e+33
1.655154e+14 1.207676e+33
1.667984e+14 1.237054e+33
1.680914e+14 1.267146e+33
1.693944e+14 1.297971e+33
1.707075e+14 1.329545e+33
1.720307e+14 1.361887e+33
1.733643e+14 1.395016e+33
1.747081e+14 1.428951e+33
1.760624e+14 1.463712e+33
1.774272e+14 1.499318e+33
1.788026e+14 1.535790e+33
1.801886e+14 1.573150e+33
1.815854e+14 1.611418e+33
1.829929e+14 1.650617e+33
1.844114e+14 1.690770e+33
1.858409e+14 1.731899e+33
1.872815e+14 1.774029e+33
1.887333e+14 1.817184e+33
1.901963e+14 1.861389e+33
1.916706e+14 1.906669e+33
1.931564e+14 1.953050e+33
1.946537e+14 2.000560e+33
1.961626e+14 2.049225e+33
1.976832e+14 2.099074e+33
1.992155e+14 2.150136e+33
2.007598e+14 2.202440e+33
2.023160e+14 2.256016e+33
2.038843e+14 2.310896e+33
2.054648e+14 2.367111e+33
2.070575e+14 2.424693e+33
2.086625e+14 2.483676e+33
2.102800e+14 2.544093e+33
2.119100e+14 2.605980e+33
2.135527e+14 2.669373e+33
2.152081e+14 2.734308e+33
2.168763e+14 2.800823e+33
2.185575e+14 2.868955e+33
2.202517e+14 2.938745e+33
2.219590e+14 3.010233e+33
2.236795e+14 3.083459e+33
2.254134e+14 3.158467e+33
2.271608e+14 3.235300e+33
2.289217e+14 3.314001e+33
2.306962e+14 3.394617e+33
2.324845e+14 3.477194e+33
2.342866e+14 3.561780e+33
2.361027e+14 3.648423e+33
2.379329e+14 3.737175e+33
2.397773e+14 3.828085e+33
2.416360e+14 3.921206e+33
2.435091e+14 4.016593e+33
2.453967e+14 4.114300e+33
2.472989e+14 4.214384e+33
2.492159e+14 4.316903e+33
2.511478e+14 4.421915e+33
2.530946e+14 4.529482e+33
2.550565e+14 4.639666e+33
2.570336e+14 4.752530e+33
2.590260e+14 4.868140e+33
2.610339e+14 4.986561e+33
2.630574e+14 5.107864e+33
2.650965e+14 5.232117e+33
2.671515e+14 5.359393e+33
2.692224e+14 5.489765e+33
2.713093e+14 5.623308e+33
2.734124e+14 5.760100e+33
2.755318e+14 5.900220e+33
2.776676e+14 6.043748e+33
2.798200e+14 6.190768e+33
2.819891e+14 6.341364e+33
2.841750e+14 6.495623e+33
2.863778e+14 6.653635e+33
2.885977e+14 6.815490e+33
2.908349e+14 6.981283e+33
2.930893e+14 7.151109e+33
