# epsilon [g/cm^3]   P [dyn/cm^2]
1.364583e+14 6.612605e+32
1.375161e+14 6.770184e+32
1.385821e+14 6.931518e+32
1.396563e+14 7.096697e+32
1.407389e+14 7.265812e+32
1.418299e+14 7.438957e+32
1.429293e+14 7.616228e+32
1.440372e+14 7.797724e+32
1.451538e+14 7.983544e+32
1.462789e+14 8.173793e+32
1.474129e+14 8.368576e+32
1.485556e+14 8.568000e+32
1.497071e+14 8.772176e+32
1.508676e+14 8.981218e+32
1.520371e+14 9.195241e+32
1.532156e+14 9.414365e+32
1.544033e+14 9.638710e+32
1.556002e+14 9.868402e+32
1.568063e+14 1.010357e+33
1.580219e+14 1.034434e+33
1.592468e+14 1.059084e+33
1.604812e+14 1.084322e+33
1.617252e+14 1.110162e+33
1.629789e+14 1.136617e+33
1.642422e+14 1.163703e+33
1.655154e+14 1.191434e+33
1.667984e+14 1.219826e+33
1.680914e+14 1.248895e+33
1.693944e+14 1.278656e+33
1.707075e+14 1.309126e+33
1.720307e+14 1.340323e+33
1.733643e+14 1.372263e+33
1.747081e+14 1.404964e+33
1.760624e+14 1.438445e+33
1.774272e+14 1.472723e+33
1.788026e+14 1.507818e+33
1.801886e+14 1.543750e+33
1.815854e+14 1.580537e+33
1.829929e+14 1.618202e+33
1.844114e+14 1.656764e+33
1.858409e+14 1.696245e+33
1.872815e+14 1.736666e+33
1.887333e+14 1.778051e+33
1.901963e+14 1.820422e+33
1.916706e+14 1.863803e+33
1.931564e+14 1.908218e+33
1.946537e+14 1.953691e+33
1.961626e+14 2.000248e+33
1.976832e+14 2.047914e+33
1.992155e+14 2.096716e+33
2.007598e+14 2.146681e+33
2.023160e+14 2.197836e+33
2.038843e+14 2.250211e+33
2.054648e+14 2.303834e+33
2.070575e+14 2.358735e+33
2.086625e+14 2.414943e+33
2.102800e+14 2.472492e+33
2.119100e+14 2.531412e+33
2.135527e+14 2.591735e+33
2.152081e+14 2.653497e+33
2.168763e+14 2.716730e+33
2.185575e+14 2.781470e+33
2.202517e+14 2.847753e+33
2.219590e+14 2.915615e+33
2.236795e+14 2.985094e+33
2.254134e+14 3.056229e+33
2.271608e+14 3.129060e+33
2.289217e+14 3.203625e+33
2.306962e+14 3.279968e+33
2.324845e+14 3.358130e+33
2.342866e+14 3.438155e+33
2.361027e+14 3.520086e+33
2.379329e+14 3.603971e+33
2.397773e+14 3.689854e+33
2.416360e+14 3.777783e+33
2.435091e+14 3.867808e+33
2.453967e+14 3.959978e+33
2.472989e+14 4.054345e+33
2.492159e+14 4.150961e+33
2.511478e+14 4.249879e+33
2.530946e+14 4.351154e+33
2.550565e+14 4.454842e+33
2.570336e+14 4.561001e+33
2.590260e+14 4.669691e+33
2.610339e+14 4.780970e+33
2.630574e+14 4.894901e+33
2.650965e+14 5.011547e+33
2.671515e+14 5.130973e+33
2.692224e+14 5.253244e+33
2.713093e+14 5.378430e+33
2.734124e+14 5.506598e+33
2.755318e+14 5.637821e+33
2.776676e+14 5.772171e+33
2.798200e+14 5.909723e+33
2.819891e+14 6.050552e+33
2.841750e+14 6.194737e+33
2.863778e+14 6.342358e+33
2.885977e+14 6.493498e+33
2.908349e+14 6.648238e+33
2.930893e+14 6.806667e+33
