# epsilon [g/cm^3]   P [dyn/cm^2]
1.364583e+14 6.613792e+32
1.375161e+14 6.771809e+32
1.385821e+14 6.933602e+32
1.396563e+14 7.099260e+32
1.407389e+14 7.268876e+32
1.418299e+14 7.442544e+32
1.429293e+14 7.620362e+32
1.440372e+14 7.802428e+32
1.451538e+14 7.988844e+32
1.462789e+14 8.179714e+32
1.474129e+14 8.375144e+32
1.485556e+14 8.575243e+32
1.497071e+14 8.780123e+32
1.508676e+14 8.989898e+32
1.520371e+14 9.204686e+32
1.532156e+14 9.424604e+32
1.544033e+14 9.649777e+32
1.556002e+14 9.880330e+32
1.568063e+14 1.011639e+33
1.580219e+14 1.035809e+33
1.592468e+14 1.060557e+33
1.604812e+14 1.085896e+33
1.617252e+14 1.111840e+33
1.629789e+14 1.138404e+33
1.642422e+14 1.165603e+33
1.655154e+14 1.193452e+33
1.667984e+14 1.221966e+33
1.680914e+14 1.251161e+33
1.693944e+14 1.281054e+33
1.707075e+14 1.311661e+33
1.720307e+14 1.342999e+33
1.733643e+14 1.375086e+33
1.747081e+14 1.407940e+33
1.760624e+14 1.441578e+33
1.774272e+14 1.476020e+33
1.788026e+14 1.511286e+33
1.801886e+14 1.547393e+33
1.815854e+14 1.584364e+33
1.829929e+14 1.622217e+33
1.844114e+14 1.660976e+33
1.858409e+14 1.700660e+33
1.872815e+14 1.741292e+33
1.887333e+14 1.782895e+33
1.901963e+14 1.825492e+33
1.916706e+14 1.869107e+33
1.931564e+14 1.913764e+33
1.946537e+14 1.959487e+33
1.961626e+14 2.006303e+33
1.976832e+14 2.054238e+33
1.992155e+14 2.103318e+33
2.007598e+14 2.153571e+33
2.023160e+14 2.205024e+33
2.038843e+14 2.257706e+33
2.054648e+14 2.311648e+33
2.070575e+14 2.366878e+33
2.086625e+14 2.423427e+33
2.102800e+14 2.481328e+33
2.119100e+14 2.540612e+33
2.135527e+14 2.601312e+33
2.152081e+14 2.663463e+33
2.168763e+14 2.727099e+33
2.185575e+14 2.792255e+33
2.202517e+14 2.858967e+33
2.219590e+14 2.927274e+33
2.236795e+14 2.997212e+33
2.254134e+14 3.068822e+33
2.271608e+14 3.142142e+33
2.289217e+14 3.217215e+33
2.306962e+14 3.294081e+33
2.324845e+14 3.372783e+33
2.342866e+14 3.453366e+33
2.361027e+14 3.535874e+33
2.379329e+14 3.620353e+33
2.397773e+14 3.706850e+33
2.416360e+14 3.795415e+33
2.435091e+14 3.886095e+33
2.453967e+14 3.978942e+33
2.472989e+14 4.074007e+33
2.492159e+14 4.171343e+33
2.511478e+14 4.271005e+33
2.530946e+14 4.373048e+33
2.550565e+14 4.477529e+33
2.570336e+14 4.584507e+33
2.590260e+14 4.694040e+33
2.610339e+14 4.806190e+33
2.630574e+14 4.921020e+33
2.650965e+14 5.038593e+33
2.671515e+14 5.158976e+33
2.692224e+14 5.282234e+33
2.713093e+14 5.408437e+33
2.734124e+14 5.537656e+33
2.755318e+14 5.669962e+33
2.776676e+14 5.805429e+33
2.798200e+14 5.944133e+33
2.819891e+14 6.086150e+33
2.841750e+14 6.231561e+33
2.863778e+14 6.380446e+33
2.885977e+14 6.532888e+33
2.908349e+14 6.688972e+33
2.930893e+14 6.848785e+33
