# epsilon [g/cm^3]   P [dyn/cm^2]
1.364583e+14 6.541617e+32
1.375161e+14 6.673196e+32
1.385821e+14 6.807423e+32
1.396563e+14 6.944349e+32
1.407389e+14 7.084029e+32
1.418299e+14 7.226519e+32
1.429293e+14 7.371875e+32
1.440372e+14 7.520155e+32
1.451538e+14 7.671417e+32
1.462789e+14 7.825722e+32
1.474129e+14 7.983130e+32
1.485556e+14 8.143705e+32
1.497071e+14 8.307509e+32
1.508676e+14 8.474609e+32
1.520371e+14 8.645069e+32
1.532156e+14 8.818958e+32
1.544033e+14 8.996345e+32
1.556002e+14 9.177299e+32
1.568063e+14 9.361894e+32
1.580219e+14 9.550201e+32
1.592468e+14 9.742296e+32
1.604812e+14 9.938255e+32
1.617252e+14 1.013816e+33
1.629789e+14 1.034208e+33
1.642422e+14 1.055010e+33
1.655154e+14 1.076231e+33
1.667984e+14 1.097878e+33
1.680914e+14 1.119961e+33
1.693944e+14 1.142488e+33
1.707075e+14 1.165469e+33
1.720307e+14 1.188911e+33
1.733643e+14 1.212825e+33
1.747081e+14 1.237220e+33
1.760624e+14 1.262106e+33
1.774272e+14 1.287492e+33
1.788026e+14 1.313389e+33
1.801886e+14 1.339807e+33
1.815854e+14 1.366756e+33
1.829929e+14 1.394248e+33
1.844114e+14 1.422292e+33
1.858409e+14 1.450900e+33
1.872815e+14 1.480084e+33
1.887333e+14 1.509855e+33
1.901963e+14 1.540224e+33
1.916706e+14 1.571205e+33
1.931564e+14 1.602809e+33
1.946537e+14 1.635048e+33
1.961626e+14 1.667936e+33
1.976832e+14 1.701485e+33
1.992155e+14 1.735709e+33
2.007598e+14 1.770621e+33
2.023160e+14 1.806236e+33
2.038843e+14 1.842567e+33
2.054648e+14 1.879629e+33
2.070575e+14 1.917436e+33
2.086625e+14 1.956004e+33
2.102800e+14 1.995348e+33
2.119100e+14 2.035483e+33
2.135527e+14 2.076425e+33
2.152081e+14 2.118190e+33
2.168763e+14 2.160796e+33
2.185575e+14 2.204259e+33
2.202517e+14 2.248596e+33
2.219590e+14 2.293825e+33
2.236795e+14 2.339963e+33
2.254134e+14 2.387030e+33
2.271608e+14 2.435043e+33
2.289217e+14 2.484022e+33
2.306962e+14 2.533987e+33
2.324845e+14 2.584956e+33
2.342866e+14 2.636950e+33
2.361027e+14 2.689991e+33
2.379329e+14 2.744098e+33
2.397773e+14 2.799293e+33
2.416360e+14 2.855599e+33
2.435091e+14 2.913037e+33
2.453967e+14 2.971631e+33
2.472989e+14 3.031403e+33
2.492159e+14 3.092377e+33
2.511478e+14 3.154578e+33
2.530946e+14 3.218030e+33
2.550565e+14 3.282758e+33
2.570336e+14 3.348788e+33
2.590260e+14 3.416147e+33
2.610339e+14 3.484860e+33
2.630574e+14 3.554955e+33
2.650965e+14 3.626460e+33
2.671515e+14 3.699404e+33
2.692224e+14 3.773815e+33
2.713093e+14 3.849722e+33
2.734124e+14 3.927156e+33
2.755318e+14 4.006148e+33
2.776676e+14 4.086729e+33
2.798200e+14 4.168930e+33
2.819891e+14 4.252785e+33
2.841750e+14 4.338327e+33
2.863778e+14 4.425589e+33
2.885977e+14 4.514606e+33
2.908349e+14 4.605414e+33
2.930893e+14 4.698049e+33
