# epsilon [g/cm^3]   P [dyn/cm^2]
1.364583e+14 6.520796e+32
1.375161e+14 6.644818e+32
1.385821e+14 6.771198e+32
1.396563e+14 6.899982e+32
1.407389e+14 7.031215e+32
1.418299e+14 7.164944e+32
1.429293e+14 7.301216e+32
1.440372e+14 7.440081e+32
1.451538e+14 7.581586e+32
1.462789e+14 7.725783e+32
1.474129e+14 7.872722e+32
1.485556e+14 8.022456e+32
1.497071e+14 8.175038e+32
1.508676e+14 8.330522e+32
1.520371e+14 8.488963e+32
1.532156e+14 8.650418e+32
1.544033e+14 8.814943e+32
1.556002e+14 8.982597e+32
1.568063e+14 9.153441e+32
1.580219e+14 9.327533e+32
1.592468e+14 9.504937e+32
1.604812e+14 9.685714e+32
1.617252e+14 9.869930e+32
1.629789e+14 1.005765e+33
1.642422e+14 1.024894e+33
1.655154e+14 1.044387e+33
1.667984e+14 1.064250e+33
1.680914e+14 1.084492e+33
1.693944e+14 1.105118e+33
1.707075e+14 1.126137e+33
1.720307e+14 1.147555e+33
1.733643e+14 1.169381e+33
1.747081e+14 1.191622e+33
1.760624e+14 1.214285e+33
1.774272e+14 1.237380e+33
1.788026e+14 1.260915e+33
1.801886e+14 1.284896e+33
1.815854e+14 1.309334e+33
1.829929e+14 1.334237e+33
1.844114e+14 1.359613e+33
1.858409e+14 1.385472e+33
1.872815e+14 1.411823e+33
1.887333e+14 1.438675e+33
1.901963e+14 1.466038e+33
1.916706e+14 1.493921e+33
1.931564e+14 1.522334e+33
1.946537e+14 1.551288e+33
1.961626e+14 1.580792e+33
1.976832e+14 1.610858e+33
1.992155e+14 1.641495e+33
2.007598e+14 1.672716e+33
2.023160e+14 1.704529e+33
2.038843e+14 1.736949e+33
2.054648e+14 1.769984e+33
2.070575e+14 1.803648e+33
2.086625e+14 1.837952e+33
2.102800e+14 1.872909e+33
2.119100e+14 1.908530e+33
2.135527e+14 1.944829e+33
2.152081e+14 1.981819e+33
2.168763e+14 2.019512e+33
2.185575e+14 2.057922e+33
2.202517e+14 2.097062e+33
2.219590e+14 2.136947e+33
2.236795e+14 2.177590e+33
2.254134e+14 2.219006e+33
2.271608e+14 2.261210e+33
2.289217e+14 2.304217e+33
2.306962e+14 2.348042e+33
2.324845e+14 2.392700e+33
2.342866e+14 2.438208e+33
2.361027e+14 2.484581e+33
2.379329e+14 2.531836e+33
2.397773e+14 2.579990e+33
2.416360e+14 2.629059e+33
2.435091e+14 2.679062e+33
2.453967e+14 2.730016e+33
2.472989e+14 2.781939e+33
2.492159e+14 2.834850e+33
2.511478e+14 2.888767e+33
2.530946e+14 2.943710e+33
2.550565e+14 2.999697e+33
2.570336e+14 3.056749e+33
2.590260e+14 3.114887e+33
2.610339e+14 3.174130e+33
2.630574e+14 3.234500e+33
2.650965e+14 3.296018e+33
2.671515e+14 3.358706e+33
2.692224e+14 3.422586e+33
2.713093e+14 3.487681e+33
2.734124e+14 3.554015e+33
2.755318e+14 3.621610e+33
2.776676e+14 3.690491e+33
2.798200e+14 3.760681e+33
2.819891e+14 3.832207e+33
2.841750e+14 3.905093e+33
2.863778e+14 3.979365e+33
2.885977e+14 4.055050e+33
2.908349e+14 4.132175e+33
2.930893e+14 4.210766e+33
