# epsilon [g/cm^3]   P [dyn/cm^2]
1.364583e+14 6.627529e+32
1.375161e+14 6.790619e+32
1.385821e+14 6.957722e+32
1.396563e+14 7.128937e+32
1.407389e+14 7.304366e+32
1.418299e+14 7.484111e+32
1.429293e+14 7.668280e+32
1.440372e+14 7.856981e+32
1.451538e+14 8.050325e+32
1.462789e+14 8.248427e+32
1.474129e+14 8.451404e+32
1.485556e+14 8.659376e+32
1.497071e+14 8.872465e+32
1.508676e+14 9.090798e+32
1.520371e+14 9.314504e+32
1.532156e+14 9.543715e+32
1.544033e+14 9.778566e+32
1.556002e+14 1.001920e+33
1.568063e+14 1.026575e+33
1.580219e+14 1.051837e+33
1.592468e+14 1.077720e+33
1.604812e+14 1.104241e+33
1.617252e+14 1.131414e+33
1.629789e+14 1.159256e+33
1.642422e+14 1.187783e+33
1.655154e+14 1.217011e+33
1.667984e+14 1.246960e+33
1.680914e+14 1.277645e+33
1.693944e+14 1.309085e+33
1.707075e+14 1.341299e+33
1.720307e+14 1.374305e+33
1.733643e+14 1.408124e+33
1.747081e+14 1.442775e+33
1.760624e+14 1.478279e+33
1.774272e+14 1.514657e+33
1.788026e+14 1.551929e+33
1.801886e+14 1.590119e+33
1.815854e+14 1.629249e+33
1.829929e+14 1.669341e+33
1.844114e+14 1.710420e+33
1.858409e+14 1.752510e+33
1.872815e+14 1.795636e+33
1.887333e+14 1.839823e+33
1.901963e+14 1.885097e+33
1.916706e+14 1.931485e+33
1.931564e+14 1.979015e+33
1.946537e+14 2.027715e+33
1.961626e+14 2.077613e+33
1.976832e+14 2.128738e+33
1.992155e+14 2.181122e+33
2.007598e+14 2.234795e+33
2.023160e+14 2.289789e+33
2.038843e+14 2.346136e+33
2.054648e+14 2.403869e+33
2.070575e+14 2.463024e+33
2.086625e+14 2.523634e+33
2.102800e+14 2.585735e+33
2.119100e+14 2.649365e+33
2.135527e+14 2.714560e+33
2.152081e+14 2.781360e+33
2.168763e+14 2.849804e+33
2.185575e+14 2.919931e+33
2.202517e+14 2.991785e+33
2.219590e+14 3.065407e+33
2.236795e+14 3.140840e+33
2.254134e+14 3.218130e+33
2.271608e+14 3.297321e+33
2.289217e+14 3.378462e+33
2.306962e+14 3.461599e+33
2.324845e+14 3.546781e+33
2.342866e+14 3.634060e+33
2.361027e+14 3.723487e+33
2.379329e+14 3.815115e+33
2.397773e+14 3.908997e+33
2.416360e+14 4.005189e+33
2.435091e+14 4.103749e+33
2.453967e+14 4.204734e+33
2.472989e+14 4.308203e+33
2.492159e+14 4.414219e+33
2.511478e+14 4.522844e+33
2.530946e+14 4.634142e+33
2.550565e+14 4.748179e+33
2.570336e+14 4.865022e+33
2.590260e+14 4.984740e+33
2.610339e+14 5.107404e+33
2.630574e+14 5.233087e+33
2.650965e+14 5.361863e+33
2.671515e+14 5.493807e+33
2.692224e+14 5.628999e+33
2.713093e+14 5.767517e+33
2.734124e+14 5.909443e+33
2.755318e+14 6.054863e+33
2.776676e+14 6.203861e+33
2.798200e+14 6.356525e+33
2.819891e+14 6.512946e+33
2.841750e+14 6.673216e+33
2.863778e+14 6.837430e+33
2.885977e+14 7.005685e+33
2.908349e+14 7.178081e+33
2.930893e+14 7.354719e+33
