# epsilon [g/cm^3]   P [dyn/cm^2]
1.364583e+14 6.509588e+32
1.375161e+14 6.629553e+32
1.385821e+14 6.751728e+32
1.396563e+14 6.876155e+32
1.407389e+14 7.002876e+32
1.418299e+14 7.131931e+32
1.429293e+14 7.263365e+32
1.440372e+14 7.397221e+32
1.451538e+14 7.533544e+32
1.462789e+14 7.672379e+32
1.474129e+14 7.813773e+32
1.485556e+14 7.957773e+32
1.497071e+14 8.104426e+32
1.508676e+14 8.253782e+32
1.520371e+14 8.405890e+32
1.532156e+14 8.560802e+32
1.544033e+14 8.718568e+32
1.556002e+14 8.879242e+32
1.568063e+14 9.042877e+32
1.580219e+14 9.209528e+32
1.592468e+14 9.379250e+32
1.604812e+14 9.552099e+32
1.617252e+14 9.728134e+32
1.629789e+14 9.907413e+32
1.642422e+14 1.009000e+33
1.655154e+14 1.027594e+33
1.667984e+14 1.046532e+33
1.680914e+14 1.065818e+33
1.693944e+14 1.085460e+33
1.707075e+14 1.105464e+33
1.720307e+14 1.125837e+33
1.733643e+14 1.146585e+33
1.747081e+14 1.167715e+33
1.760624e+14 1.189235e+33
1.774272e+14 1.211151e+33
1.788026e+14 1.233471e+33
1.801886e+14 1.256203e+33
1.815854e+14 1.279353e+33
1.829929e+14 1.302930e+33
1.844114e+14 1.326942e+33
1.858409e+14 1.351396e+33
1.872815e+14 1.376301e+33
1.887333e+14 1.401665e+33
1.901963e+14 1.427496e+33
1.916706e+14 1.453803e+33
1.931564e+14 1.480595e+33
1.946537e+14 1.507881e+33
1.961626e+14 1.535670e+33
1.976832e+14 1.563970e+33
1.992155e+14 1.592793e+33
2.007598e+14 1.622146e+33
2.023160e+14 1.652041e+33
2.038843e+14 1.682486e+33
2.054648e+14 1.713492e+33
2.070575e+14 1.745070e+33
2.086625e+14 1.777230e+33
2.102800e+14 1.809983e+33
2.119100e+14 1.843339e+33
2.135527e+14 1.877309e+33
2.152081e+14 1.911906e+33
2.168763e+14 1.947141e+33
2.185575e+14 1.983024e+33
2.202517e+14 2.019569e+33
2.219590e+14 2.056788e+33
2.236795e+14 2.094692e+33
2.254134e+14 2.133295e+33
2.271608e+14 2.172610e+33
2.289217e+14 2.212648e+33
2.306962e+14 2.253425e+33
2.324845e+14 2.294953e+33
2.342866e+14 2.337247e+33
2.361027e+14 2.380320e+33
2.379329e+14 2.424187e+33
2.397773e+14 2.468862e+33
2.416360e+14 2.514360e+33
2.435091e+14 2.560697e+33
2.453967e+14 2.607888e+33
2.472989e+14 2.655949e+33
2.492159e+14 2.704895e+33
2.511478e+14 2.754744e+33
2.530946e+14 2.805511e+33
2.550565e+14 2.857213e+33
2.570336e+14 2.909869e+33
2.590260e+14 2.963494e+33
2.610339e+14 3.018108e+33
2.630574e+14 3.073729e+33
2.650965e+14 3.130375e+33
2.671515e+14 3.188064e+33
2.692224e+14 3.246817e+33
2.713093e+14 3.306652e+33
2.734124e+14 3.367590e+33
2.755318e+14 3.429651e+33
2.776676e+14 3.492856e+33
2.798200e+14 3.557226e+33
2.819891e+14 3.622781e+33
2.841750e+14 3.689545e+33
2.863778e+14 3.757540e+33
2.885977e+14 3.826787e+33
2.908349e+14 3.897311e+33
2.930893e+14 3.969134e+33
