# epsilon [g/cm^3]   P [dyn/cm^2]
1.364583e+14 6.571705e+32
1.375161e+14 6.714262e+32
1.385821e+14 6.859911e+32
1.396563e+14 7.008719e+32
1.407389e+14 7.160756e+32
1.418299e+14 7.316091e+32
1.429293e+14 7.474795e+32
1.440372e+14 7.636942e+32
1.451538e+14 7.802606e+32
1.462789e+14 7.971864e+32
1.474129e+14 8.144793e+32
1.485556e+14 8.321474e+32
1.497071e+14 8.501987e+32
1.508676e+14 8.686417e+32
1.520371e+14 8.874847e+32
1.532156e+14 9.067364e+32
1.544033e+14 9.264058e+32
1.556002e+14 9.465018e+32
1.568063e+14 9.670338e+32
1.580219e+14 9.880111e+32
1.592468e+14 1.009444e+33
1.604812e+14 1.031341e+33
1.617252e+14 1.053713e+33
1.629789e+14 1.076571e+33
1.642422e+14 1.099924e+33
1.655154e+14 1.123784e+33
1.667984e+14 1.148162e+33
1.680914e+14 1.173069e+33
1.693944e+14 1.198515e+33
1.707075e+14 1.224514e+33
1.720307e+14 1.251077e+33
1.733643e+14 1.278216e+33
1.747081e+14 1.305944e+33
1.760624e+14 1.334273e+33
1.774272e+14 1.363216e+33
1.788026e+14 1.392788e+33
1.801886e+14 1.423001e+33
1.815854e+14 1.453869e+33
1.829929e+14 1.485407e+33
1.844114e+14 1.517630e+33
1.858409e+14 1.550551e+33
1.872815e+14 1.584186e+33
1.887333e+14 1.618551e+33
1.901963e+14 1.653661e+33
1.916706e+14 1.689533e+33
1.931564e+14 1.726184e+33
1.946537e+14 1.763629e+33
1.961626e+14 1.801886e+33
1.976832e+14 1.840974e+33
1.992155e+14 1.880909e+33
2.007598e+14 1.921711e+33
2.023160e+14 1.963397e+33
2.038843e+14 2.005988e+33
2.054648e+14 2.049503e+33
2.070575e+14 2.093962e+33
2.086625e+14 2.139385e+33
2.102800e+14 2.185794e+33
2.119100e+14 2.233209e+33
2.135527e+14 2.281653e+33
2.152081e+14 2.331148e+33
2.168763e+14 2.381716e+33
2.185575e+14 2.433381e+33
2.202517e+14 2.486167e+33
2.219590e+14 2.540099e+33
2.236795e+14 2.595200e+33
2.254134e+14 2.651496e+33
2.271608e+14 2.709013e+33
2.289217e+14 2.767779e+33
2.306962e+14 2.827819e+33
2.324845e+14 2.889161e+33
2.342866e+14 2.951834e+33
2.361027e+14 3.015867e+33
2.379329e+14 3.081288e+33
2.397773e+14 3.148129e+33
2.416360e+14 3.216420e+33
2.435091e+14 3.286192e+33
2.453967e+14 3.357478e+33
2.472989e+14 3.430310e+33
2.492159e+14 3.504722e+33
2.511478e+14 3.580748e+33
2.530946e+14 3.658423e+33
2.550565e+14 3.737783e+33
2.570336e+14 3.818865e+33
2.590260e+14 3.901706e+33
2.610339e+14 3.986344e+33
2.630574e+14 4.072817e+33
2.650965e+14 4.161167e+33
2.671515e+14 4.251433e+33
2.692224e+14 4.343657e+33
2.713093e+14 4.437882e+33
2.734124e+14 4.534150e+33
2.755318e+14 4.632507e+33
2.776676e+14 4.732998e+33
2.798200e+14 4.835668e+33
2.819891e+14 4.940566e+33
2.841750e+14 5.047739e+33
2.863778e+14 5.157237e+33
2.885977e+14 5.269110e+33
2.908349e+14 5.383410e+33
2.930893e+14 5.500190e+33
