# epsilon [g/cm^3]   P [dyn/cm^2]
1.364583e+14 6.526978e+32
1.375161e+14 6.653241e+32
1.385821e+14 6.781946e+32
1.396563e+14 6.913140e+32
1.407389e+14 7.046873e+32
1.418299e+14 7.183192e+32
1.429293e+14 7.322149e+32
1.440372e+14 7.463793e+32
1.451538e+14 7.608178e+32
1.462789e+14 7.755356e+32
1.474129e+14 7.905381e+32
1.485556e+14 8.058308e+32
1.497071e+14 8.214193e+32
1.508676e+14 8.373094e+32
1.520371e+14 8.535069e+32
1.532156e+14 8.700177e+32
1.544033e+14 8.868479e+32
1.556002e+14 9.040037e+32
1.568063e+14 9.214914e+32
1.580219e+14 9.393173e+32
1.592468e+14 9.574881e+32
1.604812e+14 9.760104e+32
1.617252e+14 9.948911e+32
1.629789e+14 1.014137e+33
1.642422e+14 1.033755e+33
1.655154e+14 1.053753e+33
1.667984e+14 1.074137e+33
1.680914e+14 1.094916e+33
1.693944e+14 1.116097e+33
1.707075e+14 1.137687e+33
1.720307e+14 1.159696e+33
1.733643e+14 1.182130e+33
1.747081e+14 1.204997e+33
1.760624e+14 1.228308e+33
1.774272e+14 1.252069e+33
1.788026e+14 1.276290e+33
1.801886e+14 1.300979e+33
1.815854e+14 1.326146e+33
1.829929e+14 1.351800e+33
1.844114e+14 1.377950e+33
1.858409e+14 1.404606e+33
1.872815e+14 1.431778e+33
1.887333e+14 1.459475e+33
1.901963e+14 1.487708e+33
1.916706e+14 1.516488e+33
1.931564e+14 1.545824e+33
1.946537e+14 1.575727e+33
1.961626e+14 1.606209e+33
1.976832e+14 1.637281e+33
1.992155e+14 1.668953e+33
2.007598e+14 1.701239e+33
2.023160e+14 1.734149e+33
2.038843e+14 1.767695e+33
2.054648e+14 1.801891e+33
2.070575e+14 1.836748e+33
2.086625e+14 1.872279e+33
2.102800e+14 1.908498e+33
2.119100e+14 1.945417e+33
2.135527e+14 1.983050e+33
2.152081e+14 2.021412e+33
2.168763e+14 2.060515e+33
2.185575e+14 2.100375e+33
2.202517e+14 2.141007e+33
2.219590e+14 2.182424e+33
2.236795e+14 2.224642e+33
2.254134e+14 2.267677e+33
2.271608e+14 2.311544e+33
2.289217e+14 2.356260e+33
2.306962e+14 2.401842e+33
2.324845e+14 2.448304e+33
2.342866e+14 2.495666e+33
2.361027e+14 2.543944e+33
2.379329e+14 2.593156e+33
2.397773e+14 2.643320e+33
2.416360e+14 2.694454e+33
2.435091e+14 2.746577e+33
2.453967e+14 2.799709e+33
2.472989e+14 2.853868e+33
2.492159e+14 2.909075e+33
2.511478e+14 2.965351e+33
2.530946e+14 3.022714e+33
2.550565e+14 3.081188e+33
2.570336e+14 3.140792e+33
2.590260e+14 3.201550e+33
2.610339e+14 3.263483e+33
2.630574e+14 3.326614e+33
2.650965e+14 3.390966e+33
2.671515e+14 3.456563e+33
2.692224e+14 3.523430e+33
2.713093e+14 3.591589e+33
2.734124e+14 3.661067e+33
2.755318e+14 3.731889e+33
2.776676e+14 3.804082e+33
2.798200e+14 3.877670e+33
2.819891e+14 3.952683e+33
2.841750e+14 4.029146e+33
2.863778e+14 4.107089e+33
2.885977e+14 4.186539e+33
2.908349e+14 4.267526e+33
2.930893e+14 4.350080e+33
