# epsilon [g/cm^3]   P [dyn/cm^2]
1.364583e+14 6.499863e+32
1.375161e+14 6.616315e+32
1.385821e+14 6.734854e+32
1.396563e+14 6.855516e+32
1.407389e+14 6.978341e+32
1.418299e+14 7.103365e+32
1.429293e+14 7.230630e+32
1.440372e+14 7.360175e+32
1.451538e+14 7.492041e+32
1.462789e+14 7.626269e+32
1.474129e+14 7.762902e+32
1.485556e+14 7.901984e+32
1.497071e+14 8.043557e+32
1.508676e+14 8.187666e+32
1.520371e+14 8.334357e+32
1.532156e+14 8.483677e+32
1.544033e+14 8.635671e+32
1.556002e+14 8.790389e+32
1.568063e+14 8.947879e+32
1.580219e+14 9.108190e+32
1.592468e+14 9.271374e+32
1.604812e+14 9.437481e+32
1.617252e+14 9.606564e+32
1.629789e+14 9.778676e+32
1.642422e+14 9.953872e+32
1.655154e+14 1.013221e+33
1.667984e+14 1.031374e+33
1.680914e+14 1.049852e+33
1.693944e+14 1.068661e+33
1.707075e+14 1.087807e+33
1.720307e+14 1.107297e+33
1.733643e+14 1.127135e+33
1.747081e+14 1.147329e+33
1.760624e+14 1.167885e+33
1.774272e+14 1.188809e+33
1.788026e+14 1.210108e+33
1.801886e+14 1.231788e+33
1.815854e+14 1.253857e+33
1.829929e+14 1.276321e+33
1.844114e+14 1.299188e+33
1.858409e+14 1.322464e+33
1.872815e+14 1.346158e+33
1.887333e+14 1.370276e+33
1.901963e+14 1.394826e+33
1.916706e+14 1.419816e+33
1.931564e+14 1.445253e+33
1.946537e+14 1.471147e+33
1.961626e+14 1.497504e+33
1.976832e+14 1.524333e+33
1.992155e+14 1.551643e+33
2.007598e+14 1.579443e+33
2.023160e+14 1.607740e+33
2.038843e+14 1.636545e+33
2.054648e+14 1.665865e+33
2.070575e+14 1.695711e+33
2.086625e+14 1.726092e+33
2.102800e+14 1.757017e+33
2.119100e+14 1.788496e+33
2.135527e+14 1.820539e+33
2.152081e+14 1.853156e+33
2.168763e+14 1.886357e+33
2.185575e+14 1.920153e+33
2.202517e+14 1.954555e+33
2.219590e+14 1.989573e+33
2.236795e+14 2.025218e+33
2.254134e+14 2.061502e+33
2.271608e+14 2.098437e+33
2.289217e+14 2.136032e+33
2.306962e+14 2.174302e+33
2.324845e+14 2.213257e+33
2.342866e+14 2.252910e+33
2.361027e+14 2.293273e+33
2.379329e+14 2.334360e+33
2.397773e+14 2.376183e+33
2.416360e+14 2.418755e+33
2.435091e+14 2.462089e+33
2.453967e+14 2.506201e+33
2.472989e+14 2.551102e+33
2.492159e+14 2.596808e+33
2.511478e+14 2.643333e+33
2.530946e+14 2.690691e+33
2.550565e+14 2.738898e+33
2.570336e+14 2.787968e+33
2.590260e+14 2.837918e+33
2.610339e+14 2.888762e+33
2.630574e+14 2.940518e+33
2.650965e+14 2.993200e+33
2.671515e+14 3.046827e+33
2.692224e+14 3.101414e+33
2.713093e+14 3.156979e+33
2.734124e+14 3.213540e+33
2.755318e+14 3.271114e+33
2.776676e+14 3.329720e+33
2.798200e+14 3.389376e+33
2.819891e+14 3.450100e+33
2.841750e+14 3.511913e+33
2.863778e+14 3.574833e+33
2.885977e+14 3.638880e+33
2.908349e+14 3.704074e+33
2.930893e+14 3.770437e+33
