# epsilon [g/cm^3]   P [dyn/cm^2]
1.364583e+14 6.605573e+32
1.375161e+14 6.760561e+32
1.385821e+14 6.919186e+32
1.396563e+14 7.081532e+32
1.407389e+14 7.247688e+32
1.418299e+14 7.417742e+32
1.429293e+14 7.591787e+32
1.440372e+14 7.769914e+32
1.451538e+14 7.952222e+32
1.462789e+14 8.138807e+32
1.474129e+14 8.329769e+32
1.485556e+14 8.525213e+32
1.497071e+14 8.725242e+32
1.508676e+14 8.929964e+32
1.520371e+14 9.139490e+32
1.532156e+14 9.353932e+32
1.544033e+14 9.573405e+32
1.556002e+14 9.798028e+32
1.568063e+14 1.002792e+33
1.580219e+14 1.026321e+33
1.592468e+14 1.050402e+33
1.604812e+14 1.075048e+33
1.617252e+14 1.100272e+33
1.629789e+14 1.126088e+33
1.642422e+14 1.152509e+33
1.655154e+14 1.179551e+33
1.667984e+14 1.207227e+33
1.680914e+14 1.235552e+33
1.693944e+14 1.264542e+33
1.707075e+14 1.294213e+33
1.720307e+14 1.324579e+33
1.733643e+14 1.355658e+33
1.747081e+14 1.387466e+33
1.760624e+14 1.420021e+33
1.774272e+14 1.453339e+33
1.788026e+14 1.487439e+33
1.801886e+14 1.522339e+33
1.815854e+14 1.558058e+33
1.829929e+14 1.594615e+33
1.844114e+14 1.632030e+33
1.858409e+14 1.670323e+33
1.872815e+14 1.709514e+33
1.887333e+14 1.749624e+33
1.901963e+14 1.790676e+33
1.916706e+14 1.832691e+33
1.931564e+14 1.875692e+33
1.946537e+14 1.919702e+33
1.961626e+14 1.964744e+33
1.976832e+14 2.010844e+33
1.992155e+14 2.058025e+33
2.007598e+14 2.106312e+33
2.023160e+14 2.155733e+33
2.038843e+14 2.206314e+33
2.054648e+14 2.258081e+33
2.070575e+14 2.311063e+33
2.086625e+14 2.365288e+33
2.102800e+14 2.420785e+33
2.119100e+14 2.477585e+33
2.135527e+14 2.535717e+33
2.152081e+14 2.595213e+33
2.168763e+14 2.656105e+33
2.185575e+14 2.718426e+33
2.202517e+14 2.782209e+33
2.219590e+14 2.847489e+33
2.236795e+14 2.914300e+33
2.254134e+14 2.982679e+33
2.271608e+14 3.052662e+33
2.289217e+14 3.124287e+33
2.306962e+14 3.197593e+33
2.324845e+14 3.272619e+33
2.342866e+14 3.349405e+33
2.361027e+14 3.427993e+33
2.379329e+14 3.508425e+33
2.397773e+14 3.590744e+33
2.416360e+14 3.674995e+33
2.435091e+14 3.761222e+33
2.453967e+14 3.849472e+33
2.472989e+14 3.939793e+33
2.492159e+14 4.032234e+33
2.511478e+14 4.126843e+33
2.530946e+14 4.223672e+33
2.550565e+14 4.322773e+33
2.570336e+14 4.424199e+33
2.590260e+14 4.528005e+33
2.610339e+14 4.634247e+33
2.630574e+14 4.742981e+33
2.650965e+14 4.854267e+33
2.671515e+14 4.968164e+33
2.692224e+14 5.084733e+33
2.713093e+14 5.204037e+33
2.734124e+14 5.326141e+33
2.755318e+14 5.451109e+33
2.776676e+14 5.579010e+33
2.798200e+14 5.709911e+33
2.819891e+14 5.843884e+33
2.841750e+14 5.981001e+33
2.863778e+14 6.121334e+33
2.885977e+14 6.264961e+33
2.908349e+14 6.411957e+33
2.930893e+14 6.562402e+33
