# epsilon [g/cm^3]   P [dyn/cm^2]
1.364583e+14 6.460761e+32
1.375161e+14 6.563159e+32
1.385821e+14 6.667180e+32
1.396563e+14 6.772849e+32
1.407389e+14 6.880193e+32
1.418299e+14 6.989238e+32
1.429293e+14 7.100012e+32
1.440372e+14 7.212541e+32
1.451538e+14 7.326853e+32
1.462789e+14 7.442978e+32
1.474129e+14 7.560943e+32
1.485556e+14 7.680777e+32
1.497071e+14 7.802511e+32
1.508676e+14 7.926175e+32
1.520371e+14 8.051798e+32
1.532156e+14 8.179412e+32
1.544033e+14 8.309049e+32
1.556002e+14 8.440740e+32
1.568063e+14 8.574519e+32
1.580219e+14 8.710418e+32
1.592468e+14 8.848471e+32
1.604812e+14 8.988711e+32
1.617252e+14 9.131175e+32
1.629789e+14 9.275896e+32
1.642422e+14 9.422912e+32
1.655154e+14 9.572257e+32
1.667984e+14 9.723969e+32
1.680914e+14 9.878086e+32
1.693944e+14 1.003465e+33
1.707075e+14 1.019369e+33
1.720307e+14 1.035525e+33
1.733643e+14 1.051937e+33
1.747081e+14 1.068609e+33
1.760624e+14 1.085546e+33
1.774272e+14 1.102751e+33
1.788026e+14 1.120228e+33
1.801886e+14 1.137983e+33
1.815854e+14 1.156019e+33
1.829929e+14 1.174341e+33
1.844114e+14 1.192953e+33
1.858409e+14 1.211861e+33
1.872815e+14 1.231068e+33
1.887333e+14 1.250579e+33
1.901963e+14 1.270400e+33
1.916706e+14 1.290535e+33
1.931564e+14 1.310988e+33
1.946537e+14 1.331766e+33
1.961626e+14 1.352874e+33
1.976832e+14 1.374316e+33
1.992155e+14 1.396098e+33
2.007598e+14 1.418225e+33
2.023160e+14 1.440702e+33
2.038843e+14 1.463536e+33
2.054648e+14 1.486732e+33
2.070575e+14 1.510295e+33
2.086625e+14 1.534232e+33
2.102800e+14 1.558549e+33
2.119100e+14 1.583250e+33
2.135527e+14 1.608343e+33
2.152081e+14 1.633834e+33
2.168763e+14 1.659729e+33
2.185575e+14 1.686035e+33
2.202517e+14 1.712757e+33
2.219590e+14 1.739903e+33
2.236795e+14 1.767479e+33
2.254134e+14 1.795492e+33
2.271608e+14 1.823949e+33
2.289217e+14 1.852857e+33
2.306962e+14 1.882223e+33
2.324845e+14 1.912055e+33
2.342866e+14 1.942359e+33
2.361027e+14 1.973144e+33
2.379329e+14 2.004416e+33
2.397773e+14 2.036185e+33
2.416360e+14 2.068457e+33
2.435091e+14 2.101240e+33
2.453967e+14 2.134543e+33
2.472989e+14 2.168373e+33
2.492159e+14 2.202740e+33
2.511478e+14 2.237652e+33
2.530946e+14 2.273117e+33
2.550565e+14 2.309144e+33
2.570336e+14 2.345742e+33
2.590260e+14 2.382920e+33
2.610339e+14 2.420687e+33
2.630574e+14 2.459053e+33
2.650965e+14 2.498027e+33
2.671515e+14 2.537619e+33
2.692224e+14 2.577838e+33
2.713093e+14 2.618694e+33
2.734124e+14 2.660198e+33
2.755318e+14 2.702360e+33
2.776676e+14 2.745190e+33
2.798200e+14 2.788699e+33
2.819891e+14 2.832898e+33
2.841750e+14 2.877797e+33
2.863778e+14 2.923408e+33
2.885977e+14 2.969741e+33
2.908349e+14 3.016809e+33
2.930893e+14 3.064623e+33
