# epsilon [g/cm^3]   P [dyn/cm^2]
1.364583e+14 6.479049e+32
1.375161e+14 6.588007e+32
1.385821e+14 6.698797e+32
1.396563e+14 6.811450e+32
1.407389e+14 6.925997e+32
1.418299e+14 7.042471e+32
1.429293e+14 7.160904e+32
1.440372e+14 7.281328e+32
1.451538e+14 7.403778e+32
1.462789e+14 7.528286e+32
1.474129e+14 7.654889e+32
1.485556e+14 7.783621e+32
1.497071e+14 7.914517e+32
1.508676e+14 8.047615e+32
1.520371e+14 8.182951e+32
1.532156e+14 8.320563e+32
1.544033e+14 8.460489e+32
1.556002e+14 8.602768e+32
1.568063e+14 8.747440e+32
1.580219e+14 8.894545e+32
1.592468e+14 9.044124e+32
1.604812e+14 9.196218e+32
1.617252e+14 9.350870e+32
1.629789e+14 9.508123e+32
1.642422e+14 9.668020e+32
1.655154e+14 9.830607e+32
1.667984e+14 9.995927e+32
1.680914e+14 1.016403e+33
1.693944e+14 1.033496e+33
1.707075e+14 1.050876e+33
1.720307e+14 1.068548e+33
1.733643e+14 1.086518e+33
1.747081e+14 1.104790e+33
1.760624e+14 1.123369e+33
1.774272e+14 1.142261e+33
1.788026e+14 1.161470e+33
1.801886e+14 1.181002e+33
1.815854e+14 1.200863e+33
1.829929e+14 1.221058e+33
1.844114e+14 1.241592e+33
1.858409e+14 1.262472e+33
1.872815e+14 1.283703e+33
1.887333e+14 1.305291e+33
1.901963e+14 1.327242e+33
1.916706e+14 1.349562e+33
1.931564e+14 1.372257e+33
1.946537e+14 1.395334e+33
1.961626e+14 1.418800e+33
1.976832e+14 1.442660e+33
1.992155e+14 1.466921e+33
2.007598e+14 1.491590e+33
2.023160e+14 1.516674e+33
2.038843e+14 1.542179e+33
2.054648e+14 1.568114e+33
2.070575e+14 1.594485e+33
2.086625e+14 1.621299e+33
2.102800e+14 1.648565e+33
2.119100e+14 1.676288e+33
2.135527e+14 1.704478e+33
2.152081e+14 1.733142e+33
2.168763e+14 1.762288e+33
2.185575e+14 1.791925e+33
2.202517e+14 1.822059e+33
2.219590e+14 1.852701e+33
2.236795e+14 1.883857e+33
2.254134e+14 1.915538e+33
2.271608e+14 1.947752e+33
2.289217e+14 1.980507e+33
2.306962e+14 2.013813e+33
2.324845e+14 2.047679e+33
2.342866e+14 2.082115e+33
2.361027e+14 2.117129e+33
2.379329e+14 2.152733e+33
2.397773e+14 2.188935e+33
2.416360e+14 2.225746e+33
2.435091e+14 2.263176e+33
2.453967e+14 2.301236e+33
2.472989e+14 2.339936e+33
2.492159e+14 2.379286e+33
2.511478e+14 2.419299e+33
2.530946e+14 2.459984e+33
2.550565e+14 2.501353e+33
2.570336e+14 2.543418e+33
2.590260e+14 2.586191e+33
2.610339e+14 2.629682e+33
2.630574e+14 2.673905e+33
2.650965e+14 2.718872e+33
2.671515e+14 2.764595e+33
2.692224e+14 2.811087e+33
2.713093e+14 2.858361e+33
2.734124e+14 2.906430e+33
2.755318e+14 2.955307e+33
2.776676e+14 3.005006e+33
2.798200e+14 3.055541e+33
2.819891e+14 3.106926e+33
2.841750e+14 3.159175e+33
2.863778e+14 3.212302e+33
2.885977e+14 3.266323e+33
2.908349e+14 3.321253e+33
2.930893e+14 3.377106e+33
