# epsilon [g/cm^3]   P [dyn/cm^2]
1.364583e+14 6.450928e+32
1.375161e+14 6.549808e+32
1.385821e+14 6.650203e+32
1.396563e+14 6.752138e+32
1.407389e+14 6.855634e+32
1.418299e+14 6.960718e+32
1.429293e+14 7.067412e+32
1.440372e+14 7.175741e+32
1.451538e+14 7.285731e+32
1.462789e+14 7.397407e+32
1.474129e+14 7.510795e+32
1.485556e+14 7.625920e+32
1.497071e+14 7.742810e+32
1.508676e+14 7.861492e+32
1.520371e+14 7.981994e+32
1.532156e+14 8.104342e+32
1.544033e+14 8.228565e+32
1.556002e+14 8.354693e+32
1.568063e+14 8.482754e+32
1.580219e+14 8.612778e+32
1.592468e+14 8.744794e+32
1.604812e+14 8.878835e+32
1.617252e+14 9.014930e+32
1.629789e+14 9.153111e+32
1.642422e+14 9.293410e+32
1.655154e+14 9.435859e+32
1.667984e+14 9.580492e+32
1.680914e+14 9.727342e+32
1.693944e+14 9.876443e+32
1.707075e+14 1.002783e+33
1.720307e+14 1.018154e+33
1.733643e+14 1.033760e+33
1.747081e+14 1.049605e+33
1.760624e+14 1.065694e+33
1.774272e+14 1.082029e+33
1.788026e+14 1.098614e+33
1.801886e+14 1.115454e+33
1.815854e+14 1.132551e+33
1.829929e+14 1.149911e+33
1.844114e+14 1.167537e+33
1.858409e+14 1.185433e+33
1.872815e+14 1.203603e+33
1.887333e+14 1.222052e+33
1.901963e+14 1.240784e+33
1.916706e+14 1.259803e+33
1.931564e+14 1.279113e+33
1.946537e+14 1.298719e+33
1.961626e+14 1.318626e+33
1.976832e+14 1.338838e+33
1.992155e+14 1.359360e+33
2.007598e+14 1.380196e+33
2.023160e+14 1.401352e+33
2.038843e+14 1.422832e+33
2.054648e+14 1.444641e+33
2.070575e+14 1.466784e+33
2.086625e+14 1.489267e+33
2.102800e+14 1.512095e+33
2.119100e+14 1.535272e+33
2.135527e+14 1.558805e+33
2.152081e+14 1.582698e+33
2.168763e+14 1.606958e+33
2.185575e+14 1.631589e+33
2.202517e+14 1.656598e+33
2.219590e+14 1.681991e+33
2.236795e+14 1.707772e+33
2.254134e+14 1.733949e+33
2.271608e+14 1.760527e+33
2.289217e+14 1.787512e+33
2.306962e+14 1.814911e+33
2.324845e+14 1.842730e+33
2.342866e+14 1.870976e+33
2.361027e+14 1.899654e+33
2.379329e+14 1.928772e+33
2.397773e+14 1.958336e+33
2.416360e+14 1.988354e+33
2.435091e+14 2.018831e+33
2.453967e+14 2.049776e+33
2.472989e+14 2.081195e+33
2.492159e+14 2.113096e+33
2.511478e+14 2.145485e+33
2.530946e+14 2.178371e+33
2.550565e+14 2.211761e+33
2.570336e+14 2.245663e+33
2.590260e+14 2.280085e+33
2.610339e+14 2.315034e+33
2.630574e+14 2.350519e+33
2.650965e+14 2.386548e+33
2.671515e+14 2.423129e+33
2.692224e+14 2.460271e+33
2.713093e+14 2.497982e+33
2.734124e+14 2.536271e+33
2.755318e+14 2.575147e+33
2.776676e+14 2.614619e+33
2.798200e+14 2.654696e+33
2.819891e+14 2.695387e+33
2.841750e+14 2.736702e+33
2.863778e+14 2.778650e+33
2.885977e+14 2.821241e+33
2.908349e+14 2.864485e+33
2.930893e+14 2.908392e+33
