# epsilon [g/cm^3]   P [dyn/cm^2]
1.364583e+14 6.613123e+32
1.375161e+14 6.770894e+32
1.385821e+14 6.932428e+32
1.396563e+14 7.097816e+32
1.407389e+14 7.267150e+32
1.418299e+14 7.440523e+32
1.429293e+14 7.618033e+32
1.440372e+14 7.799778e+32
1.451538e+14 7.985858e+32
1.462789e+14 8.176378e+32
1.474129e+14 8.371443e+32
1.485556e+14 8.571162e+32
1.497071e+14 8.775646e+32
1.508676e+14 8.985008e+32
1.520371e+14 9.199365e+32
1.532156e+14 9.418835e+32
1.544033e+14 9.643542e+32
1.556002e+14 9.873610e+32
1.568063e+14 1.010917e+33
1.580219e+14 1.035034e+33
1.592468e+14 1.059727e+33
1.604812e+14 1.085009e+33
1.617252e+14 1.110894e+33
1.629789e+14 1.137397e+33
1.642422e+14 1.164532e+33
1.655154e+14 1.192315e+33
1.667984e+14 1.220760e+33
1.680914e+14 1.249884e+33
1.693944e+14 1.279703e+33
1.707075e+14 1.310233e+33
1.720307e+14 1.341491e+33
1.733643e+14 1.373495e+33
1.747081e+14 1.406263e+33
1.760624e+14 1.439812e+33
1.774272e+14 1.474162e+33
1.788026e+14 1.509332e+33
1.801886e+14 1.545340e+33
1.815854e+14 1.582207e+33
1.829929e+14 1.619954e+33
1.844114e+14 1.658602e+33
1.858409e+14 1.698171e+33
1.872815e+14 1.738685e+33
1.887333e+14 1.780165e+33
1.901963e+14 1.822635e+33
1.916706e+14 1.866118e+33
1.931564e+14 1.910638e+33
1.946537e+14 1.956220e+33
1.961626e+14 2.002890e+33
1.976832e+14 2.050673e+33
1.992155e+14 2.099597e+33
2.007598e+14 2.149687e+33
2.023160e+14 2.200972e+33
2.038843e+14 2.253481e+33
2.054648e+14 2.307243e+33
2.070575e+14 2.362287e+33
2.086625e+14 2.418645e+33
2.102800e+14 2.476347e+33
2.119100e+14 2.535425e+33
2.135527e+14 2.595913e+33
2.152081e+14 2.657845e+33
2.168763e+14 2.721253e+33
2.185575e+14 2.786175e+33
2.202517e+14 2.852645e+33
2.219590e+14 2.920701e+33
2.236795e+14 2.990380e+33
2.254134e+14 3.061722e+33
2.271608e+14 3.134766e+33
2.289217e+14 3.209553e+33
2.306962e+14 3.286124e+33
2.324845e+14 3.364522e+33
2.342866e+14 3.444789e+33
2.361027e+14 3.526972e+33
2.379329e+14 3.611116e+33
2.397773e+14 3.697267e+33
2.416360e+14 3.785473e+33
2.435091e+14 3.875784e+33
2.453967e+14 3.968249e+33
2.472989e+14 4.062920e+33
2.492159e+14 4.159850e+33
2.511478e+14 4.259092e+33
2.530946e+14 4.360702e+33
2.550565e+14 4.464736e+33
2.570336e+14 4.571252e+33
2.590260e+14 4.680309e+33
2.610339e+14 4.791968e+33
2.630574e+14 4.906291e+33
2.650965e+14 5.023341e+33
2.671515e+14 5.143183e+33
2.692224e+14 5.265885e+33
2.713093e+14 5.391514e+33
2.734124e+14 5.520140e+33
2.755318e+14 5.651835e+33
2.776676e+14 5.786672e+33
2.798200e+14 5.924726e+33
2.819891e+14 6.066073e+33
2.841750e+14 6.210792e+33
2.863778e+14 6.358964e+33
2.885977e+14 6.510671e+33
2.908349e+14 6.665997e+33
2.930893e+14 6.825029e+33
