# epsilon [g/cm^3]   P [dyn/cm^2]
1.364583e+14 6.492245e+32
1.375161e+14 6.605951e+32
1.385821e+14 6.721648e+32
1.396563e+14 6.839371e+32
1.407389e+14 6.959157e+32
1.418299e+14 7.081040e+32
1.429293e+14 7.205058e+32
1.440372e+14 7.331248e+32
1.451538e+14 7.459648e+32
1.462789e+14 7.590297e+32
1.474129e+14 7.723234e+32
1.485556e+14 7.858499e+32
1.497071e+14 7.996134e+32
1.508676e+14 8.136179e+32
1.520371e+14 8.278677e+32
1.532156e+14 8.423670e+32
1.544033e+14 8.571203e+32
1.556002e+14 8.721320e+32
1.568063e+14 8.874066e+32
1.580219e+14 9.029487e+32
1.592468e+14 9.187630e+32
1.604812e+14 9.348543e+32
1.617252e+14 9.512274e+32
1.629789e+14 9.678873e+32
1.642422e+14 9.848390e+32
1.655154e+14 1.002088e+33
1.667984e+14 1.019638e+33
1.680914e+14 1.037496e+33
1.693944e+14 1.055667e+33
1.707075e+14 1.074156e+33
1.720307e+14 1.092969e+33
1.733643e+14 1.112111e+33
1.747081e+14 1.131589e+33
1.760624e+14 1.151408e+33
1.774272e+14 1.171573e+33
1.788026e+14 1.192093e+33
1.801886e+14 1.212971e+33
1.815854e+14 1.234215e+33
1.829929e+14 1.255831e+33
1.844114e+14 1.277826e+33
1.858409e+14 1.300206e+33
1.872815e+14 1.322978e+33
1.887333e+14 1.346149e+33
1.901963e+14 1.369725e+33
1.916706e+14 1.393715e+33
1.931564e+14 1.418124e+33
1.946537e+14 1.442961e+33
1.961626e+14 1.468234e+33
1.976832e+14 1.493948e+33
1.992155e+14 1.520113e+33
2.007598e+14 1.546737e+33
2.023160e+14 1.573826e+33
2.038843e+14 1.601391e+33
2.054648e+14 1.629438e+33
2.070575e+14 1.657976e+33
2.086625e+14 1.687014e+33
2.102800e+14 1.716560e+33
2.119100e+14 1.746624e+33
2.135527e+14 1.777215e+33
2.152081e+14 1.808341e+33
2.168763e+14 1.840012e+33
2.185575e+14 1.872238e+33
2.202517e+14 1.905029e+33
2.219590e+14 1.938394e+33
2.236795e+14 1.972343e+33
2.254134e+14 2.006887e+33
2.271608e+14 2.042036e+33
2.289217e+14 2.077800e+33
2.306962e+14 2.114191e+33
2.324845e+14 2.151219e+33
2.342866e+14 2.188896e+33
2.361027e+14 2.227232e+33
2.379329e+14 2.266240e+33
2.397773e+14 2.305931e+33
2.416360e+14 2.346317e+33
2.435091e+14 2.387411e+33
2.453967e+14 2.429224e+33
2.472989e+14 2.471770e+33
2.492159e+14 2.515061e+33
2.511478e+14 2.559110e+33
2.530946e+14 2.603930e+33
2.550565e+14 2.649536e+33
2.570336e+14 2.695940e+33
2.590260e+14 2.743157e+33
2.610339e+14 2.791201e+33
2.630574e+14 2.840086e+33
2.650965e+14 2.889828e+33
2.671515e+14 2.940440e+33
2.692224e+14 2.991939e+33
2.713093e+14 3.044340e+33
2.734124e+14 3.097659e+33
2.755318e+14 3.151912e+33
2.776676e+14 3.207115e+33
2.798200e+14 3.263285e+33
2.819891e+14 3.320438e+33
2.841750e+14 3.378592e+33
2.863778e+14 3.437765e+33
2.885977e+14 3.497975e+33
2.908349e+14 3.559239e+33
2.930893e+14 3.621575e+33
