# epsilon [g/cm^3]   P [dyn/cm^2]
1.364583e+14 6.537369e+32
1.375161e+14 6.667404e+32
1.385821e+14 6.800025e+32
1.396563e+14 6.935285e+32
1.407389e+14 7.073235e+32
1.418299e+14 7.213929e+32
1.429293e+14 7.357421e+32
1.440372e+14 7.503768e+32
1.451538e+14 7.653026e+32
1.462789e+14 7.805252e+32
1.474129e+14 7.960507e+32
1.485556e+14 8.118849e+32
1.497071e+14 8.280342e+32
1.508676e+14 8.445046e+32
1.520371e+14 8.613027e+32
1.532156e+14 8.784349e+32
1.544033e+14 8.959079e+32
1.556002e+14 9.137284e+32
1.568063e+14 9.319034e+32
1.580219e+14 9.504399e+32
1.592468e+14 9.693452e+32
1.604812e+14 9.886264e+32
1.617252e+14 1.008291e+33
1.629789e+14 1.028347e+33
1.642422e+14 1.048802e+33
1.655154e+14 1.069664e+33
1.667984e+14 1.090941e+33
1.680914e+14 1.112640e+33
1.693944e+14 1.134772e+33
1.707075e+14 1.157344e+33
1.720307e+14 1.180365e+33
1.733643e+14 1.203843e+33
1.747081e+14 1.227789e+33
1.760624e+14 1.252211e+33
1.774272e+14 1.277119e+33
1.788026e+14 1.302522e+33
1.801886e+14 1.328430e+33
1.815854e+14 1.354854e+33
1.829929e+14 1.381804e+33
1.844114e+14 1.409289e+33
1.858409e+14 1.437322e+33
1.872815e+14 1.465911e+33
1.887333e+14 1.495070e+33
1.901963e+14 1.524808e+33
1.916706e+14 1.555138e+33
1.931564e+14 1.586072e+33
1.946537e+14 1.617620e+33
1.961626e+14 1.649796e+33
1.976832e+14 1.682613e+33
1.992155e+14 1.716081e+33
2.007598e+14 1.750216e+33
2.023160e+14 1.785030e+33
2.038843e+14 1.820536e+33
2.054648e+14 1.856748e+33
2.070575e+14 1.893681e+33
2.086625e+14 1.931348e+33
2.102800e+14 1.969764e+33
2.119100e+14 2.008945e+33
2.135527e+14 2.048905e+33
2.152081e+14 2.089660e+33
2.168763e+14 2.131225e+33
2.185575e+14 2.173618e+33
2.202517e+14 2.216853e+33
2.219590e+14 2.260949e+33
2.236795e+14 2.305921e+33
2.254134e+14 2.351789e+33
2.271608e+14 2.398568e+33
2.289217e+14 2.446278e+33
2.306962e+14 2.494937e+33
2.324845e+14 2.544564e+33
2.342866e+14 2.595178e+33
2.361027e+14 2.646799e+33
2.379329e+14 2.699446e+33
2.397773e+14 2.753141e+33
2.416360e+14 2.807904e+33
2.435091e+14 2.863756e+33
2.453967e+14 2.920719e+33
2.472989e+14 2.978815e+33
2.492159e+14 3.038067e+33
2.511478e+14 3.098497e+33
2.530946e+14 3.160129e+33
2.550565e+14 3.222988e+33
2.570336e+14 3.287096e+33
2.590260e+14 3.352480e+33
2.610339e+14 3.419164e+33
2.630574e+14 3.487175e+33
2.650965e+14 3.556539e+33
2.671515e+14 3.627282e+33
2.692224e+14 3.699432e+33
2.713093e+14 3.773018e+33
2.734124e+14 3.848067e+33
2.755318e+14 3.924609e+33
2.776676e+14 4.002673e+33
2.798200e+14 4.082291e+33
2.819891e+14 4.163492e+33
2.841750e+14 4.246308e+33
2.863778e+14 4.330771e+33
2.885977e+14 4.416915e+33
2.908349e+14 4.504772e+33
2.930893e+14 4.594376e+33
