# epsilon [g/cm^3]   P [dyn/cm^2]
1.364583e+14 6.513584e+32
1.375161e+14 6.634995e+32
1.385821e+14 6.758668e+32
1.396563e+14 6.884646e+32
1.407389e+14 7.012973e+32
1.418299e+14 7.143691e+32
1.429293e+14 7.276847e+32
1.440372e+14 7.412484e+32
1.451538e+14 7.550649e+32
1.462789e+14 7.691389e+32
1.474129e+14 7.834753e+32
1.485556e+14 7.980790e+32
1.497071e+14 8.129548e+32
1.508676e+14 8.281079e+32
1.520371e+14 8.435434e+32
1.532156e+14 8.592667e+32
1.544033e+14 8.752830e+32
1.556002e+14 8.915979e+32
1.568063e+14 9.082168e+32
1.580219e+14 9.251456e+32
1.592468e+14 9.423899e+32
1.604812e+14 9.599556e+32
1.617252e+14 9.778487e+32
1.629789e+14 9.960754e+32
1.642422e+14 1.014642e+33
1.655154e+14 1.033554e+33
1.667984e+14 1.052819e+33
1.680914e+14 1.072443e+33
1.693944e+14 1.092433e+33
1.707075e+14 1.112796e+33
1.720307e+14 1.133537e+33
1.733643e+14 1.154666e+33
1.747081e+14 1.176189e+33
1.760624e+14 1.198112e+33
1.774272e+14 1.220444e+33
1.788026e+14 1.243193e+33
1.801886e+14 1.266365e+33
1.815854e+14 1.289970e+33
1.829929e+14 1.314014e+33
1.844114e+14 1.338507e+33
1.858409e+14 1.363456e+33
1.872815e+14 1.388870e+33
1.887333e+14 1.414758e+33
1.901963e+14 1.441129e+33
1.916706e+14 1.467991e+33
1.931564e+14 1.495353e+33
1.946537e+14 1.523226e+33
1.961626e+14 1.551618e+33
1.976832e+14 1.580540e+33
1.992155e+14 1.610000e+33
2.007598e+14 1.640010e+33
2.023160e+14 1.670579e+33
2.038843e+14 1.701718e+33
2.054648e+14 1.733437e+33
2.070575e+14 1.765747e+33
2.086625e+14 1.798660e+33
2.102800e+14 1.832186e+33
2.119100e+14 1.866337e+33
2.135527e+14 1.901125e+33
2.152081e+14 1.936561e+33
2.168763e+14 1.972658e+33
2.185575e+14 2.009427e+33
2.202517e+14 2.046882e+33
2.219590e+14 2.085035e+33
2.236795e+14 2.123899e+33
2.254134e+14 2.163487e+33
2.271608e+14 2.203814e+33
2.289217e+14 2.244892e+33
2.306962e+14 2.286736e+33
2.324845e+14 2.329359e+33
2.342866e+14 2.372778e+33
2.361027e+14 2.417005e+33
2.379329e+14 2.462057e+33
2.397773e+14 2.507948e+33
2.416360e+14 2.554695e+33
2.435091e+14 2.602314e+33
2.453967e+14 2.650820e+33
2.472989e+14 2.700230e+33
2.492159e+14 2.750561e+33
2.511478e+14 2.801830e+33
2.530946e+14 2.854055e+33
2.550565e+14 2.907253e+33
2.570336e+14 2.961443e+33
2.590260e+14 3.016643e+33
2.610339e+14 3.072872e+33
2.630574e+14 3.130148e+33
2.650965e+14 3.188493e+33
2.671515e+14 3.247925e+33
2.692224e+14 3.308465e+33
2.713093e+14 3.370133e+33
2.734124e+14 3.432951e+33
2.755318e+14 3.496939e+33
2.776676e+14 3.562121e+33
2.798200e+14 3.628517e+33
2.819891e+14 3.696151e+33
2.841750e+14 3.765045e+33
2.863778e+14 3.835224e+33
2.885977e+14 3.906711e+33
2.908349e+14 3.979530e+33
2.930893e+14 4.053707e+33
