# epsilon [g/cm^3]   P [dyn/cm^2]
1.364583e+14 6.441763e+32
1.375161e+14 6.537371e+32
1.385821e+14 6.634397e+32
1.396563e+14 6.732864e+32
1.407389e+14 6.832792e+32
1.418299e+14 6.934204e+32
1.429293e+14 7.037120e+32
1.440372e+14 7.141564e+32
1.451538e+14 7.247558e+32
1.462789e+14 7.355126e+32
1.474129e+14 7.464289e+32
1.485556e+14 7.575073e+32
1.497071e+14 7.687501e+32
1.508676e+14 7.801598e+32
1.520371e+14 7.917388e+32
1.532156e+14 8.034897e+32
1.544033e+14 8.154150e+32
1.556002e+14 8.275173e+32
1.568063e+14 8.397992e+32
1.580219e+14 8.522634e+32
1.592468e+14 8.649125e+32
1.604812e+14 8.777495e+32
1.617252e+14 8.907769e+32
1.629789e+14 9.039977e+32
1.642422e+14 9.174147e+32
1.655154e+14 9.310308e+32
1.667984e+14 9.448491e+32
1.680914e+14 9.588724e+32
1.693944e+14 9.731038e+32
1.707075e+14 9.875465e+32
1.720307e+14 1.002204e+33
1.733643e+14 1.017078e+33
1.747081e+14 1.032173e+33
1.760624e+14 1.047493e+33
1.774272e+14 1.063040e+33
1.788026e+14 1.078817e+33
1.801886e+14 1.094829e+33
1.815854e+14 1.111078e+33
1.829929e+14 1.127568e+33
1.844114e+14 1.144304e+33
1.858409e+14 1.161287e+33
1.872815e+14 1.178523e+33
1.887333e+14 1.196014e+33
1.901963e+14 1.213765e+33
1.916706e+14 1.231780e+33
1.931564e+14 1.250062e+33
1.946537e+14 1.268615e+33
1.961626e+14 1.287444e+33
1.976832e+14 1.306552e+33
1.992155e+14 1.325944e+33
2.007598e+14 1.345623e+33
2.023160e+14 1.365595e+33
2.038843e+14 1.385863e+33
2.054648e+14 1.406431e+33
2.070575e+14 1.427305e+33
2.086625e+14 1.448489e+33
2.102800e+14 1.469987e+33
2.119100e+14 1.491805e+33
2.135527e+14 1.513946e+33
2.152081e+14 1.536416e+33
2.168763e+14 1.559219e+33
2.185575e+14 1.582361e+33
2.202517e+14 1.605846e+33
2.219590e+14 1.629680e+33
2.236795e+14 1.653867e+33
2.254134e+14 1.678414e+33
2.271608e+14 1.703324e+33
2.289217e+14 1.728605e+33
2.306962e+14 1.754261e+33
2.324845e+14 1.780297e+33
2.342866e+14 1.806720e+33
2.361027e+14 1.833535e+33
2.379329e+14 1.860748e+33
2.397773e+14 1.888365e+33
2.416360e+14 1.916392e+33
2.435091e+14 1.944835e+33
2.453967e+14 1.973700e+33
2.472989e+14 2.002993e+33
2.492159e+14 2.032721e+33
2.511478e+14 2.062891e+33
2.530946e+14 2.093508e+33
2.550565e+14 2.124579e+33
2.570336e+14 2.156112e+33
2.590260e+14 2.188113e+33
2.610339e+14 2.220589e+33
2.630574e+14 2.253546e+33
2.650965e+14 2.286993e+33
2.671515e+14 2.320936e+33
2.692224e+14 2.355383e+33
2.713093e+14 2.390342e+33
2.734124e+14 2.425819e+33
2.755318e+14 2.461822e+33
2.776676e+14 2.498360e+33
2.798200e+14 2.535441e+33
2.819891e+14 2.573071e+33
2.841750e+14 2.611261e+33
2.863778e+14 2.650016e+33
2.885977e+14 2.689348e+33
2.908349e+14 2.729263e+33
2.930893e+14 2.769770e+33
