# epsilon [g/cm^3]   P [dyn/cm^2]
1.364583e+14 6.477479e+32
1.375161e+14 6.585873e+32
1.385821e+14 6.696080e+32
1.396563e+14 6.808132e+32
1.407389e+14 6.922058e+32
1.418299e+14 7.037891e+32
1.429293e+14 7.155663e+32
1.440372e+14 7.275405e+32
1.451538e+14 7.397151e+32
1.462789e+14 7.520934e+32
1.474129e+14 7.646789e+32
1.485556e+14 7.774749e+32
1.497071e+14 7.904851e+32
1.508676e+14 8.037130e+32
1.520371e+14 8.171623e+32
1.532156e+14 8.308366e+32
1.544033e+14 8.447397e+32
1.556002e+14 8.588755e+32
1.568063e+14 8.732479e+32
1.580219e+14 8.878607e+32
1.592468e+14 9.027181e+32
1.604812e+14 9.178241e+32
1.617252e+14 9.331829e+32
1.629789e+14 9.487987e+32
1.642422e+14 9.646758e+32
1.655154e+14 9.808186e+32
1.667984e+14 9.972315e+32
1.680914e+14 1.013919e+33
1.693944e+14 1.030886e+33
1.707075e+14 1.048137e+33
1.720307e+14 1.065676e+33
1.733643e+14 1.083509e+33
1.747081e+14 1.101640e+33
1.760624e+14 1.120075e+33
1.774272e+14 1.138818e+33
1.788026e+14 1.157875e+33
1.801886e+14 1.177251e+33
1.815854e+14 1.196951e+33
1.829929e+14 1.216981e+33
1.844114e+14 1.237345e+33
1.858409e+14 1.258051e+33
1.872815e+14 1.279103e+33
1.887333e+14 1.300508e+33
1.901963e+14 1.322270e+33
1.916706e+14 1.344397e+33
1.931564e+14 1.366894e+33
1.946537e+14 1.389767e+33
1.961626e+14 1.413024e+33
1.976832e+14 1.436669e+33
1.992155e+14 1.460710e+33
2.007598e+14 1.485153e+33
2.023160e+14 1.510006e+33
2.038843e+14 1.535274e+33
2.054648e+14 1.560965e+33
2.070575e+14 1.587086e+33
2.086625e+14 1.613644e+33
2.102800e+14 1.640647e+33
2.119100e+14 1.668101e+33
2.135527e+14 1.696015e+33
2.152081e+14 1.724396e+33
2.168763e+14 1.753252e+33
2.185575e+14 1.782591e+33
2.202517e+14 1.812421e+33
2.219590e+14 1.842749e+33
2.236795e+14 1.873586e+33
2.254134e+14 1.904938e+33
2.271608e+14 1.936815e+33
2.289217e+14 1.969226e+33
2.306962e+14 2.002179e+33
2.324845e+14 2.035683e+33
2.342866e+14 2.069748e+33
2.361027e+14 2.104383e+33
2.379329e+14 2.139597e+33
2.397773e+14 2.175401e+33
2.416360e+14 2.211804e+33
2.435091e+14 2.248816e+33
2.453967e+14 2.286448e+33
2.472989e+14 2.324709e+33
2.492159e+14 2.363610e+33
2.511478e+14 2.403163e+33
2.530946e+14 2.443377e+33
2.550565e+14 2.484264e+33
2.570336e+14 2.525836e+33
2.590260e+14 2.568103e+33
2.610339e+14 2.611077e+33
2.630574e+14 2.654771e+33
2.650965e+14 2.699195e+33
2.671515e+14 2.744364e+33
2.692224e+14 2.790287e+33
2.713093e+14 2.836980e+33
2.734124e+14 2.884454e+33
2.755318e+14 2.932722e+33
2.776676e+14 2.981798e+33
2.798200e+14 3.031695e+33
2.819891e+14 3.082427e+33
2.841750e+14 3.134008e+33
2.863778e+14 3.186452e+33
2.885977e+14 3.239774e+33
2.908349e+14 3.293988e+33
2.930893e+14 3.349109e+33
