# epsilon [g/cm^3]   P [dyn/cm^2]
1.364583e+14 6.558607e+32
1.375161e+14 6.696378e+32
1.385821e+14 6.837042e+32
1.396563e+14 6.980661e+32
1.407389e+14 7.127297e+32
1.418299e+14 7.277013e+32
1.429293e+14 7.429875e+32
1.440372e+14 7.585947e+32
1.451538e+14 7.745298e+32
1.462789e+14 7.907996e+32
1.474129e+14 8.074111e+32
1.485556e+14 8.243716e+32
1.497071e+14 8.416884e+32
1.508676e+14 8.593690e+32
1.520371e+14 8.774209e+32
1.532156e+14 8.958521e+32
1.544033e+14 9.146704e+32
1.556002e+14 9.338840e+32
1.568063e+14 9.535012e+32
1.580219e+14 9.735304e+32
1.592468e+14 9.939805e+32
1.604812e+14 1.014860e+33
1.617252e+14 1.036178e+33
1.629789e+14 1.057944e+33
1.642422e+14 1.080167e+33
1.655154e+14 1.102858e+33
1.667984e+14 1.126024e+33
1.680914e+14 1.149677e+33
1.693944e+14 1.173828e+33
1.707075e+14 1.198485e+33
1.720307e+14 1.223661e+33
1.733643e+14 1.249365e+33
1.747081e+14 1.275609e+33
1.760624e+14 1.302405e+33
1.774272e+14 1.329763e+33
1.788026e+14 1.357696e+33
1.801886e+14 1.386216e+33
1.815854e+14 1.415335e+33
1.829929e+14 1.445065e+33
1.844114e+14 1.475420e+33
1.858409e+14 1.506413e+33
1.872815e+14 1.538057e+33
1.887333e+14 1.570365e+33
1.901963e+14 1.603352e+33
1.916706e+14 1.637033e+33
1.931564e+14 1.671420e+33
1.946537e+14 1.706530e+33
1.961626e+14 1.742377e+33
1.976832e+14 1.778978e+33
1.992155e+14 1.816347e+33
2.007598e+14 1.854501e+33
2.023160e+14 1.893457e+33
2.038843e+14 1.933231e+33
2.054648e+14 1.973841e+33
2.070575e+14 2.015303e+33
2.086625e+14 2.057637e+33
2.102800e+14 2.100860e+33
2.119100e+14 2.144990e+33
2.135527e+14 2.190048e+33
2.152081e+14 2.236052e+33
2.168763e+14 2.283023e+33
2.185575e+14 2.330980e+33
2.202517e+14 2.379945e+33
2.219590e+14 2.429938e+33
2.236795e+14 2.480982e+33
2.254134e+14 2.533097e+33
2.271608e+14 2.586308e+33
2.289217e+14 2.640636e+33
2.306962e+14 2.696105e+33
2.324845e+14 2.752739e+33
2.342866e+14 2.810564e+33
2.361027e+14 2.869602e+33
2.379329e+14 2.929881e+33
2.397773e+14 2.991427e+33
2.416360e+14 3.054265e+33
2.435091e+14 3.118423e+33
2.453967e+14 3.183928e+33
2.472989e+14 3.250810e+33
2.492159e+14 3.319097e+33
2.511478e+14 3.388818e+33
2.530946e+14 3.460003e+33
2.550565e+14 3.532684e+33
2.570336e+14 3.606892e+33
2.590260e+14 3.682659e+33
2.610339e+14 3.760017e+33
2.630574e+14 3.839000e+33
2.650965e+14 3.919642e+33
2.671515e+14 4.001978e+33
2.692224e+14 4.086044e+33
2.713093e+14 4.171875e+33
2.734124e+14 4.259510e+33
2.755318e+14 4.348985e+33
2.776676e+14 4.440340e+33
2.798200e+14 4.533614e+33
2.819891e+14 4.628848e+33
2.841750e+14 4.726081e+33
2.863778e+14 4.825358e+33
2.885977e+14 4.926719e+33
2.908349e+14 5.030210e+33
2.930893e+14 5.135875e+33
