# epsilon [g/cm^3]   P [dyn/cm^2]
1.364583e+14 6.522236e+32
1.375161e+14 6.646779e+32
1.385821e+14 6.773701e+32
1.396563e+14 6.903045e+32
1.407389e+14 7.034860e+32
1.418299e+14 7.169192e+32
1.429293e+14 7.306088e+32
1.440372e+14 7.445599e+32
1.451538e+14 7.587774e+32
1.462789e+14 7.732663e+32
1.474129e+14 7.880320e+32
1.485556e+14 8.030795e+32
1.497071e+14 8.184145e+32
1.508676e+14 8.340422e+32
1.520371e+14 8.499683e+32
1.532156e+14 8.661986e+32
1.544033e+14 8.827388e+32
1.556002e+14 8.995948e+32
1.568063e+14 9.167727e+32
1.580219e+14 9.342786e+32
1.592468e+14 9.521188e+32
1.604812e+14 9.702996e+32
1.617252e+14 9.888276e+32
1.629789e+14 1.007709e+33
1.642422e+14 1.026952e+33
1.655154e+14 1.046562e+33
1.667984e+14 1.066546e+33
1.680914e+14 1.086912e+33
1.693944e+14 1.107666e+33
1.707075e+14 1.128817e+33
1.720307e+14 1.150372e+33
1.733643e+14 1.172339e+33
1.747081e+14 1.194725e+33
1.760624e+14 1.217538e+33
1.774272e+14 1.240787e+33
1.788026e+14 1.264480e+33
1.801886e+14 1.288626e+33
1.815854e+14 1.313232e+33
1.829929e+14 1.338309e+33
1.844114e+14 1.363864e+33
1.858409e+14 1.389907e+33
1.872815e+14 1.416447e+33
1.887333e+14 1.443495e+33
1.901963e+14 1.471058e+33
1.916706e+14 1.499149e+33
1.931564e+14 1.527775e+33
1.946537e+14 1.556948e+33
1.961626e+14 1.586678e+33
1.976832e+14 1.616976e+33
1.992155e+14 1.647852e+33
2.007598e+14 1.679318e+33
2.023160e+14 1.711385e+33
2.038843e+14 1.744064e+33
2.054648e+14 1.777367e+33
2.070575e+14 1.811307e+33
2.086625e+14 1.845894e+33
2.102800e+14 1.881141e+33
2.119100e+14 1.917062e+33
2.135527e+14 1.953669e+33
2.152081e+14 1.990974e+33
2.168763e+14 2.028992e+33
2.185575e+14 2.067736e+33
2.202517e+14 2.107220e+33
2.219590e+14 2.147457e+33
2.236795e+14 2.188463e+33
2.254134e+14 2.230252e+33
2.271608e+14 2.272839e+33
2.289217e+14 2.316239e+33
2.306962e+14 2.360468e+33
2.324845e+14 2.405542e+33
2.342866e+14 2.451476e+33
2.361027e+14 2.498287e+33
2.379329e+14 2.545992e+33
2.397773e+14 2.594608e+33
2.416360e+14 2.644153e+33
2.435091e+14 2.694643e+33
2.453967e+14 2.746098e+33
2.472989e+14 2.798535e+33
2.492159e+14 2.851973e+33
2.511478e+14 2.906432e+33
2.530946e+14 2.961931e+33
2.550565e+14 3.018490e+33
2.570336e+14 3.076128e+33
2.590260e+14 3.134867e+33
2.610339e+14 3.194728e+33
2.630574e+14 3.255732e+33
2.650965e+14 3.317900e+33
2.671515e+14 3.381256e+33
2.692224e+14 3.445822e+33
2.713093e+14 3.511620e+33
2.734124e+14 3.578675e+33
2.755318e+14 3.647010e+33
2.776676e+14 3.716650e+33
2.798200e+14 3.787620e+33
2.819891e+14 3.859945e+33
2.841750e+14 3.933652e+33
2.863778e+14 4.008765e+33
2.885977e+14 4.085313e+33
2.908349e+14 4.163323e+33
2.930893e+14 4.242822e+33
