# epsilon [g/cm^3]   P [dyn/cm^2]
1.364583e+14 6.496611e+32
1.375161e+14 6.611891e+32
1.385821e+14 6.729216e+32
1.396563e+14 6.848623e+32
1.407389e+14 6.970149e+32
1.418299e+14 7.093832e+32
1.429293e+14 7.219709e+32
1.440372e+14 7.347819e+32
1.451538e+14 7.478203e+32
1.462789e+14 7.610901e+32
1.474129e+14 7.745953e+32
1.485556e+14 7.883402e+32
1.497071e+14 8.023289e+32
1.508676e+14 8.165659e+32
1.520371e+14 8.310555e+32
1.532156e+14 8.458022e+32
1.544033e+14 8.608107e+32
1.556002e+14 8.760854e+32
1.568063e+14 8.916311e+32
1.580219e+14 9.074528e+32
1.592468e+14 9.235551e+32
1.604812e+14 9.399432e+32
1.617252e+14 9.566221e+32
1.629789e+14 9.735970e+32
1.642422e+14 9.908730e+32
1.655154e+14 1.008456e+33
1.667984e+14 1.026350e+33
1.680914e+14 1.044562e+33
1.693944e+14 1.063098e+33
1.707075e+14 1.081962e+33
1.720307e+14 1.101161e+33
1.733643e+14 1.120701e+33
1.747081e+14 1.140587e+33
1.760624e+14 1.160826e+33
1.774272e+14 1.181424e+33
1.788026e+14 1.202388e+33
1.801886e+14 1.223724e+33
1.815854e+14 1.245439e+33
1.829929e+14 1.267538e+33
1.844114e+14 1.290030e+33
1.858409e+14 1.312921e+33
1.872815e+14 1.336219e+33
1.887333e+14 1.359929e+33
1.901963e+14 1.384061e+33
1.916706e+14 1.408620e+33
1.931564e+14 1.433616e+33
1.946537e+14 1.459055e+33
1.961626e+14 1.484945e+33
1.976832e+14 1.511295e+33
1.992155e+14 1.538112e+33
2.007598e+14 1.565405e+33
2.023160e+14 1.593182e+33
2.038843e+14 1.621453e+33
2.054648e+14 1.650225e+33
2.070575e+14 1.679507e+33
2.086625e+14 1.709309e+33
2.102800e+14 1.739640e+33
2.119100e+14 1.770510e+33
2.135527e+14 1.801927e+33
2.152081e+14 1.833901e+33
2.168763e+14 1.866443e+33
2.185575e+14 1.899562e+33
2.202517e+14 1.933269e+33
2.219590e+14 1.967574e+33
2.236795e+14 2.002488e+33
2.254134e+14 2.038021e+33
2.271608e+14 2.074185e+33
2.289217e+14 2.110990e+33
2.306962e+14 2.148449e+33
2.324845e+14 2.186572e+33
2.342866e+14 2.225372e+33
2.361027e+14 2.264860e+33
2.379329e+14 2.305049e+33
2.397773e+14 2.345952e+33
2.416360e+14 2.387579e+33
2.435091e+14 2.429946e+33
2.453967e+14 2.473064e+33
2.472989e+14 2.516948e+33
2.492159e+14 2.561610e+33
2.511478e+14 2.607065e+33
2.530946e+14 2.653326e+33
2.550565e+14 2.700408e+33
2.570336e+14 2.748326e+33
2.590260e+14 2.797094e+33
2.610339e+14 2.846727e+33
2.630574e+14 2.897241e+33
2.650965e+14 2.948651e+33
2.671515e+14 3.000974e+33
2.692224e+14 3.054225e+33
2.713093e+14 3.108421e+33
2.734124e+14 3.163578e+33
2.755318e+14 3.219715e+33
2.776676e+14 3.276847e+33
2.798200e+14 3.334993e+33
2.819891e+14 3.394171e+33
2.841750e+14 3.454399e+33
2.863778e+14 3.515696e+33
2.885977e+14 3.578081e+33
2.908349e+14 3.641572e+33
2.930893e+14 3.706191e+33
