# epsilon [g/cm^3]   P [dyn/cm^2]
1.364583e+14 6.569581e+32
1.375161e+14 6.711360e+32
1.385821e+14 6.856200e+32
1.396563e+14 7.004165e+32
1.407389e+14 7.155323e+32
1.418299e+14 7.309744e+32
1.429293e+14 7.467497e+32
1.440372e+14 7.628654e+32
1.451538e+14 7.793290e+32
1.462789e+14 7.961479e+32
1.474129e+14 8.133297e+32
1.485556e+14 8.308823e+32
1.497071e+14 8.488138e+32
1.508676e+14 8.671322e+32
1.520371e+14 8.858460e+32
1.532156e+14 9.049636e+32
1.544033e+14 9.244938e+32
1.556002e+14 9.444455e+32
1.568063e+14 9.648278e+32
1.580219e+14 9.856500e+32
1.592468e+14 1.006921e+33
1.604812e+14 1.028652e+33
1.617252e+14 1.050852e+33
1.629789e+14 1.073530e+33
1.642422e+14 1.096698e+33
1.655154e+14 1.120366e+33
1.667984e+14 1.144545e+33
1.680914e+14 1.169246e+33
1.693944e+14 1.194480e+33
1.707075e+14 1.220258e+33
1.720307e+14 1.246593e+33
1.733643e+14 1.273496e+33
1.747081e+14 1.300979e+33
1.760624e+14 1.329056e+33
1.774272e+14 1.357739e+33
1.788026e+14 1.387040e+33
1.801886e+14 1.416974e+33
1.815854e+14 1.447554e+33
1.829929e+14 1.478794e+33
1.844114e+14 1.510708e+33
1.858409e+14 1.543311e+33
1.872815e+14 1.576618e+33
1.887333e+14 1.610643e+33
1.901963e+14 1.645403e+33
1.916706e+14 1.680913e+33
1.931564e+14 1.717189e+33
1.946537e+14 1.754248e+33
1.961626e+14 1.792106e+33
1.976832e+14 1.830782e+33
1.992155e+14 1.870293e+33
2.007598e+14 1.910656e+33
2.023160e+14 1.951890e+33
2.038843e+14 1.994014e+33
2.054648e+14 2.037048e+33
2.070575e+14 2.081010e+33
2.086625e+14 2.125920e+33
2.102800e+14 2.171800e+33
2.119100e+14 2.218670e+33
2.135527e+14 2.266552e+33
2.152081e+14 2.315467e+33
2.168763e+14 2.365437e+33
2.185575e+14 2.416486e+33
2.202517e+14 2.468637e+33
2.219590e+14 2.521913e+33
2.236795e+14 2.576339e+33
2.254134e+14 2.631940e+33
2.271608e+14 2.688740e+33
2.289217e+14 2.746767e+33
2.306962e+14 2.806045e+33
2.324845e+14 2.866603e+33
2.342866e+14 2.928468e+33
2.361027e+14 2.991668e+33
2.379329e+14 3.056231e+33
2.397773e+14 3.122189e+33
2.416360e+14 3.189569e+33
2.435091e+14 3.258404e+33
2.453967e+14 3.328724e+33
2.472989e+14 3.400562e+33
2.492159e+14 3.473950e+33
2.511478e+14 3.548922e+33
2.530946e+14 3.625512e+33
2.550565e+14 3.703755e+33
2.570336e+14 3.783687e+33
2.590260e+14 3.865343e+33
2.610339e+14 3.948762e+33
2.630574e+14 4.033981e+33
2.650965e+14 4.121040e+33
2.671515e+14 4.209977e+33
2.692224e+14 4.300833e+33
2.713093e+14 4.393650e+33
2.734124e+14 4.488470e+33
2.755318e+14 4.585337e+33
2.776676e+14 4.684294e+33
2.798200e+14 4.785387e+33
2.819891e+14 4.888661e+33
2.841750e+14 4.994165e+33
2.863778e+14 5.101945e+33
2.885977e+14 5.212051e+33
2.908349e+14 5.324533e+33
2.930893e+14 5.439443e+33
