# epsilon [g/cm^3]   P [dyn/cm^2]
1.364583e+14 6.479702e+32
1.375161e+14 6.588895e+32
1.385821e+14 6.699927e+32
1.396563e+14 6.812831e+32
1.407389e+14 6.927637e+32
1.418299e+14 7.044378e+32
1.429293e+14 7.163086e+32
1.440372e+14 7.283794e+32
1.451538e+14 7.406536e+32
1.462789e+14 7.531347e+32
1.474129e+14 7.658261e+32
1.485556e+14 7.787314e+32
1.497071e+14 7.918542e+32
1.508676e+14 8.051981e+32
1.520371e+14 8.187668e+32
1.532156e+14 8.325642e+32
1.544033e+14 8.465941e+32
1.556002e+14 8.608605e+32
1.568063e+14 8.753672e+32
1.580219e+14 8.901184e+32
1.592468e+14 9.051182e+32
1.604812e+14 9.203708e+32
1.617252e+14 9.358804e+32
1.629789e+14 9.516513e+32
1.642422e+14 9.676880e+32
1.655154e+14 9.839950e+32
1.667984e+14 1.000577e+33
1.680914e+14 1.017438e+33
1.693944e+14 1.034583e+33
1.707075e+14 1.052017e+33
1.720307e+14 1.069745e+33
1.733643e+14 1.087772e+33
1.747081e+14 1.106103e+33
1.760624e+14 1.124742e+33
1.774272e+14 1.143696e+33
1.788026e+14 1.162969e+33
1.801886e+14 1.182566e+33
1.815854e+14 1.202494e+33
1.829929e+14 1.222758e+33
1.844114e+14 1.243363e+33
1.858409e+14 1.264316e+33
1.872815e+14 1.285621e+33
1.887333e+14 1.307286e+33
1.901963e+14 1.329316e+33
1.916706e+14 1.351717e+33
1.931564e+14 1.374495e+33
1.946537e+14 1.397657e+33
1.961626e+14 1.421210e+33
1.976832e+14 1.445159e+33
1.992155e+14 1.469512e+33
2.007598e+14 1.494276e+33
2.023160e+14 1.519456e+33
2.038843e+14 1.545061e+33
2.054648e+14 1.571098e+33
2.070575e+14 1.597573e+33
2.086625e+14 1.624495e+33
2.102800e+14 1.651870e+33
2.119100e+14 1.679706e+33
2.135527e+14 1.708012e+33
2.152081e+14 1.736794e+33
2.168763e+14 1.766062e+33
2.185575e+14 1.795822e+33
2.202517e+14 1.826084e+33
2.219590e+14 1.856857e+33
2.236795e+14 1.888147e+33
2.254134e+14 1.919965e+33
2.271608e+14 1.952320e+33
2.289217e+14 1.985219e+33
2.306962e+14 2.018673e+33
2.324845e+14 2.052690e+33
2.342866e+14 2.087281e+33
2.361027e+14 2.122455e+33
2.379329e+14 2.158221e+33
2.397773e+14 2.194590e+33
2.416360e+14 2.231573e+33
2.435091e+14 2.269178e+33
2.453967e+14 2.307417e+33
2.472989e+14 2.346300e+33
2.492159e+14 2.385839e+33
2.511478e+14 2.426043e+33
2.530946e+14 2.466926e+33
2.550565e+14 2.508497e+33
2.570336e+14 2.550769e+33
2.590260e+14 2.593753e+33
2.610339e+14 2.637462e+33
2.630574e+14 2.681907e+33
2.650965e+14 2.727101e+33
2.671515e+14 2.773056e+33
2.692224e+14 2.819786e+33
2.713093e+14 2.867304e+33
2.734124e+14 2.915622e+33
2.755318e+14 2.964754e+33
2.776676e+14 3.014715e+33
2.798200e+14 3.065517e+33
2.819891e+14 3.117176e+33
2.841750e+14 3.169704e+33
2.863778e+14 3.223119e+33
2.885977e+14 3.277433e+33
2.908349e+14 3.332662e+33
2.930893e+14 3.388823e+33
