# epsilon [g/cm^3]   P [dyn/cm^2]
1.364583e+14 6.491034e+32
1.375161e+14 6.604304e+32
1.385821e+14 6.719550e+32
1.396563e+14 6.836807e+32
1.407389e+14 6.956110e+32
1.418299e+14 7.077496e+32
1.429293e+14 7.200999e+32
1.440372e+14 7.326658e+32
1.451538e+14 7.454509e+32
1.462789e+14 7.584591e+32
1.474129e+14 7.716944e+32
1.485556e+14 7.851606e+32
1.497071e+14 7.988617e+32
1.508676e+14 8.128020e+32
1.520371e+14 8.269855e+32
1.532156e+14 8.414166e+32
1.544033e+14 8.560994e+32
1.556002e+14 8.710385e+32
1.568063e+14 8.862382e+32
1.580219e+14 9.017032e+32
1.592468e+14 9.174381e+32
1.604812e+14 9.334475e+32
1.617252e+14 9.497363e+32
1.629789e+14 9.663094e+32
1.642422e+14 9.831716e+32
1.655154e+14 1.000328e+33
1.667984e+14 1.017784e+33
1.680914e+14 1.035545e+33
1.693944e+14 1.053615e+33
1.707075e+14 1.072001e+33
1.720307e+14 1.090707e+33
1.733643e+14 1.109740e+33
1.747081e+14 1.129105e+33
1.760624e+14 1.148808e+33
1.774272e+14 1.168855e+33
1.788026e+14 1.189252e+33
1.801886e+14 1.210005e+33
1.815854e+14 1.231120e+33
1.829929e+14 1.252603e+33
1.844114e+14 1.274461e+33
1.858409e+14 1.296700e+33
1.872815e+14 1.319328e+33
1.887333e+14 1.342351e+33
1.901963e+14 1.365775e+33
1.916706e+14 1.389608e+33
1.931564e+14 1.413857e+33
1.946537e+14 1.438529e+33
1.961626e+14 1.463631e+33
1.976832e+14 1.489172e+33
1.992155e+14 1.515158e+33
2.007598e+14 1.541598e+33
2.023160e+14 1.568499e+33
2.038843e+14 1.595869e+33
2.054648e+14 1.623718e+33
2.070575e+14 1.652052e+33
2.086625e+14 1.680880e+33
2.102800e+14 1.710212e+33
2.119100e+14 1.740055e+33
2.135527e+14 1.770420e+33
2.152081e+14 1.801314e+33
2.168763e+14 1.832747e+33
2.185575e+14 1.864729e+33
2.202517e+14 1.897269e+33
2.219590e+14 1.930376e+33
2.236795e+14 1.964062e+33
2.254134e+14 1.998335e+33
2.271608e+14 2.033206e+33
2.289217e+14 2.068686e+33
2.306962e+14 2.104785e+33
2.324845e+14 2.141514e+33
2.342866e+14 2.178883e+33
2.361027e+14 2.216905e+33
2.379329e+14 2.255590e+33
2.397773e+14 2.294951e+33
2.416360e+14 2.334998e+33
2.435091e+14 2.375744e+33
2.453967e+14 2.417201e+33
2.472989e+14 2.459382e+33
2.492159e+14 2.502298e+33
2.511478e+14 2.545964e+33
2.530946e+14 2.590391e+33
2.550565e+14 2.635594e+33
2.570336e+14 2.681586e+33
2.590260e+14 2.728380e+33
2.610339e+14 2.775991e+33
2.630574e+14 2.824432e+33
2.650965e+14 2.873719e+33
2.671515e+14 2.923866e+33
2.692224e+14 2.974888e+33
2.713093e+14 3.026800e+33
2.734124e+14 3.079618e+33
2.755318e+14 3.133358e+33
2.776676e+14 3.188035e+33
2.798200e+14 3.243667e+33
2.819891e+14 3.300270e+33
2.841750e+14 3.357860e+33
2.863778e+14 3.416455e+33
2.885977e+14 3.476073e+33
2.908349e+14 3.536731e+33
2.930893e+14 3.598447e+33
