# epsilon [g/cm^3]   P [dyn/cm^2]
1.364583e+14 6.537089e+32
1.375161e+14 6.667023e+32
1.385821e+14 6.799539e+32
1.396563e+14 6.934689e+32
1.407389e+14 7.072525e+32
1.418299e+14 7.213101e+32
1.429293e+14 7.356471e+32
1.440372e+14 7.502691e+32
1.451538e+14 7.651817e+32
1.462789e+14 7.803907e+32
1.474129e+14 7.959020e+32
1.485556e+14 8.117216e+32
1.497071e+14 8.278557e+32
1.508676e+14 8.443104e+32
1.520371e+14 8.610922e+32
1.532156e+14 8.782076e+32
1.544033e+14 8.956631e+32
1.556002e+14 9.134656e+32
1.568063e+14 9.316220e+32
1.580219e+14 9.501392e+32
1.592468e+14 9.690245e+32
1.604812e+14 9.882852e+32
1.617252e+14 1.007929e+33
1.629789e+14 1.027963e+33
1.642422e+14 1.048395e+33
1.655154e+14 1.069233e+33
1.667984e+14 1.090485e+33
1.680914e+14 1.112160e+33
1.693944e+14 1.134266e+33
1.707075e+14 1.156811e+33
1.720307e+14 1.179804e+33
1.733643e+14 1.203254e+33
1.747081e+14 1.227171e+33
1.760624e+14 1.251562e+33
1.774272e+14 1.276439e+33
1.788026e+14 1.301810e+33
1.801886e+14 1.327685e+33
1.815854e+14 1.354075e+33
1.829929e+14 1.380989e+33
1.844114e+14 1.408438e+33
1.858409e+14 1.436432e+33
1.872815e+14 1.464983e+33
1.887333e+14 1.494102e+33
1.901963e+14 1.523799e+33
1.916706e+14 1.554087e+33
1.931564e+14 1.584976e+33
1.946537e+14 1.616480e+33
1.961626e+14 1.648609e+33
1.976832e+14 1.681378e+33
1.992155e+14 1.714797e+33
2.007598e+14 1.748881e+33
2.023160e+14 1.783643e+33
2.038843e+14 1.819095e+33
2.054648e+14 1.855252e+33
2.070575e+14 1.892128e+33
2.086625e+14 1.929736e+33
2.102800e+14 1.968092e+33
2.119100e+14 2.007211e+33
2.135527e+14 2.047107e+33
2.152081e+14 2.087796e+33
2.168763e+14 2.129293e+33
2.185575e+14 2.171616e+33
2.202517e+14 2.214780e+33
2.219590e+14 2.258801e+33
2.236795e+14 2.303698e+33
2.254134e+14 2.349487e+33
2.271608e+14 2.396187e+33
2.289217e+14 2.443814e+33
2.306962e+14 2.492388e+33
2.324845e+14 2.541928e+33
2.342866e+14 2.592452e+33
2.361027e+14 2.643980e+33
2.379329e+14 2.696533e+33
2.397773e+14 2.750130e+33
2.416360e+14 2.804793e+33
2.435091e+14 2.860542e+33
2.453967e+14 2.917399e+33
2.472989e+14 2.975386e+33
2.492159e+14 3.034526e+33
2.511478e+14 3.094841e+33
2.530946e+14 3.156355e+33
2.550565e+14 3.219092e+33
2.570336e+14 3.283076e+33
2.590260e+14 3.348331e+33
2.610339e+14 3.414884e+33
2.630574e+14 3.482759e+33
2.650965e+14 3.551984e+33
2.671515e+14 3.622584e+33
2.692224e+14 3.694588e+33
2.713093e+14 3.768023e+33
2.734124e+14 3.842918e+33
2.755318e+14 3.919301e+33
2.776676e+14 3.997202e+33
2.798200e+14 4.076652e+33
2.819891e+14 4.157681e+33
2.841750e+14 4.240320e+33
2.863778e+14 4.324602e+33
2.885977e+14 4.410560e+33
2.908349e+14 4.498225e+33
2.930893e+14 4.587634e+33
