# epsilon [g/cm^3]   P [dyn/cm^2]
1.364583e+14 6.609498e+32
1.375161e+14 6.765932e+32
1.385821e+14 6.926068e+32
1.396563e+14 7.089994e+32
1.407389e+14 7.257800e+32
1.418299e+14 7.429578e+32
1.429293e+14 7.605422e+32
1.440372e+14 7.785427e+32
1.451538e+14 7.969693e+32
1.462789e+14 8.158320e+32
1.474129e+14 8.351411e+32
1.485556e+14 8.549073e+32
1.497071e+14 8.751412e+32
1.508676e+14 8.958541e+32
1.520371e+14 9.170572e+32
1.532156e+14 9.387622e+32
1.544033e+14 9.609808e+32
1.556002e+14 9.837253e+32
1.568063e+14 1.007008e+33
1.580219e+14 1.030842e+33
1.592468e+14 1.055240e+33
1.604812e+14 1.080216e+33
1.617252e+14 1.105782e+33
1.629789e+14 1.131954e+33
1.642422e+14 1.158745e+33
1.655154e+14 1.186170e+33
1.667984e+14 1.214244e+33
1.680914e+14 1.242983e+33
1.693944e+14 1.272402e+33
1.707075e+14 1.302517e+33
1.720307e+14 1.333345e+33
1.733643e+14 1.364903e+33
1.747081e+14 1.397208e+33
1.760624e+14 1.430277e+33
1.774272e+14 1.464129e+33
1.788026e+14 1.498782e+33
1.801886e+14 1.534255e+33
1.815854e+14 1.570568e+33
1.829929e+14 1.607740e+33
1.844114e+14 1.645792e+33
1.858409e+14 1.684745e+33
1.872815e+14 1.724619e+33
1.887333e+14 1.765438e+33
1.901963e+14 1.807222e+33
1.916706e+14 1.849995e+33
1.931564e+14 1.893781e+33
1.946537e+14 1.938603e+33
1.961626e+14 1.984486e+33
1.976832e+14 2.031455e+33
1.992155e+14 2.079536e+33
2.007598e+14 2.128754e+33
2.023160e+14 2.179138e+33
2.038843e+14 2.230713e+33
2.054648e+14 2.283510e+33
2.070575e+14 2.337556e+33
2.086625e+14 2.392882e+33
2.102800e+14 2.449516e+33
2.119100e+14 2.507492e+33
2.135527e+14 2.566839e+33
2.152081e+14 2.627591e+33
2.168763e+14 2.689781e+33
2.185575e+14 2.753443e+33
2.202517e+14 2.818611e+33
2.219590e+14 2.885322e+33
2.236795e+14 2.953612e+33
2.254134e+14 3.023518e+33
2.271608e+14 3.095079e+33
2.289217e+14 3.168334e+33
2.306962e+14 3.243322e+33
2.324845e+14 3.320085e+33
2.342866e+14 3.398665e+33
2.361027e+14 3.479104e+33
2.379329e+14 3.561448e+33
2.397773e+14 3.645740e+33
2.416360e+14 3.732028e+33
2.435091e+14 3.820358e+33
2.453967e+14 3.910778e+33
2.472989e+14 4.003338e+33
2.492159e+14 4.098090e+33
2.511478e+14 4.195083e+33
2.530946e+14 4.294373e+33
2.550565e+14 4.396012e+33
2.570336e+14 4.500057e+33
2.590260e+14 4.606565e+33
2.610339e+14 4.715593e+33
2.630574e+14 4.827202e+33
2.650965e+14 4.941452e+33
2.671515e+14 5.058406e+33
2.692224e+14 5.178129e+33
2.713093e+14 5.300685e+33
2.734124e+14 5.426142e+33
2.755318e+14 5.554568e+33
2.776676e+14 5.686034e+33
2.798200e+14 5.820611e+33
2.819891e+14 5.958373e+33
2.841750e+14 6.099396e+33
2.863778e+14 6.243757e+33
2.885977e+14 6.391534e+33
2.908349e+14 6.542809e+33
2.930893e+14 6.697665e+33
