# epsilon [g/cm^3]   P [dyn/cm^2]
1.364583e+14 6.577474e+32
1.375161e+14 6.722142e+32
1.385821e+14 6.869992e+32
1.396563e+14 7.021094e+32
1.407389e+14 7.175520e+32
1.418299e+14 7.333342e+32
1.429293e+14 7.494635e+32
1.440372e+14 7.659476e+32
1.451538e+14 7.827942e+32
1.462789e+14 8.000114e+32
1.474129e+14 8.176073e+32
1.485556e+14 8.355901e+32
1.497071e+14 8.539685e+32
1.508676e+14 8.727512e+32
1.520371e+14 8.919469e+32
1.532156e+14 9.115648e+32
1.544033e+14 9.316142e+32
1.556002e+14 9.521046e+32
1.568063e+14 9.730457e+32
1.580219e+14 9.944474e+32
1.592468e+14 1.016320e+33
1.604812e+14 1.038673e+33
1.617252e+14 1.061518e+33
1.629789e+14 1.084866e+33
1.642422e+14 1.108727e+33
1.655154e+14 1.133113e+33
1.667984e+14 1.158035e+33
1.680914e+14 1.183506e+33
1.693944e+14 1.209536e+33
1.707075e+14 1.236139e+33
1.720307e+14 1.263328e+33
1.733643e+14 1.291114e+33
1.747081e+14 1.319511e+33
1.760624e+14 1.348533e+33
1.774272e+14 1.378194e+33
1.788026e+14 1.408506e+33
1.801886e+14 1.439486e+33
1.815854e+14 1.471147e+33
1.829929e+14 1.503504e+33
1.844114e+14 1.536572e+33
1.858409e+14 1.570369e+33
1.872815e+14 1.604908e+33
1.887333e+14 1.640207e+33
1.901963e+14 1.676283e+33
1.916706e+14 1.713152e+33
1.931564e+14 1.750832e+33
1.946537e+14 1.789340e+33
1.961626e+14 1.828696e+33
1.976832e+14 1.868917e+33
1.992155e+14 1.910023e+33
2.007598e+14 1.952033e+33
2.023160e+14 1.994967e+33
2.038843e+14 2.038846e+33
2.054648e+14 2.083689e+33
2.070575e+14 2.129519e+33
2.086625e+14 2.176357e+33
2.102800e+14 2.224224e+33
2.119100e+14 2.273145e+33
2.135527e+14 2.323142e+33
2.152081e+14 2.374238e+33
2.168763e+14 2.426458e+33
2.185575e+14 2.479827e+33
2.202517e+14 2.534370e+33
2.219590e+14 2.590112e+33
2.236795e+14 2.647080e+33
2.254134e+14 2.705301e+33
2.271608e+14 2.764803e+33
2.289217e+14 2.825614e+33
2.306962e+14 2.887762e+33
2.324845e+14 2.951277e+33
2.342866e+14 3.016188e+33
2.361027e+14 3.082528e+33
2.379329e+14 3.150327e+33
2.397773e+14 3.219617e+33
2.416360e+14 3.290431e+33
2.435091e+14 3.362802e+33
2.453967e+14 3.436765e+33
2.472989e+14 3.512355e+33
2.492159e+14 3.589608e+33
2.511478e+14 3.668559e+33
2.530946e+14 3.749247e+33
2.550565e+14 3.831710e+33
2.570336e+14 3.915987e+33
2.590260e+14 4.002117e+33
2.610339e+14 4.090142e+33
2.630574e+14 4.180102e+33
2.650965e+14 4.272042e+33
2.671515e+14 4.366003e+33
2.692224e+14 4.462031e+33
2.713093e+14 4.560171e+33
2.734124e+14 4.660470e+33
2.755318e+14 4.762975e+33
2.776676e+14 4.867734e+33
2.798200e+14 4.974797e+33
2.819891e+14 5.084216e+33
2.841750e+14 5.196040e+33
2.863778e+14 5.310325e+33
2.885977e+14 5.427123e+33
2.908349e+14 5.546490e+33
2.930893e+14 5.668482e+33
