# epsilon [g/cm^3]   P [dyn/cm^2]
1.364583e+14 6.489742e+32
1.375161e+14 6.602546e+32
1.385821e+14 6.717311e+32
1.396563e+14 6.834070e+32
1.407389e+14 6.952860e+32
1.418299e+14 7.073714e+32
1.429293e+14 7.196668e+32
1.440372e+14 7.321760e+32
1.451538e+14 7.449026e+32
1.462789e+14 7.578505e+32
1.474129e+14 7.710234e+32
1.485556e+14 7.844252e+32
1.497071e+14 7.980600e+32
1.508676e+14 8.119318e+32
1.520371e+14 8.260448e+32
1.532156e+14 8.404030e+32
1.544033e+14 8.550108e+32
1.556002e+14 8.698725e+32
1.568063e+14 8.849926e+32
1.580219e+14 9.003754e+32
1.592468e+14 9.160257e+32
1.604812e+14 9.319480e+32
1.617252e+14 9.481470e+32
1.629789e+14 9.646276e+32
1.642422e+14 9.813947e+32
1.655154e+14 9.984532e+32
1.667984e+14 1.015808e+33
1.680914e+14 1.033465e+33
1.693944e+14 1.051428e+33
1.707075e+14 1.069704e+33
1.720307e+14 1.088298e+33
1.733643e+14 1.107215e+33
1.747081e+14 1.126460e+33
1.760624e+14 1.146040e+33
1.774272e+14 1.165960e+33
1.788026e+14 1.186227e+33
1.801886e+14 1.206846e+33
1.815854e+14 1.227823e+33
1.829929e+14 1.249165e+33
1.844114e+14 1.270878e+33
1.858409e+14 1.292968e+33
1.872815e+14 1.315443e+33
1.887333e+14 1.338307e+33
1.901963e+14 1.361570e+33
1.916706e+14 1.385237e+33
1.931564e+14 1.409315e+33
1.946537e+14 1.433811e+33
1.961626e+14 1.458734e+33
1.976832e+14 1.484089e+33
1.992155e+14 1.509885e+33
2.007598e+14 1.536130e+33
2.023160e+14 1.562831e+33
2.038843e+14 1.589996e+33
2.054648e+14 1.617633e+33
2.070575e+14 1.645751e+33
2.086625e+14 1.674357e+33
2.102800e+14 1.703461e+33
2.119100e+14 1.733070e+33
2.135527e+14 1.763194e+33
2.152081e+14 1.793842e+33
2.168763e+14 1.825022e+33
2.185575e+14 1.856744e+33
2.202517e+14 1.889018e+33
2.219590e+14 1.921853e+33
2.236795e+14 1.955258e+33
2.254134e+14 1.989245e+33
2.271608e+14 2.023821e+33
2.289217e+14 2.058999e+33
2.306962e+14 2.094789e+33
2.324845e+14 2.131200e+33
2.342866e+14 2.168244e+33
2.361027e+14 2.205933e+33
2.379329e+14 2.244276e+33
2.397773e+14 2.283286e+33
2.416360e+14 2.322974e+33
2.435091e+14 2.363351e+33
2.453967e+14 2.404431e+33
2.472989e+14 2.446225e+33
2.492159e+14 2.488745e+33
2.511478e+14 2.532004e+33
2.530946e+14 2.576015e+33
2.550565e+14 2.620791e+33
2.570336e+14 2.666345e+33
2.590260e+14 2.712691e+33
2.610339e+14 2.759843e+33
2.630574e+14 2.807815e+33
2.650965e+14 2.856620e+33
2.671515e+14 2.906273e+33
2.692224e+14 2.956790e+33
2.713093e+14 3.008184e+33
2.734124e+14 3.060472e+33
2.755318e+14 3.113669e+33
2.776676e+14 3.167791e+33
2.798200e+14 3.222853e+33
2.819891e+14 3.278872e+33
2.841750e+14 3.335865e+33
2.863778e+14 3.393849e+33
2.885977e+14 3.452841e+33
2.908349e+14 3.512858e+33
2.930893e+14 3.573918e+33
