# epsilon [g/cm^3]   P [dyn/cm^2]
1.364583e+14 6.525363e+32
1.375161e+14 6.651039e+32
1.385821e+14 6.779136e+32
1.396563e+14 6.909700e+32
1.407389e+14 7.042779e+32
1.418299e+14 7.178421e+32
1.429293e+14 7.316675e+32
1.440372e+14 7.457592e+32
1.451538e+14 7.601223e+32
1.462789e+14 7.747620e+32
1.474129e+14 7.896837e+32
1.485556e+14 8.048927e+32
1.497071e+14 8.203947e+32
1.508676e+14 8.361953e+32
1.520371e+14 8.523001e+32
1.532156e+14 8.687152e+32
1.544033e+14 8.854464e+32
1.556002e+14 9.024998e+32
1.568063e+14 9.198816e+32
1.580219e+14 9.375983e+32
1.592468e+14 9.556561e+32
1.604812e+14 9.740618e+32
1.617252e+14 9.928219e+32
1.629789e+14 1.011943e+33
1.642422e+14 1.031433e+33
1.655154e+14 1.051298e+33
1.667984e+14 1.071546e+33
1.680914e+14 1.092183e+33
1.693944e+14 1.113219e+33
1.707075e+14 1.134659e+33
1.720307e+14 1.156512e+33
1.733643e+14 1.178786e+33
1.747081e+14 1.201489e+33
1.760624e+14 1.224629e+33
1.774272e+14 1.248215e+33
1.788026e+14 1.272256e+33
1.801886e+14 1.296759e+33
1.815854e+14 1.321734e+33
1.829929e+14 1.347190e+33
1.844114e+14 1.373137e+33
1.858409e+14 1.399583e+33
1.872815e+14 1.426538e+33
1.887333e+14 1.454013e+33
1.901963e+14 1.482017e+33
1.916706e+14 1.510560e+33
1.931564e+14 1.539653e+33
1.946537e+14 1.569306e+33
1.961626e+14 1.599531e+33
1.976832e+14 1.630337e+33
1.992155e+14 1.661737e+33
2.007598e+14 1.693741e+33
2.023160e+14 1.726362e+33
2.038843e+14 1.759612e+33
2.054648e+14 1.793501e+33
2.070575e+14 1.828043e+33
2.086625e+14 1.863251e+33
2.102800e+14 1.899137e+33
2.119100e+14 1.935713e+33
2.135527e+14 1.972995e+33
2.152081e+14 2.010994e+33
2.168763e+14 2.049725e+33
2.185575e+14 2.089202e+33
2.202517e+14 2.129439e+33
2.219590e+14 2.170452e+33
2.236795e+14 2.212254e+33
2.254134e+14 2.254861e+33
2.271608e+14 2.298289e+33
2.289217e+14 2.342554e+33
2.306962e+14 2.387670e+33
2.324845e+14 2.433656e+33
2.342866e+14 2.480528e+33
2.361027e+14 2.528302e+33
2.379329e+14 2.576996e+33
2.397773e+14 2.626628e+33
2.416360e+14 2.677216e+33
2.435091e+14 2.728779e+33
2.453967e+14 2.781334e+33
2.472989e+14 2.834902e+33
2.492159e+14 2.889501e+33
2.511478e+14 2.945152e+33
2.530946e+14 3.001875e+33
2.550565e+14 3.059690e+33
2.570336e+14 3.118619e+33
2.590260e+14 3.178682e+33
2.610339e+14 3.239903e+33
2.630574e+14 3.302302e+33
2.650965e+14 3.365903e+33
2.671515e+14 3.430730e+33
2.692224e+14 3.496804e+33
2.713093e+14 3.564152e+33
2.734124e+14 3.632796e+33
2.755318e+14 3.702763e+33
2.776676e+14 3.774077e+33
2.798200e+14 3.846764e+33
2.819891e+14 3.920852e+33
2.841750e+14 3.996366e+33
2.863778e+14 4.073335e+33
2.885977e+14 4.151786e+33
2.908349e+14 4.231748e+33
2.930893e+14 4.313251e+33
