# epsilon [g/cm^3]   P [dyn/cm^2]
1.364583e+14 6.438391e+32
1.375161e+14 6.532796e+32
1.385821e+14 6.628586e+32
1.396563e+14 6.725780e+32
1.407389e+14 6.824400e+32
1.418299e+14 6.924465e+32
1.429293e+14 7.025998e+32
1.440372e+14 7.129019e+32
1.451538e+14 7.233551e+32
1.462789e+14 7.339616e+32
1.474129e+14 7.447236e+32
1.485556e+14 7.556434e+32
1.497071e+14 7.667233e+32
1.508676e+14 7.779656e+32
1.520371e+14 7.893729e+32
1.532156e+14 8.009474e+32
1.544033e+14 8.126916e+32
1.556002e+14 8.246080e+32
1.568063e+14 8.366991e+32
1.580219e+14 8.489675e+32
1.592468e+14 8.614158e+32
1.604812e+14 8.740467e+32
1.617252e+14 8.868627e+32
1.629789e+14 8.998667e+32
1.642422e+14 9.130613e+32
1.655154e+14 9.264494e+32
1.667984e+14 9.400339e+32
1.680914e+14 9.538175e+32
1.693944e+14 9.678032e+32
1.707075e+14 9.819940e+32
1.720307e+14 9.963928e+32
1.733643e+14 1.011003e+33
1.747081e+14 1.025827e+33
1.760624e+14 1.040869e+33
1.774272e+14 1.056131e+33
1.788026e+14 1.071617e+33
1.801886e+14 1.087330e+33
1.815854e+14 1.103273e+33
1.829929e+14 1.119450e+33
1.844114e+14 1.135865e+33
1.858409e+14 1.152520e+33
1.872815e+14 1.169419e+33
1.887333e+14 1.186566e+33
1.901963e+14 1.203964e+33
1.916706e+14 1.221618e+33
1.931564e+14 1.239531e+33
1.946537e+14 1.257706e+33
1.961626e+14 1.276147e+33
1.976832e+14 1.294859e+33
1.992155e+14 1.313846e+33
2.007598e+14 1.333110e+33
2.023160e+14 1.352658e+33
2.038843e+14 1.372491e+33
2.054648e+14 1.392616e+33
2.070575e+14 1.413036e+33
2.086625e+14 1.433755e+33
2.102800e+14 1.454778e+33
2.119100e+14 1.476109e+33
2.135527e+14 1.497753e+33
2.152081e+14 1.519715e+33
2.168763e+14 1.541998e+33
2.185575e+14 1.564608e+33
2.202517e+14 1.587550e+33
2.219590e+14 1.610828e+33
2.236795e+14 1.634447e+33
2.254134e+14 1.658413e+33
2.271608e+14 1.682730e+33
2.289217e+14 1.707404e+33
2.306962e+14 1.732439e+33
2.324845e+14 1.757842e+33
2.342866e+14 1.783617e+33
2.361027e+14 1.809770e+33
2.379329e+14 1.836306e+33
2.397773e+14 1.863232e+33
2.416360e+14 1.890552e+33
2.435091e+14 1.918273e+33
2.453967e+14 1.946401e+33
2.472989e+14 1.974940e+33
2.492159e+14 2.003899e+33
2.511478e+14 2.033282e+33
2.530946e+14 2.063096e+33
2.550565e+14 2.093346e+33
2.570336e+14 2.124041e+33
2.590260e+14 2.155186e+33
2.610339e+14 2.186787e+33
2.630574e+14 2.218851e+33
2.650965e+14 2.251386e+33
2.671515e+14 2.284398e+33
2.692224e+14 2.317894e+33
2.713093e+14 2.351881e+33
2.734124e+14 2.386366e+33
2.755318e+14 2.421357e+33
2.776676e+14 2.456861e+33
2.798200e+14 2.492886e+33
2.819891e+14 2.529439e+33
2.841750e+14 2.566528e+33
2.863778e+14 2.604160e+33
2.885977e+14 2.642345e+33
2.908349e+14 2.681089e+33
2.930893e+14 2.720402e+33
