# epsilon [g/cm^3]   P [dyn/cm^2]
1.364583e+14 6.583469e+32
1.375161e+14 6.730335e+32
1.385821e+14 6.880477e+32
1.396563e+14 7.033968e+32
1.407389e+14 7.190884e+32
1.418299e+14 7.351300e+32
1.429293e+14 7.515294e+32
1.440372e+14 7.682947e+32
1.451538e+14 7.854340e+32
1.462789e+14 8.029557e+32
1.474129e+14 8.208682e+32
1.485556e+14 8.391803e+32
1.497071e+14 8.579009e+32
1.508676e+14 8.770392e+32
1.520371e+14 8.966044e+32
1.532156e+14 9.166061e+32
1.544033e+14 9.370539e+32
1.556002e+14 9.579580e+32
1.568063e+14 9.793283e+32
1.580219e+14 1.001175e+33
1.592468e+14 1.023510e+33
1.604812e+14 1.046343e+33
1.617252e+14 1.069685e+33
1.629789e+14 1.093547e+33
1.642422e+14 1.117943e+33
1.655154e+14 1.142882e+33
1.667984e+14 1.168378e+33
1.680914e+14 1.194442e+33
1.693944e+14 1.221088e+33
1.707075e+14 1.248328e+33
1.720307e+14 1.276176e+33
1.733643e+14 1.304645e+33
1.747081e+14 1.333750e+33
1.760624e+14 1.363503e+33
1.774272e+14 1.393921e+33
1.788026e+14 1.425017e+33
1.801886e+14 1.456806e+33
1.815854e+14 1.489305e+33
1.829929e+14 1.522529e+33
1.844114e+14 1.556494e+33
1.858409e+14 1.591216e+33
1.872815e+14 1.626714e+33
1.887333e+14 1.663003e+33
1.901963e+14 1.700101e+33
1.916706e+14 1.738028e+33
1.931564e+14 1.776800e+33
1.946537e+14 1.816437e+33
1.961626e+14 1.856959e+33
1.976832e+14 1.898384e+33
1.992155e+14 1.940734e+33
2.007598e+14 1.984028e+33
2.023160e+14 2.028288e+33
2.038843e+14 2.073536e+33
2.054648e+14 2.119793e+33
2.070575e+14 2.167082e+33
2.086625e+14 2.215426e+33
2.102800e+14 2.264848e+33
2.119100e+14 2.315373e+33
2.135527e+14 2.367024e+33
2.152081e+14 2.419829e+33
2.168763e+14 2.473811e+33
2.185575e+14 2.528997e+33
2.202517e+14 2.585415e+33
2.219590e+14 2.643091e+33
2.236795e+14 2.702053e+33
2.254134e+14 2.762331e+33
2.271608e+14 2.823954e+33
2.289217e+14 2.886952e+33
2.306962e+14 2.951354e+33
2.324845e+14 3.017194e+33
2.342866e+14 3.084502e+33
2.361027e+14 3.153312e+33
2.379329e+14 3.223657e+33
2.397773e+14 3.295571e+33
2.416360e+14 3.369089e+33
2.435091e+14 3.444248e+33
2.453967e+14 3.521083e+33
2.472989e+14 3.599632e+33
2.492159e+14 3.679933e+33
2.511478e+14 3.762026e+33
2.530946e+14 3.845950e+33
2.550565e+14 3.931747e+33
2.570336e+14 4.019457e+33
2.590260e+14 4.109124e+33
2.610339e+14 4.200791e+33
2.630574e+14 4.294504e+33
2.650965e+14 4.390307e+33
2.671515e+14 4.488247e+33
2.692224e+14 4.588371e+33
2.713093e+14 4.690730e+33
2.734124e+14 4.795372e+33
2.755318e+14 4.902348e+33
2.776676e+14 5.011711e+33
2.798200e+14 5.123513e+33
2.819891e+14 5.237810e+33
2.841750e+14 5.354656e+33
2.863778e+14 5.474109e+33
2.885977e+14 5.596227e+33
2.908349e+14 5.721069e+33
2.930893e+14 5.848696e+33
