# epsilon [g/cm^3]   P [dyn/cm^2]
1.364583e+14 6.533581e+32
1.375161e+14 6.662240e+32
1.385821e+14 6.793432e+32
1.396563e+14 6.927208e+32
1.407389e+14 7.063618e+32
1.418299e+14 7.202714e+32
1.429293e+14 7.344550e+32
1.440372e+14 7.489178e+32
1.451538e+14 7.636655e+32
1.462789e+14 7.787035e+32
1.474129e+14 7.940377e+32
1.485556e+14 8.096738e+32
1.497071e+14 8.256179e+32
1.508676e+14 8.418759e+32
1.520371e+14 8.584541e+32
1.532156e+14 8.753587e+32
1.544033e+14 8.925962e+32
1.556002e+14 9.101731e+32
1.568063e+14 9.280962e+32
1.580219e+14 9.463722e+32
1.592468e+14 9.650081e+32
1.604812e+14 9.840110e+32
1.617252e+14 1.003388e+33
1.629789e+14 1.023147e+33
1.642422e+14 1.043294e+33
1.655154e+14 1.063839e+33
1.667984e+14 1.084788e+33
1.680914e+14 1.106150e+33
1.693944e+14 1.127932e+33
1.707075e+14 1.150143e+33
1.720307e+14 1.172792e+33
1.733643e+14 1.195886e+33
1.747081e+14 1.219435e+33
1.760624e+14 1.243448e+33
1.774272e+14 1.267934e+33
1.788026e+14 1.292902e+33
1.801886e+14 1.318362e+33
1.815854e+14 1.344323e+33
1.829929e+14 1.370796e+33
1.844114e+14 1.397789e+33
1.858409e+14 1.425314e+33
1.872815e+14 1.453382e+33
1.887333e+14 1.482001e+33
1.901963e+14 1.511185e+33
1.916706e+14 1.540943e+33
1.931564e+14 1.571287e+33
1.946537e+14 1.602229e+33
1.961626e+14 1.633780e+33
1.976832e+14 1.665952e+33
1.992155e+14 1.698758e+33
2.007598e+14 1.732210e+33
2.023160e+14 1.766320e+33
2.038843e+14 1.801103e+33
2.054648e+14 1.836570e+33
2.070575e+14 1.872735e+33
2.086625e+14 1.909613e+33
2.102800e+14 1.947217e+33
2.119100e+14 1.985562e+33
2.135527e+14 2.024661e+33
2.152081e+14 2.064531e+33
2.168763e+14 2.105185e+33
2.185575e+14 2.146641e+33
2.202517e+14 2.188912e+33
2.219590e+14 2.232016e+33
2.236795e+14 2.275969e+33
2.254134e+14 2.320787e+33
2.271608e+14 2.366488e+33
2.289217e+14 2.413088e+33
2.306962e+14 2.460607e+33
2.324845e+14 2.509061e+33
2.342866e+14 2.558469e+33
2.361027e+14 2.608850e+33
2.379329e+14 2.660224e+33
2.397773e+14 2.712609e+33
2.416360e+14 2.766025e+33
2.435091e+14 2.820494e+33
2.453967e+14 2.876035e+33
2.472989e+14 2.932669e+33
2.492159e+14 2.990419e+33
2.511478e+14 3.049306e+33
2.530946e+14 3.109353e+33
2.550565e+14 3.170582e+33
2.570336e+14 3.233017e+33
2.590260e+14 3.296681e+33
2.610339e+14 3.361600e+33
2.630574e+14 3.427796e+33
2.650965e+14 3.495296e+33
2.671515e+14 3.564125e+33
2.692224e+14 3.634309e+33
2.713093e+14 3.705876e+33
2.734124e+14 3.778852e+33
2.755318e+14 3.853265e+33
2.776676e+14 3.929143e+33
2.798200e+14 4.006516e+33
2.819891e+14 4.085412e+33
2.841750e+14 4.165861e+33
2.863778e+14 4.247895e+33
2.885977e+14 4.331544e+33
2.908349e+14 4.416841e+33
2.930893e+14 4.503817e+33
