# epsilon [g/cm^3]   P [dyn/cm^2]
1.364583e+14 6.498559e+32
1.375161e+14 6.614541e+32
1.385821e+14 6.732593e+32
1.396563e+14 6.852752e+32
1.407389e+14 6.975056e+32
1.418299e+14 7.099542e+32
1.429293e+14 7.226250e+32
1.440372e+14 7.355220e+32
1.451538e+14 7.486491e+32
1.462789e+14 7.620105e+32
1.474129e+14 7.756104e+32
1.485556e+14 7.894530e+32
1.497071e+14 8.035426e+32
1.508676e+14 8.178837e+32
1.520371e+14 8.324808e+32
1.532156e+14 8.473384e+32
1.544033e+14 8.624611e+32
1.556002e+14 8.778538e+32
1.568063e+14 8.935211e+32
1.580219e+14 9.094681e+32
1.592468e+14 9.256997e+32
1.604812e+14 9.422210e+32
1.617252e+14 9.590372e+32
1.629789e+14 9.761535e+32
1.642422e+14 9.935752e+32
1.655154e+14 1.011308e+33
1.667984e+14 1.029357e+33
1.680914e+14 1.047728e+33
1.693944e+14 1.066428e+33
1.707075e+14 1.085460e+33
1.720307e+14 1.104833e+33
1.733643e+14 1.124551e+33
1.747081e+14 1.144622e+33
1.760624e+14 1.165050e+33
1.774272e+14 1.185843e+33
1.788026e+14 1.207007e+33
1.801886e+14 1.228549e+33
1.815854e+14 1.250476e+33
1.829929e+14 1.272793e+33
1.844114e+14 1.295509e+33
1.858409e+14 1.318631e+33
1.872815e+14 1.342165e+33
1.887333e+14 1.366119e+33
1.901963e+14 1.390501e+33
1.916706e+14 1.415317e+33
1.931564e+14 1.440577e+33
1.946537e+14 1.466287e+33
1.961626e+14 1.492457e+33
1.976832e+14 1.519093e+33
1.992155e+14 1.546205e+33
2.007598e+14 1.573801e+33
2.023160e+14 1.601889e+33
2.038843e+14 1.630478e+33
2.054648e+14 1.659578e+33
2.070575e+14 1.689197e+33
2.086625e+14 1.719345e+33
2.102800e+14 1.750031e+33
2.119100e+14 1.781264e+33
2.135527e+14 1.813055e+33
2.152081e+14 1.845413e+33
2.168763e+14 1.878349e+33
2.185575e+14 1.911872e+33
2.202517e+14 1.945994e+33
2.219590e+14 1.980725e+33
2.236795e+14 2.016076e+33
2.254134e+14 2.052058e+33
2.271608e+14 2.088681e+33
2.289217e+14 2.125959e+33
2.306962e+14 2.163902e+33
2.324845e+14 2.202521e+33
2.342866e+14 2.241831e+33
2.361027e+14 2.281841e+33
2.379329e+14 2.322566e+33
2.397773e+14 2.364018e+33
2.416360e+14 2.406209e+33
2.435091e+14 2.449154e+33
2.453967e+14 2.492865e+33
2.472989e+14 2.537356e+33
2.492159e+14 2.582641e+33
2.511478e+14 2.628734e+33
2.530946e+14 2.675650e+33
2.550565e+14 2.723403e+33
2.570336e+14 2.772009e+33
2.590260e+14 2.821482e+33
2.610339e+14 2.871838e+33
2.630574e+14 2.923093e+33
2.650965e+14 2.975262e+33
2.671515e+14 3.028363e+33
2.692224e+14 3.082411e+33
2.713093e+14 3.137424e+33
2.734124e+14 3.193419e+33
2.755318e+14 3.250413e+33
2.776676e+14 3.308424e+33
2.798200e+14 3.367471e+33
2.819891e+14 3.427571e+33
2.841750e+14 3.488744e+33
2.863778e+14 3.551009e+33
2.885977e+14 3.614385e+33
2.908349e+14 3.678892e+33
2.930893e+14 3.744551e+33
