# epsilon [g/cm^3]   P [dyn/cm^2]
1.364583e+14 6.627925e+32
1.375161e+14 6.791161e+32
1.385821e+14 6.958418e+32
1.396563e+14 7.129794e+32
1.407389e+14 7.305391e+32
1.418299e+14 7.485312e+32
1.429293e+14 7.669665e+32
1.440372e+14 7.858558e+32
1.451538e+14 8.052103e+32
1.462789e+14 8.250415e+32
1.474129e+14 8.453611e+32
1.485556e+14 8.661811e+32
1.497071e+14 8.875139e+32
1.508676e+14 9.093721e+32
1.520371e+14 9.317687e+32
1.532156e+14 9.547168e+32
1.544033e+14 9.782301e+32
1.556002e+14 1.002323e+33
1.568063e+14 1.027008e+33
1.580219e+14 1.052302e+33
1.592468e+14 1.078219e+33
1.604812e+14 1.104774e+33
1.617252e+14 1.131983e+33
1.629789e+14 1.159862e+33
1.642422e+14 1.188428e+33
1.655154e+14 1.217697e+33
1.667984e+14 1.247687e+33
1.680914e+14 1.278416e+33
1.693944e+14 1.309901e+33
1.707075e+14 1.342162e+33
1.720307e+14 1.375218e+33
1.733643e+14 1.409088e+33
1.747081e+14 1.443791e+33
1.760624e+14 1.479350e+33
1.774272e+14 1.515784e+33
1.788026e+14 1.553116e+33
1.801886e+14 1.591367e+33
1.815854e+14 1.630560e+33
1.829929e+14 1.670718e+33
1.844114e+14 1.711866e+33
1.858409e+14 1.754027e+33
1.872815e+14 1.797226e+33
1.887333e+14 1.841489e+33
1.901963e+14 1.886842e+33
1.916706e+14 1.933312e+33
1.931564e+14 1.980927e+33
1.946537e+14 2.029715e+33
1.961626e+14 2.079704e+33
1.976832e+14 2.130924e+33
1.992155e+14 2.183405e+33
2.007598e+14 2.237179e+33
2.023160e+14 2.292278e+33
2.038843e+14 2.348734e+33
2.054648e+14 2.406580e+33
2.070575e+14 2.465850e+33
2.086625e+14 2.526581e+33
2.102800e+14 2.588807e+33
2.119100e+14 2.652565e+33
2.135527e+14 2.717894e+33
2.152081e+14 2.784832e+33
2.168763e+14 2.853419e+33
2.185575e+14 2.923694e+33
2.202517e+14 2.995701e+33
2.219590e+14 3.069480e+33
2.236795e+14 3.145077e+33
2.254134e+14 3.222536e+33
2.271608e+14 3.301903e+33
2.289217e+14 3.383224e+33
2.306962e+14 3.466548e+33
2.324845e+14 3.551924e+33
2.342866e+14 3.639403e+33
2.361027e+14 3.729036e+33
2.379329e+14 3.820877e+33
2.397773e+14 3.914980e+33
2.416360e+14 4.011400e+33
2.435091e+14 4.110195e+33
2.453967e+14 4.211423e+33
2.472989e+14 4.315145e+33
2.492159e+14 4.421421e+33
2.511478e+14 4.530314e+33
2.530946e+14 4.641889e+33
2.550565e+14 4.756212e+33
2.570336e+14 4.873351e+33
2.590260e+14 4.993375e+33
2.610339e+14 5.116355e+33
2.630574e+14 5.242363e+33
2.650965e+14 5.371475e+33
2.671515e+14 5.503767e+33
2.692224e+14 5.639317e+33
2.713093e+14 5.778205e+33
2.734124e+14 5.920514e+33
2.755318e+14 6.066328e+33
2.776676e+14 6.215733e+33
2.798200e+14 6.368818e+33
2.819891e+14 6.525673e+33
2.841750e+14 6.686391e+33
2.863778e+14 6.851067e+33
2.885977e+14 7.019799e+33
2.908349e+14 7.192687e+33
2.930893e+14 7.369832e+33
