# epsilon [g/cm^3]   P [dyn/cm^2]
1.364583e+14 6.581931e+32
1.375161e+14 6.728232e+32
1.385821e+14 6.877786e+32
1.396563e+14 7.030664e+32
1.407389e+14 7.186939e+32
1.418299e+14 7.346689e+32
1.429293e+14 7.509989e+32
1.440372e+14 7.676920e+32
1.451538e+14 7.847560e+32
1.462789e+14 8.021994e+32
1.474129e+14 8.200305e+32
1.485556e+14 8.382579e+32
1.497071e+14 8.568905e+32
1.508676e+14 8.759372e+32
1.520371e+14 8.954074e+32
1.532156e+14 9.153103e+32
1.544033e+14 9.356555e+32
1.556002e+14 9.564531e+32
1.568063e+14 9.777129e+32
1.580219e+14 9.994452e+32
1.592468e+14 1.021661e+33
1.604812e+14 1.044370e+33
1.617252e+14 1.067584e+33
1.629789e+14 1.091314e+33
1.642422e+14 1.115571e+33
1.655154e+14 1.140368e+33
1.667984e+14 1.165716e+33
1.680914e+14 1.191627e+33
1.693944e+14 1.218114e+33
1.707075e+14 1.245190e+33
1.720307e+14 1.272868e+33
1.733643e+14 1.301161e+33
1.747081e+14 1.330083e+33
1.760624e+14 1.359648e+33
1.774272e+14 1.389869e+33
1.788026e+14 1.420763e+33
1.801886e+14 1.452344e+33
1.815854e+14 1.484626e+33
1.829929e+14 1.517626e+33
1.844114e+14 1.551359e+33
1.858409e+14 1.585842e+33
1.872815e+14 1.621092e+33
1.887333e+14 1.657125e+33
1.901963e+14 1.693959e+33
1.916706e+14 1.731612e+33
1.931564e+14 1.770102e+33
1.946537e+14 1.809448e+33
1.961626e+14 1.849668e+33
1.976832e+14 1.890782e+33
1.992155e+14 1.932809e+33
2.007598e+14 1.975771e+33
2.023160e+14 2.019688e+33
2.038843e+14 2.064581e+33
2.054648e+14 2.110472e+33
2.070575e+14 2.157384e+33
2.086625e+14 2.205337e+33
2.102800e+14 2.254357e+33
2.119100e+14 2.304466e+33
2.135527e+14 2.355689e+33
2.152081e+14 2.408051e+33
2.168763e+14 2.461577e+33
2.185575e+14 2.516292e+33
2.202517e+14 2.572224e+33
2.219590e+14 2.629398e+33
2.236795e+14 2.687844e+33
2.254134e+14 2.747589e+33
2.271608e+14 2.808661e+33
2.289217e+14 2.871092e+33
2.306962e+14 2.934909e+33
2.324845e+14 3.000146e+33
2.342866e+14 3.066832e+33
2.361027e+14 3.135001e+33
2.379329e+14 3.204685e+33
2.397773e+14 3.275918e+33
2.416360e+14 3.348734e+33
2.435091e+14 3.423169e+33
2.453967e+14 3.499259e+33
2.472989e+14 3.577039e+33
2.492159e+14 3.656549e+33
2.511478e+14 3.737826e+33
2.530946e+14 3.820909e+33
2.550565e+14 3.905839e+33
2.570336e+14 3.992657e+33
2.590260e+14 4.081405e+33
2.610339e+14 4.172126e+33
2.630574e+14 4.264863e+33
2.650965e+14 4.359661e+33
2.671515e+14 4.456567e+33
2.692224e+14 4.555626e+33
2.713093e+14 4.656887e+33
2.734124e+14 4.760399e+33
2.755318e+14 4.866212e+33
2.776676e+14 4.974377e+33
2.798200e+14 5.084947e+33
2.819891e+14 5.197974e+33
2.841750e+14 5.313513e+33
2.863778e+14 5.431620e+33
2.885977e+14 5.552353e+33
2.908349e+14 5.675769e+33
2.930893e+14 5.801929e+33
