# epsilon [g/cm^3]   P [dyn/cm^2]
1.364583e+14 6.476253e+32
1.375161e+14 6.584206e+32
1.385821e+14 6.693959e+32
1.396563e+14 6.805541e+32
1.407389e+14 6.918983e+32
1.418299e+14 7.034316e+32
1.429293e+14 7.151571e+32
1.440372e+14 7.270781e+32
1.451538e+14 7.391978e+32
1.462789e+14 7.515196e+32
1.474129e+14 7.640467e+32
1.485556e+14 7.767827e+32
1.497071e+14 7.897309e+32
1.508676e+14 8.028950e+32
1.520371e+14 8.162785e+32
1.532156e+14 8.298851e+32
1.544033e+14 8.437185e+32
1.556002e+14 8.577825e+32
1.568063e+14 8.720810e+32
1.580219e+14 8.866177e+32
1.592468e+14 9.013968e+32
1.604812e+14 9.164223e+32
1.617252e+14 9.316982e+32
1.629789e+14 9.472287e+32
1.642422e+14 9.630181e+32
1.655154e+14 9.790707e+32
1.667984e+14 9.953909e+32
1.680914e+14 1.011983e+33
1.693944e+14 1.028852e+33
1.707075e+14 1.046002e+33
1.720307e+14 1.063438e+33
1.733643e+14 1.081164e+33
1.747081e+14 1.099186e+33
1.760624e+14 1.117509e+33
1.774272e+14 1.136137e+33
1.788026e+14 1.155075e+33
1.801886e+14 1.174329e+33
1.815854e+14 1.193904e+33
1.829929e+14 1.213805e+33
1.844114e+14 1.234038e+33
1.858409e+14 1.254609e+33
1.872815e+14 1.275522e+33
1.887333e+14 1.296783e+33
1.901963e+14 1.318400e+33
1.916706e+14 1.340376e+33
1.931564e+14 1.362719e+33
1.946537e+14 1.385434e+33
1.961626e+14 1.408528e+33
1.976832e+14 1.432007e+33
1.992155e+14 1.455877e+33
2.007598e+14 1.480145e+33
2.023160e+14 1.504818e+33
2.038843e+14 1.529902e+33
2.054648e+14 1.555404e+33
2.070575e+14 1.581331e+33
2.086625e+14 1.607690e+33
2.102800e+14 1.634489e+33
2.119100e+14 1.661734e+33
2.135527e+14 1.689434e+33
2.152081e+14 1.717595e+33
2.168763e+14 1.746226e+33
2.185575e+14 1.775334e+33
2.202517e+14 1.804927e+33
2.219590e+14 1.835014e+33
2.236795e+14 1.865602e+33
2.254134e+14 1.896699e+33
2.271608e+14 1.928316e+33
2.289217e+14 1.960459e+33
2.306962e+14 1.993138e+33
2.324845e+14 2.026362e+33
2.342866e+14 2.060139e+33
2.361027e+14 2.094480e+33
2.379329e+14 2.129393e+33
2.397773e+14 2.164888e+33
2.416360e+14 2.200974e+33
2.435091e+14 2.237663e+33
2.453967e+14 2.274962e+33
2.472989e+14 2.312884e+33
2.492159e+14 2.351437e+33
2.511478e+14 2.390634e+33
2.530946e+14 2.430483e+33
2.550565e+14 2.470997e+33
2.570336e+14 2.512187e+33
2.590260e+14 2.554062e+33
2.610339e+14 2.596636e+33
2.630574e+14 2.639920e+33
2.650965e+14 2.683925e+33
2.671515e+14 2.728663e+33
2.692224e+14 2.774147e+33
2.713093e+14 2.820390e+33
2.734124e+14 2.867403e+33
2.755318e+14 2.915200e+33
2.776676e+14 2.963794e+33
2.798200e+14 3.013198e+33
2.819891e+14 3.063425e+33
2.841750e+14 3.114489e+33
2.863778e+14 3.166405e+33
2.885977e+14 3.219186e+33
2.908349e+14 3.272847e+33
2.930893e+14 3.327402e+33
