# epsilon [g/cm^3]   P [dyn/cm^2]
1.364583e+14 6.524466e+32
1.375161e+14 6.649817e+32
1.385821e+14 6.777577e+32
1.396563e+14 6.907791e+32
1.407389e+14 7.040506e+32
1.418299e+14 7.175772e+32
1.429293e+14 7.313636e+32
1.440372e+14 7.454150e+32
1.451538e+14 7.597362e+32
1.462789e+14 7.743326e+32
1.474129e+14 7.892095e+32
1.485556e+14 8.043722e+32
1.497071e+14 8.198262e+32
1.508676e+14 8.355770e+32
1.520371e+14 8.516306e+32
1.532156e+14 8.679925e+32
1.544033e+14 8.846688e+32
1.556002e+14 9.016655e+32
1.568063e+14 9.189887e+32
1.580219e+14 9.366448e+32
1.592468e+14 9.546400e+32
1.604812e+14 9.729810e+32
1.617252e+14 9.916744e+32
1.629789e+14 1.010727e+33
1.642422e+14 1.030146e+33
1.655154e+14 1.049937e+33
1.667984e+14 1.070109e+33
1.680914e+14 1.090669e+33
1.693944e+14 1.111623e+33
1.707075e+14 1.132980e+33
1.720307e+14 1.154747e+33
1.733643e+14 1.176933e+33
1.747081e+14 1.199545e+33
1.760624e+14 1.222591e+33
1.774272e+14 1.246080e+33
1.788026e+14 1.270020e+33
1.801886e+14 1.294420e+33
1.815854e+14 1.319290e+33
1.829929e+14 1.344636e+33
1.844114e+14 1.370470e+33
1.858409e+14 1.396800e+33
1.872815e+14 1.423636e+33
1.887333e+14 1.450988e+33
1.901963e+14 1.478865e+33
1.916706e+14 1.507278e+33
1.931564e+14 1.536236e+33
1.946537e+14 1.565751e+33
1.961626e+14 1.595833e+33
1.976832e+14 1.626493e+33
1.992155e+14 1.657742e+33
2.007598e+14 1.689591e+33
2.023160e+14 1.722052e+33
2.038843e+14 1.755137e+33
2.054648e+14 1.788858e+33
2.070575e+14 1.823226e+33
2.086625e+14 1.858255e+33
2.102800e+14 1.893957e+33
2.119100e+14 1.930344e+33
2.135527e+14 1.967431e+33
2.152081e+14 2.005230e+33
2.168763e+14 2.043756e+33
2.185575e+14 2.083021e+33
2.202517e+14 2.123041e+33
2.219590e+14 2.163830e+33
2.236795e+14 2.205403e+33
2.254134e+14 2.247774e+33
2.271608e+14 2.290959e+33
2.289217e+14 2.334974e+33
2.306962e+14 2.379835e+33
2.324845e+14 2.425558e+33
2.342866e+14 2.472159e+33
2.361027e+14 2.519655e+33
2.379329e+14 2.568064e+33
2.397773e+14 2.617403e+33
2.416360e+14 2.667689e+33
2.435091e+14 2.718942e+33
2.453967e+14 2.771180e+33
2.472989e+14 2.824421e+33
2.492159e+14 2.878685e+33
2.511478e+14 2.933992e+33
2.530946e+14 2.990361e+33
2.550565e+14 3.047814e+33
2.570336e+14 3.106370e+33
2.590260e+14 3.166051e+33
2.610339e+14 3.226878e+33
2.630574e+14 3.288875e+33
2.650965e+14 3.352062e+33
2.671515e+14 3.416464e+33
2.692224e+14 3.482102e+33
2.713093e+14 3.549002e+33
2.734124e+14 3.617187e+33
2.755318e+14 3.686682e+33
2.776676e+14 3.757513e+33
2.798200e+14 3.829704e+33
2.819891e+14 3.903282e+33
2.841750e+14 3.978274e+33
2.863778e+14 4.054706e+33
2.885977e+14 4.132607e+33
2.908349e+14 4.212005e+33
2.930893e+14 4.292928e+33
