# epsilon [g/cm^3]   P [dyn/cm^2]
1.364583e+14 6.530422e+32
1.375161e+14 6.657934e+32
1.385821e+14 6.787935e+32
1.396563e+14 6.920475e+32
1.407389e+14 7.055603e+32
1.418299e+14 7.193369e+32
1.429293e+14 7.333826e+32
1.440372e+14 7.477025e+32
1.451538e+14 7.623020e+32
1.462789e+14 7.771865e+32
1.474129e+14 7.923617e+32
1.485556e+14 8.078333e+32
1.497071e+14 8.236069e+32
1.508676e+14 8.396885e+32
1.520371e+14 8.560841e+32
1.532156e+14 8.727998e+32
1.544033e+14 8.898419e+32
1.556002e+14 9.072168e+32
1.568063e+14 9.249310e+32
1.580219e+14 9.429910e+32
1.592468e+14 9.614037e+32
1.604812e+14 9.801758e+32
1.617252e+14 9.993146e+32
1.629789e+14 1.018827e+33
1.642422e+14 1.038720e+33
1.655154e+14 1.059002e+33
1.667984e+14 1.079680e+33
1.680914e+14 1.100762e+33
1.693944e+14 1.122255e+33
1.707075e+14 1.144168e+33
1.720307e+14 1.166509e+33
1.733643e+14 1.189286e+33
1.747081e+14 1.212508e+33
1.760624e+14 1.236183e+33
1.774272e+14 1.260320e+33
1.788026e+14 1.284929e+33
1.801886e+14 1.310018e+33
1.815854e+14 1.335598e+33
1.829929e+14 1.361676e+33
1.844114e+14 1.388264e+33
1.858409e+14 1.415371e+33
1.872815e+14 1.443007e+33
1.887333e+14 1.471183e+33
1.901963e+14 1.499909e+33
1.916706e+14 1.529196e+33
1.931564e+14 1.559055e+33
1.946537e+14 1.589497e+33
1.961626e+14 1.620533e+33
1.976832e+14 1.652175e+33
1.992155e+14 1.684435e+33
2.007598e+14 1.717325e+33
2.023160e+14 1.750857e+33
2.038843e+14 1.785044e+33
2.054648e+14 1.819899e+33
2.070575e+14 1.855434e+33
2.086625e+14 1.891663e+33
2.102800e+14 1.928599e+33
2.119100e+14 1.966256e+33
2.135527e+14 2.004649e+33
2.152081e+14 2.043792e+33
2.168763e+14 2.083698e+33
2.185575e+14 2.124384e+33
2.202517e+14 2.165865e+33
2.219590e+14 2.208155e+33
2.236795e+14 2.251271e+33
2.254134e+14 2.295229e+33
2.271608e+14 2.340045e+33
2.289217e+14 2.385736e+33
2.306962e+14 2.432320e+33
2.324845e+14 2.479813e+33
2.342866e+14 2.528233e+33
2.361027e+14 2.577599e+33
2.379329e+14 2.627929e+33
2.397773e+14 2.679241e+33
2.416360e+14 2.731555e+33
2.435091e+14 2.784891e+33
2.453967e+14 2.839268e+33
2.472989e+14 2.894707e+33
2.492159e+14 2.951229e+33
2.511478e+14 3.008854e+33
2.530946e+14 3.067604e+33
2.550565e+14 3.127502e+33
2.570336e+14 3.188569e+33
2.590260e+14 3.250828e+33
2.610339e+14 3.314303e+33
2.630574e+14 3.379018e+33
2.650965e+14 3.444996e+33
2.671515e+14 3.512262e+33
2.692224e+14 3.580842e+33
2.713093e+14 3.650761e+33
2.734124e+14 3.722045e+33
2.755318e+14 3.794721e+33
2.776676e+14 3.868816e+33
2.798200e+14 3.944358e+33
2.819891e+14 4.021375e+33
2.841750e+14 4.099895e+33
2.863778e+14 4.179949e+33
2.885977e+14 4.261566e+33
2.908349e+14 4.344777e+33
2.930893e+14 4.429612e+33
