# epsilon [g/cm^3]   P [dyn/cm^2]
1.364583e+14 6.457457e+32
1.375161e+14 6.558672e+32
1.385821e+14 6.661473e+32
1.396563e+14 6.765886e+32
1.407389e+14 6.871935e+32
1.418299e+14 6.979646e+32
1.429293e+14 7.089046e+32
1.440372e+14 7.200160e+32
1.451538e+14 7.313016e+32
1.462789e+14 7.427641e+32
1.474129e+14 7.544063e+32
1.485556e+14 7.662309e+32
1.497071e+14 7.782409e+32
1.508676e+14 7.904391e+32
1.520371e+14 8.028285e+32
1.532156e+14 8.154122e+32
1.544033e+14 8.281930e+32
1.556002e+14 8.411742e+32
1.568063e+14 8.543588e+32
1.580219e+14 8.677501e+32
1.592468e+14 8.813513e+32
1.604812e+14 8.951657e+32
1.617252e+14 9.091967e+32
1.629789e+14 9.234475e+32
1.642422e+14 9.379217e+32
1.655154e+14 9.526228e+32
1.667984e+14 9.675543e+32
1.680914e+14 9.827198e+32
1.693944e+14 9.981231e+32
1.707075e+14 1.013768e+33
1.720307e+14 1.029658e+33
1.733643e+14 1.045797e+33
1.747081e+14 1.062189e+33
1.760624e+14 1.078837e+33
1.774272e+14 1.095747e+33
1.788026e+14 1.112922e+33
1.801886e+14 1.130366e+33
1.815854e+14 1.148084e+33
1.829929e+14 1.166079e+33
1.844114e+14 1.184356e+33
1.858409e+14 1.202920e+33
1.872815e+14 1.221774e+33
1.887333e+14 1.240925e+33
1.901963e+14 1.260375e+33
1.916706e+14 1.280130e+33
1.931564e+14 1.300195e+33
1.946537e+14 1.320574e+33
1.961626e+14 1.341273e+33
1.976832e+14 1.362297e+33
1.992155e+14 1.383649e+33
2.007598e+14 1.405337e+33
2.023160e+14 1.427364e+33
2.038843e+14 1.449737e+33
2.054648e+14 1.472460e+33
2.070575e+14 1.495540e+33
2.086625e+14 1.518981e+33
2.102800e+14 1.542789e+33
2.119100e+14 1.566971e+33
2.135527e+14 1.591532e+33
2.152081e+14 1.616478e+33
2.168763e+14 1.641815e+33
2.185575e+14 1.667549e+33
2.202517e+14 1.693686e+33
2.219590e+14 1.720233e+33
2.236795e+14 1.747196e+33
2.254134e+14 1.774582e+33
2.271608e+14 1.802397e+33
2.289217e+14 1.830648e+33
2.306962e+14 1.859342e+33
2.324845e+14 1.888485e+33
2.342866e+14 1.918085e+33
2.361027e+14 1.948150e+33
2.379329e+14 1.978685e+33
2.397773e+14 2.009699e+33
2.416360e+14 2.041200e+33
2.435091e+14 2.073194e+33
2.453967e+14 2.105689e+33
2.472989e+14 2.138694e+33
2.492159e+14 2.172216e+33
2.511478e+14 2.206263e+33
2.530946e+14 2.240845e+33
2.550565e+14 2.275968e+33
2.570336e+14 2.311642e+33
2.590260e+14 2.347874e+33
2.610339e+14 2.384675e+33
2.630574e+14 2.422053e+33
2.650965e+14 2.460016e+33
2.671515e+14 2.498575e+33
2.692224e+14 2.537738e+33
2.713093e+14 2.577515e+33
2.734124e+14 2.617915e+33
2.755318e+14 2.658948e+33
2.776676e+14 2.700625e+33
2.798200e+14 2.742955e+33
2.819891e+14 2.785948e+33
2.841750e+14 2.829615e+33
2.863778e+14 2.873967e+33
2.885977e+14 2.919014e+33
2.908349e+14 2.964767e+33
2.930893e+14 3.011237e+33
