# epsilon [g/cm^3]   P [dyn/cm^2]
1.364583e+14 6.627352e+32
1.375161e+14 6.790377e+32
1.385821e+14 6.957411e+32
1.396563e+14 7.128555e+32
1.407389e+14 7.303908e+32
1.418299e+14 7.483575e+32
1.429293e+14 7.667662e+32
1.440372e+14 7.856276e+32
1.451538e+14 8.049531e+32
1.462789e+14 8.247539e+32
1.474129e+14 8.450418e+32
1.485556e+14 8.658288e+32
1.497071e+14 8.871271e+32
1.508676e+14 9.089493e+32
1.520371e+14 9.313083e+32
1.532156e+14 9.542173e+32
1.544033e+14 9.776899e+32
1.556002e+14 1.001740e+33
1.568063e+14 1.026381e+33
1.580219e+14 1.051629e+33
1.592468e+14 1.077498e+33
1.604812e+14 1.104003e+33
1.617252e+14 1.131160e+33
1.629789e+14 1.158985e+33
1.642422e+14 1.187495e+33
1.655154e+14 1.216705e+33
1.667984e+14 1.246635e+33
1.680914e+14 1.277301e+33
1.693944e+14 1.308721e+33
1.707075e+14 1.340913e+33
1.720307e+14 1.373898e+33
1.733643e+14 1.407694e+33
1.747081e+14 1.442322e+33
1.760624e+14 1.477801e+33
1.774272e+14 1.514153e+33
1.788026e+14 1.551399e+33
1.801886e+14 1.589562e+33
1.815854e+14 1.628663e+33
1.829929e+14 1.668726e+33
1.844114e+14 1.709775e+33
1.858409e+14 1.751833e+33
1.872815e+14 1.794926e+33
1.887333e+14 1.839079e+33
1.901963e+14 1.884318e+33
1.916706e+14 1.930670e+33
1.931564e+14 1.978162e+33
1.946537e+14 2.026822e+33
1.961626e+14 2.076679e+33
1.976832e+14 2.127763e+33
1.992155e+14 2.180103e+33
2.007598e+14 2.233731e+33
2.023160e+14 2.288678e+33
2.038843e+14 2.344977e+33
2.054648e+14 2.402660e+33
2.070575e+14 2.461762e+33
2.086625e+14 2.522319e+33
2.102800e+14 2.584365e+33
2.119100e+14 2.647937e+33
2.135527e+14 2.713073e+33
2.152081e+14 2.779811e+33
2.168763e+14 2.848191e+33
2.185575e+14 2.918252e+33
2.202517e+14 2.990038e+33
2.219590e+14 3.063589e+33
2.236795e+14 3.138949e+33
2.254134e+14 3.216164e+33
2.271608e+14 3.295277e+33
2.289217e+14 3.376337e+33
2.306962e+14 3.459390e+33
2.324845e+14 3.544487e+33
2.342866e+14 3.631677e+33
2.361027e+14 3.721012e+33
2.379329e+14 3.812544e+33
2.397773e+14 3.906328e+33
2.416360e+14 4.002418e+33
2.435091e+14 4.100873e+33
2.453967e+14 4.201749e+33
2.472989e+14 4.305107e+33
2.492159e+14 4.411007e+33
2.511478e+14 4.519512e+33
2.530946e+14 4.630686e+33
2.550565e+14 4.744595e+33
2.570336e+14 4.861307e+33
2.590260e+14 4.980889e+33
2.610339e+14 5.103412e+33
2.630574e+14 5.228950e+33
2.650965e+14 5.357575e+33
2.671515e+14 5.489365e+33
2.692224e+14 5.624396e+33
2.713093e+14 5.762749e+33
2.734124e+14 5.904506e+33
2.755318e+14 6.049749e+33
2.776676e+14 6.198565e+33
2.798200e+14 6.351042e+33
2.819891e+14 6.507270e+33
2.841750e+14 6.667340e+33
2.863778e+14 6.831348e+33
2.885977e+14 6.999391e+33
2.908349e+14 7.171567e+33
2.930893e+14 7.347979e+33
