# epsilon [g/cm^3]   P [dyn/cm^2]
1.364583e+14 6.602947e+32
1.375161e+14 6.756969e+32
1.385821e+14 6.914583e+32
1.396563e+14 7.075873e+32
1.407389e+14 7.240926e+32
1.418299e+14 7.409829e+32
1.429293e+14 7.582672e+32
1.440372e+14 7.759546e+32
1.451538e+14 7.940547e+32
1.462789e+14 8.125769e+32
1.474129e+14 8.315312e+32
1.485556e+14 8.509276e+32
1.497071e+14 8.707765e+32
1.508676e+14 8.910884e+32
1.520371e+14 9.118740e+32
1.532156e+14 9.331445e+32
1.544033e+14 9.549112e+32
1.556002e+14 9.771856e+32
1.568063e+14 9.999796e+32
1.580219e+14 1.023305e+33
1.592468e+14 1.047175e+33
1.604812e+14 1.071602e+33
1.617252e+14 1.096598e+33
1.629789e+14 1.122177e+33
1.642422e+14 1.148353e+33
1.655154e+14 1.175140e+33
1.667984e+14 1.202552e+33
1.680914e+14 1.230603e+33
1.693944e+14 1.259308e+33
1.707075e+14 1.288683e+33
1.720307e+14 1.318743e+33
1.733643e+14 1.349504e+33
1.747081e+14 1.380982e+33
1.760624e+14 1.413195e+33
1.774272e+14 1.446160e+33
1.788026e+14 1.479893e+33
1.801886e+14 1.514413e+33
1.815854e+14 1.549739e+33
1.829929e+14 1.585888e+33
1.844114e+14 1.622881e+33
1.858409e+14 1.660737e+33
1.872815e+14 1.699475e+33
1.887333e+14 1.739117e+33
1.901963e+14 1.779684e+33
1.916706e+14 1.821197e+33
1.931564e+14 1.863679e+33
1.946537e+14 1.907151e+33
1.961626e+14 1.951638e+33
1.976832e+14 1.997162e+33
1.992155e+14 2.043748e+33
2.007598e+14 2.091421e+33
2.023160e+14 2.140206e+33
2.038843e+14 2.190129e+33
2.054648e+14 2.241216e+33
2.070575e+14 2.293495e+33
2.086625e+14 2.346993e+33
2.102800e+14 2.401740e+33
2.119100e+14 2.457763e+33
2.135527e+14 2.515093e+33
2.152081e+14 2.573760e+33
2.168763e+14 2.633796e+33
2.185575e+14 2.695233e+33
2.202517e+14 2.758102e+33
2.219590e+14 2.822438e+33
2.236795e+14 2.888275e+33
2.254134e+14 2.955647e+33
2.271608e+14 3.024591e+33
2.289217e+14 3.095143e+33
2.306962e+14 3.167341e+33
2.324845e+14 3.241223e+33
2.342866e+14 3.316828e+33
2.361027e+14 3.394197e+33
2.379329e+14 3.473370e+33
2.397773e+14 3.554391e+33
2.416360e+14 3.637301e+33
2.435091e+14 3.722145e+33
2.453967e+14 3.808968e+33
2.472989e+14 3.897817e+33
2.492159e+14 3.988738e+33
2.511478e+14 4.081780e+33
2.530946e+14 4.176992e+33
2.550565e+14 4.274425e+33
2.570336e+14 4.374131e+33
2.590260e+14 4.476163e+33
2.610339e+14 4.580574e+33
2.630574e+14 4.687422e+33
2.650965e+14 4.796761e+33
2.671515e+14 4.908651e+33
2.692224e+14 5.023151e+33
2.713093e+14 5.140322e+33
2.734124e+14 5.260226e+33
2.755318e+14 5.382927e+33
2.776676e+14 5.508490e+33
2.798200e+14 5.636981e+33
2.819891e+14 5.768470e+33
2.841750e+14 5.903027e+33
2.863778e+14 6.040722e+33
2.885977e+14 6.181628e+33
2.908349e+14 6.325822e+33
2.930893e+14 6.473379e+33
