# epsilon [g/cm^3]   P [dyn/cm^2]
1.364583e+14 6.605948e+32
1.375161e+14 6.761074e+32
1.385821e+14 6.919842e+32
1.396563e+14 7.082339e+32
1.407389e+14 7.248652e+32
1.418299e+14 7.418871e+32
1.429293e+14 7.593086e+32
1.440372e+14 7.771393e+32
1.451538e+14 7.953887e+32
1.462789e+14 8.140666e+32
1.474129e+14 8.331832e+32
1.485556e+14 8.527486e+32
1.497071e+14 8.727735e+32
1.508676e+14 8.932686e+32
1.520371e+14 9.142451e+32
1.532156e+14 9.357141e+32
1.544033e+14 9.576872e+32
1.556002e+14 9.801764e+32
1.568063e+14 1.003194e+33
1.580219e+14 1.026751e+33
1.592468e+14 1.050862e+33
1.604812e+14 1.075540e+33
1.617252e+14 1.100796e+33
1.629789e+14 1.126646e+33
1.642422e+14 1.153103e+33
1.655154e+14 1.180181e+33
1.667984e+14 1.207895e+33
1.680914e+14 1.236259e+33
1.693944e+14 1.265290e+33
1.707075e+14 1.295003e+33
1.720307e+14 1.325413e+33
1.733643e+14 1.356537e+33
1.747081e+14 1.388393e+33
1.760624e+14 1.420996e+33
1.774272e+14 1.454365e+33
1.788026e+14 1.488517e+33
1.801886e+14 1.523472e+33
1.815854e+14 1.559247e+33
1.829929e+14 1.595863e+33
1.844114e+14 1.633338e+33
1.858409e+14 1.671693e+33
1.872815e+14 1.710949e+33
1.887333e+14 1.751127e+33
1.901963e+14 1.792248e+33
1.916706e+14 1.834335e+33
1.931564e+14 1.877411e+33
1.946537e+14 1.921497e+33
1.961626e+14 1.966619e+33
1.976832e+14 2.012801e+33
1.992155e+14 2.060067e+33
2.007598e+14 2.108443e+33
2.023160e+14 2.157955e+33
2.038843e+14 2.208630e+33
2.054648e+14 2.260495e+33
2.070575e+14 2.313578e+33
2.086625e+14 2.367907e+33
2.102800e+14 2.423512e+33
2.119100e+14 2.480423e+33
2.135527e+14 2.538670e+33
2.152081e+14 2.598285e+33
2.168763e+14 2.659300e+33
2.185575e+14 2.721747e+33
2.202517e+14 2.785662e+33
2.219590e+14 2.851077e+33
2.236795e+14 2.918028e+33
2.254134e+14 2.986551e+33
2.271608e+14 3.056684e+33
2.289217e+14 3.128463e+33
2.306962e+14 3.201928e+33
2.324845e+14 3.277118e+33
2.342866e+14 3.354074e+33
2.361027e+14 3.432837e+33
2.379329e+14 3.513450e+33
2.397773e+14 3.595955e+33
2.416360e+14 3.680398e+33
2.435091e+14 3.766824e+33
2.453967e+14 3.855279e+33
2.472989e+14 3.945812e+33
2.492159e+14 4.038471e+33
2.511478e+14 4.133305e+33
2.530946e+14 4.230367e+33
2.550565e+14 4.329707e+33
2.570336e+14 4.431381e+33
2.590260e+14 4.535442e+33
2.610339e+14 4.641947e+33
2.630574e+14 4.750952e+33
2.650965e+14 4.862518e+33
2.671515e+14 4.976703e+33
2.692224e+14 5.093570e+33
2.713093e+14 5.213181e+33
2.734124e+14 5.335601e+33
2.755318e+14 5.460896e+33
2.776676e+14 5.589133e+33
2.798200e+14 5.720381e+33
2.819891e+14 5.854712e+33
2.841750e+14 5.992196e+33
2.863778e+14 6.132910e+33
2.885977e+14 6.276928e+33
2.908349e+14 6.424327e+33
2.930893e+14 6.575188e+33
