# epsilon [g/cm^3]   P [dyn/cm^2]
1.364583e+14 6.514254e+32
1.375161e+14 6.635907e+32
1.385821e+14 6.759831e+32
1.396563e+14 6.886070e+32
1.407389e+14 7.014666e+32
1.418299e+14 7.145664e+32
1.429293e+14 7.279108e+32
1.440372e+14 7.415044e+32
1.451538e+14 7.553519e+32
1.462789e+14 7.694580e+32
1.474129e+14 7.838275e+32
1.485556e+14 7.984653e+32
1.497071e+14 8.133765e+32
1.508676e+14 8.285662e+32
1.520371e+14 8.440395e+32
1.532156e+14 8.598018e+32
1.544033e+14 8.758584e+32
1.556002e+14 8.922150e+32
1.568063e+14 9.088769e+32
1.580219e+14 9.258500e+32
1.592468e+14 9.431401e+32
1.604812e+14 9.607531e+32
1.617252e+14 9.786950e+32
1.629789e+14 9.969720e+32
1.642422e+14 1.015590e+33
1.655154e+14 1.034556e+33
1.667984e+14 1.053876e+33
1.680914e+14 1.073557e+33
1.693944e+14 1.093606e+33
1.707075e+14 1.114029e+33
1.720307e+14 1.134833e+33
1.733643e+14 1.156026e+33
1.747081e+14 1.177614e+33
1.760624e+14 1.199606e+33
1.774272e+14 1.222009e+33
1.788026e+14 1.244829e+33
1.801886e+14 1.268076e+33
1.815854e+14 1.291758e+33
1.829929e+14 1.315881e+33
1.844114e+14 1.340455e+33
1.858409e+14 1.365488e+33
1.872815e+14 1.390988e+33
1.887333e+14 1.416964e+33
1.901963e+14 1.443426e+33
1.916706e+14 1.470382e+33
1.931564e+14 1.497841e+33
1.946537e+14 1.525813e+33
1.961626e+14 1.554307e+33
1.976832e+14 1.583333e+33
1.992155e+14 1.612902e+33
2.007598e+14 1.643022e+33
2.023160e+14 1.673706e+33
2.038843e+14 1.704962e+33
2.054648e+14 1.736802e+33
2.070575e+14 1.769236e+33
2.086625e+14 1.802276e+33
2.102800e+14 1.835933e+33
2.119100e+14 1.870219e+33
2.135527e+14 1.905145e+33
2.152081e+14 1.940724e+33
2.168763e+14 1.976966e+33
2.185575e+14 2.013886e+33
2.202517e+14 2.051495e+33
2.219590e+14 2.089806e+33
2.236795e+14 2.128833e+33
2.254134e+14 2.168588e+33
2.271608e+14 2.209086e+33
2.289217e+14 2.250341e+33
2.306962e+14 2.292365e+33
2.324845e+14 2.335175e+33
2.342866e+14 2.378784e+33
2.361027e+14 2.423207e+33
2.379329e+14 2.468460e+33
2.397773e+14 2.514558e+33
2.416360e+14 2.561517e+33
2.435091e+14 2.609353e+33
2.453967e+14 2.658082e+33
2.472989e+14 2.707722e+33
2.492159e+14 2.758288e+33
2.511478e+14 2.809798e+33
2.530946e+14 2.862271e+33
2.550565e+14 2.915723e+33
2.570336e+14 2.970174e+33
2.590260e+14 3.025642e+33
2.610339e+14 3.082145e+33
2.630574e+14 3.139703e+33
2.650965e+14 3.198337e+33
2.671515e+14 3.258065e+33
2.692224e+14 3.318909e+33
2.713093e+14 3.380889e+33
2.734124e+14 3.444027e+33
2.755318e+14 3.508343e+33
2.776676e+14 3.573861e+33
2.798200e+14 3.640602e+33
2.819891e+14 3.708590e+33
2.841750e+14 3.777847e+33
2.863778e+14 3.848398e+33
2.885977e+14 3.920266e+33
2.908349e+14 3.993476e+33
2.930893e+14 4.068054e+33
