# epsilon [g/cm^3]   P [dyn/cm^2]
1.364583e+14 6.527495e+32
1.375161e+14 6.653945e+32
1.385821e+14 6.782844e+32
1.396563e+14 6.914240e+32
1.407389e+14 7.048182e+32
1.418299e+14 7.184718e+32
1.429293e+14 7.323900e+32
1.440372e+14 7.465777e+32
1.451538e+14 7.610403e+32
1.462789e+14 7.757831e+32
1.474129e+14 7.908115e+32
1.485556e+14 8.061310e+32
1.497071e+14 8.217472e+32
1.508676e+14 8.376660e+32
1.520371e+14 8.538931e+32
1.532156e+14 8.704346e+32
1.544033e+14 8.872966e+32
1.556002e+14 9.044852e+32
1.568063e+14 9.220067e+32
1.580219e+14 9.398677e+32
1.592468e+14 9.580747e+32
1.604812e+14 9.766344e+32
1.617252e+14 9.955536e+32
1.629789e+14 1.014839e+33
1.642422e+14 1.034499e+33
1.655154e+14 1.054539e+33
1.667984e+14 1.074967e+33
1.680914e+14 1.095791e+33
1.693944e+14 1.117019e+33
1.707075e+14 1.138658e+33
1.720307e+14 1.160716e+33
1.733643e+14 1.183201e+33
1.747081e+14 1.206122e+33
1.760624e+14 1.229486e+33
1.774272e+14 1.253304e+33
1.788026e+14 1.277583e+33
1.801886e+14 1.302332e+33
1.815854e+14 1.327560e+33
1.829929e+14 1.353278e+33
1.844114e+14 1.379493e+33
1.858409e+14 1.406217e+33
1.872815e+14 1.433458e+33
1.887333e+14 1.461226e+33
1.901963e+14 1.489533e+33
1.916706e+14 1.518388e+33
1.931564e+14 1.547802e+33
1.946537e+14 1.577786e+33
1.961626e+14 1.608350e+33
1.976832e+14 1.639507e+33
1.992155e+14 1.671268e+33
2.007598e+14 1.703643e+33
2.023160e+14 1.736646e+33
2.038843e+14 1.770288e+33
2.054648e+14 1.804582e+33
2.070575e+14 1.839540e+33
2.086625e+14 1.875175e+33
2.102800e+14 1.911501e+33
2.119100e+14 1.948530e+33
2.135527e+14 1.986277e+33
2.152081e+14 2.024755e+33
2.168763e+14 2.063978e+33
2.185575e+14 2.103961e+33
2.202517e+14 2.144719e+33
2.219590e+14 2.186266e+33
2.236795e+14 2.228618e+33
2.254134e+14 2.271790e+33
2.271608e+14 2.315799e+33
2.289217e+14 2.360660e+33
2.306962e+14 2.406391e+33
2.324845e+14 2.453007e+33
2.342866e+14 2.500526e+33
2.361027e+14 2.548966e+33
2.379329e+14 2.598344e+33
2.397773e+14 2.648679e+33
2.416360e+14 2.699989e+33
2.435091e+14 2.752293e+33
2.453967e+14 2.805610e+33
2.472989e+14 2.859960e+33
2.492159e+14 2.915363e+33
2.511478e+14 2.971839e+33
2.530946e+14 3.029409e+33
2.550565e+14 3.088094e+33
2.570336e+14 3.147916e+33
2.590260e+14 3.208897e+33
2.610339e+14 3.271059e+33
2.630574e+14 3.334426e+33
2.650965e+14 3.399020e+33
2.671515e+14 3.464865e+33
2.692224e+14 3.531986e+33
2.713093e+14 3.600407e+33
2.734124e+14 3.670154e+33
2.755318e+14 3.741252e+33
2.776676e+14 3.813727e+33
2.798200e+14 3.887606e+33
2.819891e+14 3.962916e+33
2.841750e+14 4.039685e+33
2.863778e+14 4.117941e+33
2.885977e+14 4.197713e+33
2.908349e+14 4.279031e+33
2.930893e+14 4.361924e+33
