# epsilon [g/cm^3]   P [dyn/cm^2]
1.364583e+14 6.466190e+32
1.375161e+14 6.570532e+32
1.385821e+14 6.676559e+32
1.396563e+14 6.784296e+32
1.407389e+14 6.893771e+32
1.418299e+14 7.005014e+32
1.429293e+14 7.118051e+32
1.440372e+14 7.232912e+32
1.451538e+14 7.349627e+32
1.462789e+14 7.468225e+32
1.474129e+14 7.588737e+32
1.485556e+14 7.711194e+32
1.497071e+14 7.835626e+32
1.508676e+14 7.962067e+32
1.520371e+14 8.090548e+32
1.532156e+14 8.221102e+32
1.544033e+14 8.353763e+32
1.556002e+14 8.488564e+32
1.568063e+14 8.625541e+32
1.580219e+14 8.764728e+32
1.592468e+14 8.906161e+32
1.604812e+14 9.049877e+32
1.617252e+14 9.195911e+32
1.629789e+14 9.344302e+32
1.642422e+14 9.495087e+32
1.655154e+14 9.648306e+32
1.667984e+14 9.803997e+32
1.680914e+14 9.962201e+32
1.693944e+14 1.012296e+33
1.707075e+14 1.028631e+33
1.720307e+14 1.045229e+33
1.733643e+14 1.062096e+33
1.747081e+14 1.079234e+33
1.760624e+14 1.096650e+33
1.774272e+14 1.114346e+33
1.788026e+14 1.132328e+33
1.801886e+14 1.150600e+33
1.815854e+14 1.169166e+33
1.829929e+14 1.188033e+33
1.844114e+14 1.207204e+33
1.858409e+14 1.226684e+33
1.872815e+14 1.246478e+33
1.887333e+14 1.266592e+33
1.901963e+14 1.287031e+33
1.916706e+14 1.307799e+33
1.931564e+14 1.328903e+33
1.946537e+14 1.350347e+33
1.961626e+14 1.372137e+33
1.976832e+14 1.394278e+33
1.992155e+14 1.416777e+33
2.007598e+14 1.439639e+33
2.023160e+14 1.462870e+33
2.038843e+14 1.486476e+33
2.054648e+14 1.510463e+33
2.070575e+14 1.534836e+33
2.086625e+14 1.559604e+33
2.102800e+14 1.584770e+33
2.119100e+14 1.610343e+33
2.135527e+14 1.636329e+33
2.152081e+14 1.662733e+33
2.168763e+14 1.689564e+33
2.185575e+14 1.716828e+33
2.202517e+14 1.744532e+33
2.219590e+14 1.772683e+33
2.236795e+14 1.801288e+33
2.254134e+14 1.830355e+33
2.271608e+14 1.859890e+33
2.289217e+14 1.889903e+33
2.306962e+14 1.920399e+33
2.324845e+14 1.951388e+33
2.342866e+14 1.982877e+33
2.361027e+14 2.014874e+33
2.379329e+14 2.047387e+33
2.397773e+14 2.080425e+33
2.416360e+14 2.113996e+33
2.435091e+14 2.148109e+33
2.453967e+14 2.182772e+33
2.472989e+14 2.217995e+33
2.492159e+14 2.253786e+33
2.511478e+14 2.290154e+33
2.530946e+14 2.327109e+33
2.550565e+14 2.364661e+33
2.570336e+14 2.402819e+33
2.590260e+14 2.441592e+33
2.610339e+14 2.480991e+33
2.630574e+14 2.521026e+33
2.650965e+14 2.561707e+33
2.671515e+14 2.603044e+33
2.692224e+14 2.645049e+33
2.713093e+14 2.687731e+33
2.734124e+14 2.731102e+33
2.755318e+14 2.775172e+33
2.776676e+14 2.819954e+33
2.798200e+14 2.865459e+33
2.819891e+14 2.911698e+33
2.841750e+14 2.958683e+33
2.863778e+14 3.006426e+33
2.885977e+14 3.054939e+33
2.908349e+14 3.104236e+33
2.930893e+14 3.154328e+33
