# epsilon [g/cm^3]   P [dyn/cm^2]
1.364583e+14 6.534973e+32
1.375161e+14 6.664137e+32
1.385821e+14 6.795855e+32
1.396563e+14 6.930175e+32
1.407389e+14 7.067151e+32
1.418299e+14 7.206834e+32
1.429293e+14 7.349278e+32
1.440372e+14 7.494537e+32
1.451538e+14 7.642667e+32
1.462789e+14 7.793726e+32
1.474129e+14 7.947769e+32
1.485556e+14 8.104858e+32
1.497071e+14 8.265051e+32
1.508676e+14 8.428411e+32
1.520371e+14 8.594999e+32
1.532156e+14 8.764880e+32
1.544033e+14 8.938119e+32
1.556002e+14 9.114782e+32
1.568063e+14 9.294937e+32
1.580219e+14 9.478652e+32
1.592468e+14 9.665999e+32
1.604812e+14 9.857048e+32
1.617252e+14 1.005187e+33
1.629789e+14 1.025055e+33
1.642422e+14 1.045315e+33
1.655154e+14 1.065976e+33
1.667984e+14 1.087045e+33
1.680914e+14 1.108531e+33
1.693944e+14 1.130441e+33
1.707075e+14 1.152784e+33
1.720307e+14 1.175569e+33
1.733643e+14 1.198804e+33
1.747081e+14 1.222499e+33
1.760624e+14 1.246662e+33
1.774272e+14 1.271302e+33
1.788026e+14 1.296430e+33
1.801886e+14 1.322054e+33
1.815854e+14 1.348184e+33
1.829929e+14 1.374831e+33
1.844114e+14 1.402005e+33
1.858409e+14 1.429716e+33
1.872815e+14 1.457974e+33
1.887333e+14 1.486791e+33
1.901963e+14 1.516178e+33
1.916706e+14 1.546145e+33
1.931564e+14 1.576705e+33
1.946537e+14 1.607869e+33
1.961626e+14 1.639648e+33
1.976832e+14 1.672056e+33
1.992155e+14 1.705105e+33
2.007598e+14 1.738806e+33
2.023160e+14 1.773174e+33
2.038843e+14 1.808221e+33
2.054648e+14 1.843960e+33
2.070575e+14 1.880407e+33
2.086625e+14 1.917573e+33
2.102800e+14 1.955474e+33
2.119100e+14 1.994124e+33
2.135527e+14 2.033538e+33
2.152081e+14 2.073731e+33
2.168763e+14 2.114719e+33
2.185575e+14 2.156517e+33
2.202517e+14 2.199140e+33
2.219590e+14 2.242607e+33
2.236795e+14 2.286932e+33
2.254134e+14 2.332133e+33
2.271608e+14 2.378228e+33
2.289217e+14 2.425234e+33
2.306962e+14 2.473169e+33
2.324845e+14 2.522052e+33
2.342866e+14 2.571900e+33
2.361027e+14 2.622734e+33
2.379329e+14 2.674573e+33
2.397773e+14 2.727436e+33
2.416360e+14 2.781344e+33
2.435091e+14 2.836318e+33
2.453967e+14 2.892378e+33
2.472989e+14 2.949546e+33
2.492159e+14 3.007844e+33
2.511478e+14 3.067294e+33
2.530946e+14 3.127920e+33
2.550565e+14 3.189743e+33
2.570336e+14 3.252789e+33
2.590260e+14 3.317081e+33
2.610339e+14 3.382643e+33
2.630574e+14 3.449501e+33
2.650965e+14 3.517681e+33
2.671515e+14 3.587209e+33
2.692224e+14 3.658110e+33
2.713093e+14 3.730413e+33
2.734124e+14 3.804145e+33
2.755318e+14 3.879334e+33
2.776676e+14 3.956010e+33
2.798200e+14 4.034201e+33
2.819891e+14 4.113937e+33
2.841750e+14 4.195250e+33
2.863778e+14 4.278169e+33
2.885977e+14 4.362728e+33
2.908349e+14 4.448957e+33
2.930893e+14 4.536892e+33
