# epsilon [g/cm^3]   P [dyn/cm^2]
1.364583e+14 6.431811e+32
1.375161e+14 6.523872e+32
1.385821e+14 6.617251e+32
1.396563e+14 6.711966e+32
1.407389e+14 6.808038e+32
1.418299e+14 6.905484e+32
1.429293e+14 7.004325e+32
1.440372e+14 7.104581e+32
1.451538e+14 7.206272e+32
1.462789e+14 7.309418e+32
1.474129e+14 7.414041e+32
1.485556e+14 7.520161e+32
1.497071e+14 7.627801e+32
1.508676e+14 7.736981e+32
1.520371e+14 7.847723e+32
1.532156e+14 7.960051e+32
1.544033e+14 8.073987e+32
1.556002e+14 8.189553e+32
1.568063e+14 8.306773e+32
1.580219e+14 8.425672e+32
1.592468e+14 8.546272e+32
1.604812e+14 8.668598e+32
1.617252e+14 8.792676e+32
1.629789e+14 8.918529e+32
1.642422e+14 9.046184e+32
1.655154e+14 9.175666e+32
1.667984e+14 9.307001e+32
1.680914e+14 9.440216e+32
1.693944e+14 9.575338e+32
1.707075e+14 9.712393e+32
1.720307e+14 9.851411e+32
1.733643e+14 9.992419e+32
1.747081e+14 1.013544e+33
1.760624e+14 1.028052e+33
1.774272e+14 1.042767e+33
1.788026e+14 1.057692e+33
1.801886e+14 1.072831e+33
1.815854e+14 1.088187e+33
1.829929e+14 1.103763e+33
1.844114e+14 1.119562e+33
1.858409e+14 1.135586e+33
1.872815e+14 1.151840e+33
1.887333e+14 1.168327e+33
1.901963e+14 1.185050e+33
1.916706e+14 1.202012e+33
1.931564e+14 1.219217e+33
1.946537e+14 1.236668e+33
1.961626e+14 1.254369e+33
1.976832e+14 1.272324e+33
1.992155e+14 1.290535e+33
2.007598e+14 1.309007e+33
2.023160e+14 1.327743e+33
2.038843e+14 1.346748e+33
2.054648e+14 1.366024e+33
2.070575e+14 1.385577e+33
2.086625e+14 1.405409e+33
2.102800e+14 1.425525e+33
2.119100e+14 1.445929e+33
2.135527e+14 1.466626e+33
2.152081e+14 1.487618e+33
2.168763e+14 1.508911e+33
2.185575e+14 1.530509e+33
2.202517e+14 1.552416e+33
2.219590e+14 1.574636e+33
2.236795e+14 1.597174e+33
2.254134e+14 1.620035e+33
2.271608e+14 1.643224e+33
2.289217e+14 1.666744e+33
2.306962e+14 1.690601e+33
2.324845e+14 1.714799e+33
2.342866e+14 1.739343e+33
2.361027e+14 1.764239e+33
2.379329e+14 1.789492e+33
2.397773e+14 1.815106e+33
2.416360e+14 1.841086e+33
2.435091e+14 1.867438e+33
2.453967e+14 1.894168e+33
2.472989e+14 1.921280e+33
2.492159e+14 1.948780e+33
2.511478e+14 1.976673e+33
2.530946e+14 2.004966e+33
2.550565e+14 2.033664e+33
2.570336e+14 2.062773e+33
2.590260e+14 2.092298e+33
2.610339e+14 2.122246e+33
2.630574e+14 2.152623e+33
2.650965e+14 2.183434e+33
2.671515e+14 2.214687e+33
2.692224e+14 2.246386e+33
2.713093e+14 2.278540e+33
2.734124e+14 2.311154e+33
2.755318e+14 2.344234e+33
2.776676e+14 2.377788e+33
2.798200e+14 2.411822e+33
2.819891e+14 2.446344e+33
2.841750e+14 2.481359e+33
2.863778e+14 2.516876e+33
2.885977e+14 2.552901e+33
2.908349e+14 2.589442e+33
2.930893e+14 2.626506e+33
