# epsilon [g/cm^3]   P [dyn/cm^2]
1.364583e+14 6.488241e+32
1.375161e+14 6.600505e+32
1.385821e+14 6.714711e+32
1.396563e+14 6.830894e+32
1.407389e+14 6.949086e+32
1.418299e+14 7.069324e+32
1.429293e+14 7.191642e+32
1.440372e+14 7.316077e+32
1.451538e+14 7.442664e+32
1.462789e+14 7.571442e+32
1.474129e+14 7.702448e+32
1.485556e+14 7.835721e+32
1.497071e+14 7.971300e+32
1.508676e+14 8.109225e+32
1.520371e+14 8.249536e+32
1.532156e+14 8.392275e+32
1.544033e+14 8.537484e+32
1.556002e+14 8.685205e+32
1.568063e+14 8.835482e+32
1.580219e+14 8.988359e+32
1.592468e+14 9.143882e+32
1.604812e+14 9.302095e+32
1.617252e+14 9.463046e+32
1.629789e+14 9.626782e+32
1.642422e+14 9.793351e+32
1.655154e+14 9.962802e+32
1.667984e+14 1.013519e+33
1.680914e+14 1.031055e+33
1.693944e+14 1.048895e+33
1.707075e+14 1.067044e+33
1.720307e+14 1.085506e+33
1.733643e+14 1.104289e+33
1.747081e+14 1.123396e+33
1.760624e+14 1.142833e+33
1.774272e+14 1.162608e+33
1.788026e+14 1.182724e+33
1.801886e+14 1.203188e+33
1.815854e+14 1.224006e+33
1.829929e+14 1.245185e+33
1.844114e+14 1.266730e+33
1.858409e+14 1.288648e+33
1.872815e+14 1.310945e+33
1.887333e+14 1.333628e+33
1.901963e+14 1.356703e+33
1.916706e+14 1.380178e+33
1.931564e+14 1.404058e+33
1.946537e+14 1.428352e+33
1.961626e+14 1.453066e+33
1.976832e+14 1.478208e+33
1.992155e+14 1.503785e+33
2.007598e+14 1.529805e+33
2.023160e+14 1.556275e+33
2.038843e+14 1.583202e+33
2.054648e+14 1.610596e+33
2.070575e+14 1.638463e+33
2.086625e+14 1.666813e+33
2.102800e+14 1.695654e+33
2.119100e+14 1.724993e+33
2.135527e+14 1.754840e+33
2.152081e+14 1.785203e+33
2.168763e+14 1.816092e+33
2.185575e+14 1.847515e+33
2.202517e+14 1.879482e+33
2.219590e+14 1.912002e+33
2.236795e+14 1.945085e+33
2.254134e+14 1.978740e+33
2.271608e+14 2.012978e+33
2.289217e+14 2.047807e+33
2.306962e+14 2.083240e+33
2.324845e+14 2.119285e+33
2.342866e+14 2.155955e+33
2.361027e+14 2.193259e+33
2.379329e+14 2.231208e+33
2.397773e+14 2.269814e+33
2.416360e+14 2.309087e+33
2.435091e+14 2.349041e+33
2.453967e+14 2.389685e+33
2.472989e+14 2.431033e+33
2.492159e+14 2.473097e+33
2.511478e+14 2.515888e+33
2.530946e+14 2.559419e+33
2.550565e+14 2.603704e+33
2.570336e+14 2.648755e+33
2.590260e+14 2.694586e+33
2.610339e+14 2.741209e+33
2.630574e+14 2.788639e+33
2.650965e+14 2.836890e+33
2.671515e+14 2.885976e+33
2.692224e+14 2.935911e+33
2.713093e+14 2.986710e+33
2.734124e+14 3.038388e+33
2.755318e+14 3.090960e+33
2.776676e+14 3.144442e+33
2.798200e+14 3.198849e+33
2.819891e+14 3.254198e+33
2.841750e+14 3.310504e+33
2.863778e+14 3.367785e+33
2.885977e+14 3.426057e+33
2.908349e+14 3.485336e+33
2.930893e+14 3.545642e+33
