# epsilon [g/cm^3]   P [dyn/cm^2]
1.364583e+14 6.615883e+32
1.375161e+14 6.774671e+32
1.385821e+14 6.937270e+32
1.396563e+14 7.103772e+32
1.407389e+14 7.274270e+32
1.418299e+14 7.448860e+32
1.429293e+14 7.627640e+32
1.440372e+14 7.810712e+32
1.451538e+14 7.998177e+32
1.462789e+14 8.190141e+32
1.474129e+14 8.386713e+32
1.485556e+14 8.588003e+32
1.497071e+14 8.794125e+32
1.508676e+14 9.005193e+32
1.520371e+14 9.221327e+32
1.532156e+14 9.442648e+32
1.544033e+14 9.669282e+32
1.556002e+14 9.901355e+32
1.568063e+14 1.013900e+33
1.580219e+14 1.038234e+33
1.592468e+14 1.063153e+33
1.604812e+14 1.088670e+33
1.617252e+14 1.114799e+33
1.629789e+14 1.141555e+33
1.642422e+14 1.168954e+33
1.655154e+14 1.197010e+33
1.667984e+14 1.225740e+33
1.680914e+14 1.255159e+33
1.693944e+14 1.285284e+33
1.707075e+14 1.316132e+33
1.720307e+14 1.347721e+33
1.733643e+14 1.380067e+33
1.747081e+14 1.413190e+33
1.760624e+14 1.447108e+33
1.774272e+14 1.481840e+33
1.788026e+14 1.517406e+33
1.801886e+14 1.553826e+33
1.815854e+14 1.591119e+33
1.829929e+14 1.629308e+33
1.844114e+14 1.668413e+33
1.858409e+14 1.708456e+33
1.872815e+14 1.749461e+33
1.887333e+14 1.791450e+33
1.901963e+14 1.834447e+33
1.916706e+14 1.878475e+33
1.931564e+14 1.923561e+33
1.946537e+14 1.969728e+33
1.961626e+14 2.017004e+33
1.976832e+14 2.065414e+33
1.992155e+14 2.114986e+33
2.007598e+14 2.165748e+33
2.023160e+14 2.217728e+33
2.038843e+14 2.270956e+33
2.054648e+14 2.325461e+33
2.070575e+14 2.381275e+33
2.086625e+14 2.438428e+33
2.102800e+14 2.496953e+33
2.119100e+14 2.556882e+33
2.135527e+14 2.618250e+33
2.152081e+14 2.681091e+33
2.168763e+14 2.745440e+33
2.185575e+14 2.811333e+33
2.202517e+14 2.878808e+33
2.219590e+14 2.947902e+33
2.236795e+14 3.018655e+33
2.254134e+14 3.091106e+33
2.271608e+14 3.165296e+33
2.289217e+14 3.241266e+33
2.306962e+14 3.319060e+33
2.324845e+14 3.398721e+33
2.342866e+14 3.480294e+33
2.361027e+14 3.563825e+33
2.379329e+14 3.649360e+33
2.397773e+14 3.736949e+33
2.416360e+14 3.826639e+33
2.435091e+14 3.918483e+33
2.453967e+14 4.012530e+33
2.472989e+14 4.108835e+33
2.492159e+14 4.207452e+33
2.511478e+14 4.308435e+33
2.530946e+14 4.411842e+33
2.550565e+14 4.517731e+33
2.570336e+14 4.626161e+33
2.590260e+14 4.737194e+33
2.610339e+14 4.850891e+33
2.630574e+14 4.967318e+33
2.650965e+14 5.086539e+33
2.671515e+14 5.208621e+33
2.692224e+14 5.333633e+33
2.713093e+14 5.461646e+33
2.734124e+14 5.592731e+33
2.755318e+14 5.726963e+33
2.776676e+14 5.864416e+33
2.798200e+14 6.005168e+33
2.819891e+14 6.149298e+33
2.841750e+14 6.296888e+33
2.863778e+14 6.448020e+33
2.885977e+14 6.602779e+33
2.908349e+14 6.761253e+33
2.930893e+14 6.923530e+33
