# epsilon [g/cm^3]   P [dyn/cm^2]
1.364583e+14 6.549249e+32
1.375161e+14 6.683607e+32
1.385821e+14 6.820722e+32
1.396563e+14 6.960649e+32
1.407389e+14 7.103447e+32
1.418299e+14 7.249175e+32
1.429293e+14 7.397892e+32
1.440372e+14 7.549660e+32
1.451538e+14 7.704542e+32
1.462789e+14 7.862601e+32
1.474129e+14 8.023903e+32
1.485556e+14 8.188514e+32
1.497071e+14 8.356501e+32
1.508676e+14 8.527935e+32
1.520371e+14 8.702886e+32
1.532156e+14 8.881427e+32
1.544033e+14 9.063629e+32
1.556002e+14 9.249570e+32
1.568063e+14 9.439326e+32
1.580219e+14 9.632974e+32
1.592468e+14 9.830595e+32
1.604812e+14 1.003227e+33
1.617252e+14 1.023808e+33
1.629789e+14 1.044812e+33
1.642422e+14 1.066246e+33
1.655154e+14 1.088120e+33
1.667984e+14 1.110443e+33
1.680914e+14 1.133224e+33
1.693944e+14 1.156472e+33
1.707075e+14 1.180197e+33
1.720307e+14 1.204409e+33
1.733643e+14 1.229117e+33
1.747081e+14 1.254333e+33
1.760624e+14 1.280065e+33
1.774272e+14 1.306326e+33
1.788026e+14 1.333125e+33
1.801886e+14 1.360475e+33
1.815854e+14 1.388385e+33
1.829929e+14 1.416868e+33
1.844114e+14 1.445935e+33
1.858409e+14 1.475598e+33
1.872815e+14 1.505870e+33
1.887333e+14 1.536763e+33
1.901963e+14 1.568290e+33
1.916706e+14 1.600463e+33
1.931564e+14 1.633297e+33
1.946537e+14 1.666804e+33
1.961626e+14 1.700999e+33
1.976832e+14 1.735895e+33
1.992155e+14 1.771507e+33
2.007598e+14 1.807849e+33
2.023160e+14 1.844937e+33
2.038843e+14 1.882786e+33
2.054648e+14 1.921412e+33
2.070575e+14 1.960830e+33
2.086625e+14 2.001056e+33
2.102800e+14 2.042108e+33
2.119100e+14 2.084002e+33
2.135527e+14 2.126755e+33
2.152081e+14 2.170386e+33
2.168763e+14 2.214911e+33
2.185575e+14 2.260350e+33
2.202517e+14 2.306722e+33
2.219590e+14 2.354044e+33
2.236795e+14 2.402337e+33
2.254134e+14 2.451622e+33
2.271608e+14 2.501917e+33
2.289217e+14 2.553244e+33
2.306962e+14 2.605624e+33
2.324845e+14 2.659078e+33
2.342866e+14 2.713629e+33
2.361027e+14 2.769299e+33
2.379329e+14 2.826112e+33
2.397773e+14 2.884090e+33
2.416360e+14 2.943257e+33
2.435091e+14 3.003638e+33
2.453967e+14 3.065258e+33
2.472989e+14 3.128142e+33
2.492159e+14 3.192316e+33
2.511478e+14 3.257806e+33
2.530946e+14 3.324640e+33
2.550565e+14 3.392845e+33
2.570336e+14 3.462450e+33
2.590260e+14 3.533482e+33
2.610339e+14 3.605972e+33
2.630574e+14 3.679948e+33
2.650965e+14 3.755443e+33
2.671515e+14 3.832486e+33
2.692224e+14 3.911109e+33
2.713093e+14 3.991346e+33
2.734124e+14 4.073229e+33
2.755318e+14 4.156791e+33
2.776676e+14 4.242068e+33
2.798200e+14 4.329094e+33
2.819891e+14 4.417906e+33
2.841750e+14 4.508539e+33
2.863778e+14 4.601032e+33
2.885977e+14 4.695423e+33
2.908349e+14 4.791749e+33
2.930893e+14 4.890052e+33
