# epsilon [g/cm^3]   P [dyn/cm^2]
1.364583e+14 6.512989e+32
1.375161e+14 6.634183e+32
1.385821e+14 6.757633e+32
1.396563e+14 6.883380e+32
1.407389e+14 7.011467e+32
1.418299e+14 7.141937e+32
1.429293e+14 7.274835e+32
1.440372e+14 7.410206e+32
1.451538e+14 7.548097e+32
1.462789e+14 7.688553e+32
1.474129e+14 7.831622e+32
1.485556e+14 7.977354e+32
1.497071e+14 8.125798e+32
1.508676e+14 8.277004e+32
1.520371e+14 8.431023e+32
1.532156e+14 8.587909e+32
1.544033e+14 8.747714e+32
1.556002e+14 8.910493e+32
1.568063e+14 9.076300e+32
1.580219e+14 9.245194e+32
1.592468e+14 9.417229e+32
1.604812e+14 9.592467e+32
1.617252e+14 9.770964e+32
1.629789e+14 9.952784e+32
1.642422e+14 1.013799e+33
1.655154e+14 1.032664e+33
1.667984e+14 1.051880e+33
1.680914e+14 1.071453e+33
1.693944e+14 1.091391e+33
1.707075e+14 1.111700e+33
1.720307e+14 1.132386e+33
1.733643e+14 1.153458e+33
1.747081e+14 1.174922e+33
1.760624e+14 1.196785e+33
1.774272e+14 1.219055e+33
1.788026e+14 1.241739e+33
1.801886e+14 1.264845e+33
1.815854e+14 1.288382e+33
1.829929e+14 1.312356e+33
1.844114e+14 1.336777e+33
1.858409e+14 1.361652e+33
1.872815e+14 1.386989e+33
1.887333e+14 1.412799e+33
1.901963e+14 1.439088e+33
1.916706e+14 1.465867e+33
1.931564e+14 1.493144e+33
1.946537e+14 1.520929e+33
1.961626e+14 1.549230e+33
1.976832e+14 1.578059e+33
1.992155e+14 1.607423e+33
2.007598e+14 1.637334e+33
2.023160e+14 1.667802e+33
2.038843e+14 1.698837e+33
2.054648e+14 1.730449e+33
2.070575e+14 1.762650e+33
2.086625e+14 1.795449e+33
2.102800e+14 1.828859e+33
2.119100e+14 1.862891e+33
2.135527e+14 1.897556e+33
2.152081e+14 1.932866e+33
2.168763e+14 1.968833e+33
2.185575e+14 2.005469e+33
2.202517e+14 2.042787e+33
2.219590e+14 2.080800e+33
2.236795e+14 2.119519e+33
2.254134e+14 2.158960e+33
2.271608e+14 2.199134e+33
2.289217e+14 2.240056e+33
2.306962e+14 2.281739e+33
2.324845e+14 2.324198e+33
2.342866e+14 2.367447e+33
2.361027e+14 2.411501e+33
2.379329e+14 2.456374e+33
2.397773e+14 2.502083e+33
2.416360e+14 2.548642e+33
2.435091e+14 2.596067e+33
2.453967e+14 2.644375e+33
2.472989e+14 2.693582e+33
2.492159e+14 2.743705e+33
2.511478e+14 2.794760e+33
2.530946e+14 2.846765e+33
2.550565e+14 2.899738e+33
2.570336e+14 2.953697e+33
2.590260e+14 3.008660e+33
2.610339e+14 3.064645e+33
2.630574e+14 3.121673e+33
2.650965e+14 3.179761e+33
2.671515e+14 3.238931e+33
2.692224e+14 3.299201e+33
2.713093e+14 3.360593e+33
2.734124e+14 3.423128e+33
2.755318e+14 3.486826e+33
2.776676e+14 3.551709e+33
2.798200e+14 3.617800e+33
2.819891e+14 3.685120e+33
2.841750e+14 3.753693e+33
2.863778e+14 3.823543e+33
2.885977e+14 3.894692e+33
2.908349e+14 3.967165e+33
2.930893e+14 4.040986e+33
