# epsilon [g/cm^3]   P [dyn/cm^2]
1.364583e+14 6.562264e+32
1.375161e+14 6.701369e+32
1.385821e+14 6.843423e+32
1.396563e+14 6.988488e+32
1.407389e+14 7.136629e+32
1.418299e+14 7.287909e+32
1.429293e+14 7.442397e+32
1.440372e+14 7.600159e+32
1.451538e+14 7.761265e+32
1.462789e+14 7.925787e+32
1.474129e+14 8.093796e+32
1.485556e+14 8.265366e+32
1.497071e+14 8.440573e+32
1.508676e+14 8.619495e+32
1.520371e+14 8.802209e+32
1.532156e+14 8.988796e+32
1.544033e+14 9.179338e+32
1.556002e+14 9.373920e+32
1.568063e+14 9.572626e+32
1.580219e+14 9.775544e+32
1.592468e+14 9.982764e+32
1.604812e+14 1.019438e+33
1.617252e+14 1.041047e+33
1.629789e+14 1.063115e+33
1.642422e+14 1.085651e+33
1.655154e+14 1.108664e+33
1.667984e+14 1.132166e+33
1.680914e+14 1.156165e+33
1.693944e+14 1.180673e+33
1.707075e+14 1.205701e+33
1.720307e+14 1.231259e+33
1.733643e+14 1.257359e+33
1.747081e+14 1.284012e+33
1.760624e+14 1.311230e+33
1.774272e+14 1.339025e+33
1.788026e+14 1.367410e+33
1.801886e+14 1.396396e+33
1.815854e+14 1.425996e+33
1.829929e+14 1.456224e+33
1.844114e+14 1.487093e+33
1.858409e+14 1.518616e+33
1.872815e+14 1.550807e+33
1.887333e+14 1.583681e+33
1.901963e+14 1.617251e+33
1.916706e+14 1.651533e+33
1.931564e+14 1.686542e+33
1.946537e+14 1.722293e+33
1.961626e+14 1.758802e+33
1.976832e+14 1.796084e+33
1.992155e+14 1.834157e+33
2.007598e+14 1.873037e+33
2.023160e+14 1.912742e+33
2.038843e+14 1.953287e+33
2.054648e+14 1.994693e+33
2.070575e+14 2.036976e+33
2.086625e+14 2.080155e+33
2.102800e+14 2.124250e+33
2.119100e+14 2.169279e+33
2.135527e+14 2.215263e+33
2.152081e+14 2.262222e+33
2.168763e+14 2.310176e+33
2.185575e+14 2.359146e+33
2.202517e+14 2.409155e+33
2.219590e+14 2.460224e+33
2.236795e+14 2.512375e+33
2.254134e+14 2.565631e+33
2.271608e+14 2.620017e+33
2.289217e+14 2.675556e+33
2.306962e+14 2.732271e+33
2.324845e+14 2.790189e+33
2.342866e+14 2.849335e+33
2.361027e+14 2.909735e+33
2.379329e+14 2.971415e+33
2.397773e+14 3.034402e+33
2.416360e+14 3.098725e+33
2.435091e+14 3.164411e+33
2.453967e+14 3.231489e+33
2.472989e+14 3.299989e+33
2.492159e+14 3.369942e+33
2.511478e+14 3.441377e+33
2.530946e+14 3.514326e+33
2.550565e+14 3.588822e+33
2.570336e+14 3.664897e+33
2.590260e+14 3.742585e+33
2.610339e+14 3.821919e+33
2.630574e+14 3.902936e+33
2.650965e+14 3.985669e+33
2.671515e+14 4.070156e+33
2.692224e+14 4.156435e+33
2.713093e+14 4.244542e+33
2.734124e+14 4.334516e+33
2.755318e+14 4.426399e+33
2.776676e+14 4.520228e+33
2.798200e+14 4.616047e+33
2.819891e+14 4.713897e+33
2.841750e+14 4.813821e+33
2.863778e+14 4.915863e+33
2.885977e+14 5.020069e+33
2.908349e+14 5.126483e+33
2.930893e+14 5.235153e+33
