# epsilon [g/cm^3]   P [dyn/cm^2]
1.364583e+14 6.504213e+32
1.375161e+14 6.622236e+32
1.385821e+14 6.742400e+32
1.396563e+14 6.864745e+32
1.407389e+14 6.989309e+32
1.418299e+14 7.116134e+32
1.429293e+14 7.245261e+32
1.440372e+14 7.376730e+32
1.451538e+14 7.510585e+32
1.462789e+14 7.646869e+32
1.474129e+14 7.785626e+32
1.485556e+14 7.926901e+32
1.497071e+14 8.070739e+32
1.508676e+14 8.217187e+32
1.520371e+14 8.366293e+32
1.532156e+14 8.518104e+32
1.544033e+14 8.672670e+32
1.556002e+14 8.830040e+32
1.568063e+14 8.990267e+32
1.580219e+14 9.153400e+32
1.592468e+14 9.319494e+32
1.604812e+14 9.488602e+32
1.617252e+14 9.660778e+32
1.629789e+14 9.836078e+32
1.642422e+14 1.001456e+33
1.655154e+14 1.019628e+33
1.667984e+14 1.038130e+33
1.680914e+14 1.056967e+33
1.693944e+14 1.076146e+33
1.707075e+14 1.095674e+33
1.720307e+14 1.115555e+33
1.733643e+14 1.135798e+33
1.747081e+14 1.156407e+33
1.760624e+14 1.177391e+33
1.774272e+14 1.198756e+33
1.788026e+14 1.220508e+33
1.801886e+14 1.242655e+33
1.815854e+14 1.265203e+33
1.829929e+14 1.288161e+33
1.844114e+14 1.311535e+33
1.858409e+14 1.335334e+33
1.872815e+14 1.359564e+33
1.887333e+14 1.384235e+33
1.901963e+14 1.409352e+33
1.916706e+14 1.434926e+33
1.931564e+14 1.460963e+33
1.946537e+14 1.487473e+33
1.961626e+14 1.514464e+33
1.976832e+14 1.541945e+33
1.992155e+14 1.569925e+33
2.007598e+14 1.598412e+33
2.023160e+14 1.627416e+33
2.038843e+14 1.656946e+33
2.054648e+14 1.687013e+33
2.070575e+14 1.717625e+33
2.086625e+14 1.748792e+33
2.102800e+14 1.780525e+33
2.119100e+14 1.812833e+33
2.135527e+14 1.845728e+33
2.152081e+14 1.879220e+33
2.168763e+14 1.913320e+33
2.185575e+14 1.948038e+33
2.202517e+14 1.983386e+33
2.219590e+14 2.019376e+33
2.236795e+14 2.056019e+33
2.254134e+14 2.093326e+33
2.271608e+14 2.131311e+33
2.289217e+14 2.169985e+33
2.306962e+14 2.209360e+33
2.324845e+14 2.249450e+33
2.342866e+14 2.290268e+33
2.361027e+14 2.331826e+33
2.379329e+14 2.374139e+33
2.397773e+14 2.417219e+33
2.416360e+14 2.461081e+33
2.435091e+14 2.505738e+33
2.453967e+14 2.551206e+33
2.472989e+14 2.597499e+33
2.492159e+14 2.644633e+33
2.511478e+14 2.692621e+33
2.530946e+14 2.741480e+33
2.550565e+14 2.791226e+33
2.570336e+14 2.841874e+33
2.590260e+14 2.893442e+33
2.610339e+14 2.945945e+33
2.630574e+14 2.999401e+33
2.650965e+14 3.053827e+33
2.671515e+14 3.109240e+33
2.692224e+14 3.165659e+33
2.713093e+14 3.223102e+33
2.734124e+14 3.281587e+33
2.755318e+14 3.341133e+33
2.776676e+14 3.401760e+33
2.798200e+14 3.463487e+33
2.819891e+14 3.526334e+33
2.841750e+14 3.590321e+33
2.863778e+14 3.655470e+33
2.885977e+14 3.721800e+33
2.908349e+14 3.789334e+33
2.930893e+14 3.858094e+33
