# epsilon [g/cm^3]   P [dyn/cm^2]
1.364583e+14 6.468685e+32
1.375161e+14 6.573922e+32
1.385821e+14 6.680871e+32
1.396563e+14 6.789560e+32
1.407389e+14 6.900017e+32
1.418299e+14 7.012272e+32
1.429293e+14 7.126352e+32
1.440372e+14 7.242288e+32
1.451538e+14 7.360111e+32
1.462789e+14 7.479850e+32
1.474129e+14 7.601538e+32
1.485556e+14 7.725205e+32
1.497071e+14 7.850884e+32
1.508676e+14 7.978607e+32
1.520371e+14 8.108409e+32
1.532156e+14 8.240322e+32
1.544033e+14 8.374381e+32
1.556002e+14 8.510621e+32
1.568063e+14 8.649078e+32
1.580219e+14 8.789787e+32
1.592468e+14 8.932785e+32
1.604812e+14 9.078110e+32
1.617252e+14 9.225799e+32
1.629789e+14 9.375890e+32
1.642422e+14 9.528424e+32
1.655154e+14 9.683439e+32
1.667984e+14 9.840976e+32
1.680914e+14 1.000108e+33
1.693944e+14 1.016378e+33
1.707075e+14 1.032913e+33
1.720307e+14 1.049717e+33
1.733643e+14 1.066795e+33
1.747081e+14 1.084150e+33
1.760624e+14 1.101788e+33
1.774272e+14 1.119712e+33
1.788026e+14 1.137929e+33
1.801886e+14 1.156441e+33
1.815854e+14 1.175255e+33
1.829929e+14 1.194375e+33
1.844114e+14 1.213806e+33
1.858409e+14 1.233553e+33
1.872815e+14 1.253621e+33
1.887333e+14 1.274016e+33
1.901963e+14 1.294743e+33
1.916706e+14 1.315806e+33
1.931564e+14 1.337213e+33
1.946537e+14 1.358967e+33
1.961626e+14 1.381076e+33
1.976832e+14 1.403544e+33
1.992155e+14 1.426378e+33
2.007598e+14 1.449583e+33
2.023160e+14 1.473166e+33
2.038843e+14 1.497133e+33
2.054648e+14 1.521489e+33
2.070575e+14 1.546242e+33
2.086625e+14 1.571397e+33
2.102800e+14 1.596962e+33
2.119100e+14 1.622942e+33
2.135527e+14 1.649345e+33
2.152081e+14 1.676178e+33
2.168763e+14 1.703447e+33
2.185575e+14 1.731160e+33
2.202517e+14 1.759324e+33
2.219590e+14 1.787946e+33
2.236795e+14 1.817033e+33
2.254134e+14 1.846594e+33
2.271608e+14 1.876635e+33
2.289217e+14 1.907166e+33
2.306962e+14 1.938193e+33
2.324845e+14 1.969725e+33
2.342866e+14 2.001770e+33
2.361027e+14 2.034336e+33
2.379329e+14 2.067432e+33
2.397773e+14 2.101066e+33
2.416360e+14 2.135248e+33
2.435091e+14 2.169985e+33
2.453967e+14 2.205288e+33
2.472989e+14 2.241165e+33
2.492159e+14 2.277626e+33
2.511478e+14 2.314680e+33
2.530946e+14 2.352337e+33
2.550565e+14 2.390606e+33
2.570336e+14 2.429498e+33
2.590260e+14 2.469023e+33
2.610339e+14 2.509191e+33
2.630574e+14 2.550012e+33
2.650965e+14 2.591498e+33
2.671515e+14 2.633658e+33
2.692224e+14 2.676504e+33
2.713093e+14 2.720047e+33
2.734124e+14 2.764299e+33
2.755318e+14 2.809270e+33
2.776676e+14 2.854973e+33
2.798200e+14 2.901420e+33
2.819891e+14 2.948622e+33
2.841750e+14 2.996593e+33
2.863778e+14 3.045343e+33
2.885977e+14 3.094887e+33
2.908349e+14 3.145237e+33
2.930893e+14 3.196406e+33
