# epsilon [g/cm^3]   P [dyn/cm^2]
1.364583e+14 6.468132e+32
1.375161e+14 6.573170e+32
1.385821e+14 6.679914e+32
1.396563e+14 6.788392e+32
1.407389e+14 6.898632e+32
1.418299e+14 7.010661e+32
1.429293e+14 7.124510e+32
1.440372e+14 7.240208e+32
1.451538e+14 7.357784e+32
1.462789e+14 7.477270e+32
1.474129e+14 7.598697e+32
1.485556e+14 7.722095e+32
1.497071e+14 7.847497e+32
1.508676e+14 7.974936e+32
1.520371e+14 8.104444e+32
1.532156e+14 8.236055e+32
1.544033e+14 8.369804e+32
1.556002e+14 8.505724e+32
1.568063e+14 8.643852e+32
1.580219e+14 8.784223e+32
1.592468e+14 8.926873e+32
1.604812e+14 9.071840e+32
1.617252e+14 9.219161e+32
1.629789e+14 9.368875e+32
1.642422e+14 9.521020e+32
1.655154e+14 9.675636e+32
1.667984e+14 9.832762e+32
1.680914e+14 9.992440e+32
1.693944e+14 1.015471e+33
1.707075e+14 1.031962e+33
1.720307e+14 1.048720e+33
1.733643e+14 1.065751e+33
1.747081e+14 1.083058e+33
1.760624e+14 1.100646e+33
1.774272e+14 1.118520e+33
1.788026e+14 1.136684e+33
1.801886e+14 1.155143e+33
1.815854e+14 1.173902e+33
1.829929e+14 1.192965e+33
1.844114e+14 1.212338e+33
1.858409e+14 1.232026e+33
1.872815e+14 1.252033e+33
1.887333e+14 1.272366e+33
1.901963e+14 1.293028e+33
1.916706e+14 1.314026e+33
1.931564e+14 1.335365e+33
1.946537e+14 1.357051e+33
1.961626e+14 1.379088e+33
1.976832e+14 1.401484e+33
1.992155e+14 1.424243e+33
2.007598e+14 1.447372e+33
2.023160e+14 1.470876e+33
2.038843e+14 1.494763e+33
2.054648e+14 1.519037e+33
2.070575e+14 1.543705e+33
2.086625e+14 1.568774e+33
2.102800e+14 1.594250e+33
2.119100e+14 1.620139e+33
2.135527e+14 1.646449e+33
2.152081e+14 1.673187e+33
2.168763e+14 1.700358e+33
2.185575e+14 1.727971e+33
2.202517e+14 1.756032e+33
2.219590e+14 1.784549e+33
2.236795e+14 1.813529e+33
2.254134e+14 1.842980e+33
2.271608e+14 1.872909e+33
2.289217e+14 1.903323e+33
2.306962e+14 1.934232e+33
2.324845e+14 1.965643e+33
2.342866e+14 1.997564e+33
2.361027e+14 2.030003e+33
2.379329e+14 2.062969e+33
2.397773e+14 2.096471e+33
2.416360e+14 2.130516e+33
2.435091e+14 2.165114e+33
2.453967e+14 2.200274e+33
2.472989e+14 2.236005e+33
2.492159e+14 2.272317e+33
2.511478e+14 2.309218e+33
2.530946e+14 2.346718e+33
2.550565e+14 2.384827e+33
2.570336e+14 2.423556e+33
2.590260e+14 2.462913e+33
2.610339e+14 2.502909e+33
2.630574e+14 2.543555e+33
2.650965e+14 2.584860e+33
2.671515e+14 2.626837e+33
2.692224e+14 2.669495e+33
2.713093e+14 2.712846e+33
2.734124e+14 2.756901e+33
2.755318e+14 2.801672e+33
2.776676e+14 2.847169e+33
2.798200e+14 2.893405e+33
2.819891e+14 2.940393e+33
2.841750e+14 2.988143e+33
2.863778e+14 3.036668e+33
2.885977e+14 3.085982e+33
2.908349e+14 3.136096e+33
2.930893e+14 3.187025e+33
