# epsilon [g/cm^3]   P [dyn/cm^2]
1.364583e+14 6.450576e+32
1.375161e+14 6.549330e+32
1.385821e+14 6.649596e+32
1.396563e+14 6.751398e+32
1.407389e+14 6.854757e+32
1.418299e+14 6.959699e+32
1.429293e+14 7.066248e+32
1.440372e+14 7.174428e+32
1.451538e+14 7.284264e+32
1.462789e+14 7.395782e+32
1.474129e+14 7.509006e+32
1.485556e+14 7.623965e+32
1.497071e+14 7.740683e+32
1.508676e+14 7.859188e+32
1.520371e+14 7.979507e+32
1.532156e+14 8.101668e+32
1.544033e+14 8.225700e+32
1.556002e+14 8.351630e+32
1.568063e+14 8.479489e+32
1.580219e+14 8.609304e+32
1.592468e+14 8.741107e+32
1.604812e+14 8.874928e+32
1.617252e+14 9.010798e+32
1.629789e+14 9.148748e+32
1.642422e+14 9.288809e+32
1.655154e+14 9.431015e+32
1.667984e+14 9.575398e+32
1.680914e+14 9.721992e+32
1.693944e+14 9.870829e+32
1.707075e+14 1.002195e+33
1.720307e+14 1.017538e+33
1.733643e+14 1.033115e+33
1.747081e+14 1.048932e+33
1.760624e+14 1.064990e+33
1.774272e+14 1.081295e+33
1.788026e+14 1.097849e+33
1.801886e+14 1.114656e+33
1.815854e+14 1.131721e+33
1.829929e+14 1.149047e+33
1.844114e+14 1.166638e+33
1.858409e+14 1.184498e+33
1.872815e+14 1.202632e+33
1.887333e+14 1.221044e+33
1.901963e+14 1.239737e+33
1.916706e+14 1.258717e+33
1.931564e+14 1.277987e+33
1.946537e+14 1.297552e+33
1.961626e+14 1.317417e+33
1.976832e+14 1.337586e+33
1.992155e+14 1.358063e+33
2.007598e+14 1.378854e+33
2.023160e+14 1.399964e+33
2.038843e+14 1.421396e+33
2.054648e+14 1.443157e+33
2.070575e+14 1.465251e+33
2.086625e+14 1.487683e+33
2.102800e+14 1.510458e+33
2.119100e+14 1.533583e+33
2.135527e+14 1.557061e+33
2.152081e+14 1.580898e+33
2.168763e+14 1.605101e+33
2.185575e+14 1.629674e+33
2.202517e+14 1.654623e+33
2.219590e+14 1.679955e+33
2.236795e+14 1.705674e+33
2.254134e+14 1.731787e+33
2.271608e+14 1.758299e+33
2.289217e+14 1.785218e+33
2.306962e+14 1.812548e+33
2.324845e+14 1.840297e+33
2.342866e+14 1.868471e+33
2.361027e+14 1.897076e+33
2.379329e+14 1.926119e+33
2.397773e+14 1.955607e+33
2.416360e+14 1.985546e+33
2.435091e+14 2.015943e+33
2.453967e+14 2.046806e+33
2.472989e+14 2.078142e+33
2.492159e+14 2.109957e+33
2.511478e+14 2.142259e+33
2.530946e+14 2.175055e+33
2.550565e+14 2.208354e+33
2.570336e+14 2.242163e+33
2.590260e+14 2.276489e+33
2.610339e+14 2.311341e+33
2.630574e+14 2.346726e+33
2.650965e+14 2.382653e+33
2.671515e+14 2.419130e+33
2.692224e+14 2.456165e+33
2.713093e+14 2.493767e+33
2.734124e+14 2.531945e+33
2.755318e+14 2.570708e+33
2.776676e+14 2.610064e+33
2.798200e+14 2.650022e+33
2.819891e+14 2.690592e+33
2.841750e+14 2.731784e+33
2.863778e+14 2.773606e+33
2.885977e+14 2.816068e+33
2.908349e+14 2.859180e+33
2.930893e+14 2.902952e+33
