# epsilon [g/cm^3]   P [dyn/cm^2]
1.364583e+14 6.613213e+32
1.375161e+14 6.771016e+32
1.385821e+14 6.932585e+32
1.396563e+14 7.098009e+32
1.407389e+14 7.267381e+32
1.418299e+14 7.440794e+32
1.429293e+14 7.618345e+32
1.440372e+14 7.800132e+32
1.451538e+14 7.986258e+32
1.462789e+14 8.176824e+32
1.474129e+14 8.371938e+32
1.485556e+14 8.571708e+32
1.497071e+14 8.776245e+32
1.508676e+14 8.985662e+32
1.520371e+14 9.200076e+32
1.532156e+14 9.419607e+32
1.544033e+14 9.644376e+32
1.556002e+14 9.874509e+32
1.568063e+14 1.011013e+33
1.580219e+14 1.035138e+33
1.592468e+14 1.059838e+33
1.604812e+14 1.085128e+33
1.617252e+14 1.111021e+33
1.629789e+14 1.137532e+33
1.642422e+14 1.164676e+33
1.655154e+14 1.192467e+33
1.667984e+14 1.220921e+33
1.680914e+14 1.250055e+33
1.693944e+14 1.279883e+33
1.707075e+14 1.310424e+33
1.720307e+14 1.341693e+33
1.733643e+14 1.373708e+33
1.747081e+14 1.406487e+33
1.760624e+14 1.440049e+33
1.774272e+14 1.474411e+33
1.788026e+14 1.509593e+33
1.801886e+14 1.545615e+33
1.815854e+14 1.582496e+33
1.829929e+14 1.620257e+33
1.844114e+14 1.658919e+33
1.858409e+14 1.698504e+33
1.872815e+14 1.739034e+33
1.887333e+14 1.780530e+33
1.901963e+14 1.823017e+33
1.916706e+14 1.866517e+33
1.931564e+14 1.911056e+33
1.946537e+14 1.956657e+33
1.961626e+14 2.003346e+33
1.976832e+14 2.051150e+33
1.992155e+14 2.100094e+33
2.007598e+14 2.150206e+33
2.023160e+14 2.201514e+33
2.038843e+14 2.254046e+33
2.054648e+14 2.307832e+33
2.070575e+14 2.362901e+33
2.086625e+14 2.419284e+33
2.102800e+14 2.477013e+33
2.119100e+14 2.536119e+33
2.135527e+14 2.596635e+33
2.152081e+14 2.658596e+33
2.168763e+14 2.722035e+33
2.185575e+14 2.786987e+33
2.202517e+14 2.853490e+33
2.219590e+14 2.921579e+33
2.236795e+14 2.991294e+33
2.254134e+14 3.062671e+33
2.271608e+14 3.135752e+33
2.289217e+14 3.210577e+33
2.306962e+14 3.287187e+33
2.324845e+14 3.365626e+33
2.342866e+14 3.445936e+33
2.361027e+14 3.528162e+33
2.379329e+14 3.612350e+33
2.397773e+14 3.698548e+33
2.416360e+14 3.786802e+33
2.435091e+14 3.877162e+33
2.453967e+14 3.969678e+33
2.472989e+14 4.064402e+33
2.492159e+14 4.161386e+33
2.511478e+14 4.260684e+33
2.530946e+14 4.362352e+33
2.550565e+14 4.466446e+33
2.570336e+14 4.573023e+33
2.590260e+14 4.682144e+33
2.610339e+14 4.793868e+33
2.630574e+14 4.908259e+33
2.650965e+14 5.025379e+33
2.671515e+14 5.145294e+33
2.692224e+14 5.268070e+33
2.713093e+14 5.393776e+33
2.734124e+14 5.522481e+33
2.755318e+14 5.654257e+33
2.776676e+14 5.789178e+33
2.798200e+14 5.927319e+33
2.819891e+14 6.068755e+33
2.841750e+14 6.213567e+33
2.863778e+14 6.361834e+33
2.885977e+14 6.513639e+33
2.908349e+14 6.669066e+33
2.930893e+14 6.828203e+33
