# epsilon [g/cm^3]   P [dyn/cm^2]
1.364583e+14 6.554928e+32
1.375161e+14 6.691356e+32
1.385821e+14 6.830624e+32
1.396563e+14 6.972790e+32
1.407389e+14 7.117915e+32
1.418299e+14 7.266061e+32
1.429293e+14 7.417290e+32
1.440372e+14 7.571667e+32
1.451538e+14 7.729256e+32
1.462789e+14 7.890126e+32
1.474129e+14 8.054344e+32
1.485556e+14 8.221979e+32
1.497071e+14 8.393104e+32
1.508676e+14 8.567790e+32
1.520371e+14 8.746112e+32
1.532156e+14 8.928146e+32
1.544033e+14 9.113968e+32
1.556002e+14 9.303657e+32
1.568063e+14 9.497295e+32
1.580219e+14 9.694963e+32
1.592468e+14 9.896745e+32
1.604812e+14 1.010273e+33
1.617252e+14 1.031300e+33
1.629789e+14 1.052764e+33
1.642422e+14 1.074675e+33
1.655154e+14 1.097043e+33
1.667984e+14 1.119875e+33
1.680914e+14 1.143183e+33
1.693944e+14 1.166977e+33
1.707075e+14 1.191265e+33
1.720307e+14 1.216059e+33
1.733643e+14 1.241369e+33
1.747081e+14 1.267205e+33
1.760624e+14 1.293580e+33
1.774272e+14 1.320503e+33
1.788026e+14 1.347987e+33
1.801886e+14 1.376043e+33
1.815854e+14 1.404682e+33
1.829929e+14 1.433918e+33
1.844114e+14 1.463762e+33
1.858409e+14 1.494228e+33
1.872815e+14 1.525327e+33
1.887333e+14 1.557074e+33
1.901963e+14 1.589481e+33
1.916706e+14 1.622563e+33
1.931564e+14 1.656334e+33
1.946537e+14 1.690807e+33
1.961626e+14 1.725998e+33
1.976832e+14 1.761922e+33
1.992155e+14 1.798593e+33
2.007598e+14 1.836027e+33
2.023160e+14 1.874240e+33
2.038843e+14 1.913249e+33
2.054648e+14 1.953069e+33
2.070575e+14 1.993719e+33
2.086625e+14 2.035214e+33
2.102800e+14 2.077573e+33
2.119100e+14 2.120814e+33
2.135527e+14 2.164954e+33
2.152081e+14 2.210014e+33
2.168763e+14 2.256011e+33
2.185575e+14 2.302966e+33
2.202517e+14 2.350897e+33
2.219590e+14 2.399827e+33
2.236795e+14 2.449774e+33
2.254134e+14 2.500762e+33
2.271608e+14 2.552810e+33
2.289217e+14 2.605942e+33
2.306962e+14 2.660180e+33
2.324845e+14 2.715546e+33
2.342866e+14 2.772065e+33
2.361027e+14 2.829760e+33
2.379329e+14 2.888656e+33
2.397773e+14 2.948778e+33
2.416360e+14 3.010151e+33
2.435091e+14 3.072802e+33
2.453967e+14 3.136756e+33
2.472989e+14 3.202042e+33
2.492159e+14 3.268686e+33
2.511478e+14 3.336717e+33
2.530946e+14 3.406165e+33
2.550565e+14 3.477057e+33
2.570336e+14 3.549426e+33
2.590260e+14 3.623300e+33
2.610339e+14 3.698712e+33
2.630574e+14 3.775694e+33
2.650965e+14 3.854277e+33
2.671515e+14 3.934497e+33
2.692224e+14 4.016386e+33
2.713093e+14 4.099979e+33
2.734124e+14 4.185312e+33
2.755318e+14 4.272421e+33
2.776676e+14 4.361343e+33
2.798200e+14 4.452116e+33
2.819891e+14 4.544779e+33
2.841750e+14 4.639369e+33
2.863778e+14 4.735929e+33
2.885977e+14 4.834498e+33
2.908349e+14 4.935119e+33
2.930893e+14 5.037834e+33
