# epsilon [g/cm^3]   P [dyn/cm^2]
1.364583e+14 6.431967e+32
1.375161e+14 6.524083e+32
1.385821e+14 6.617519e+32
1.396563e+14 6.712293e+32
1.407389e+14 6.808425e+32
1.418299e+14 6.905933e+32
1.429293e+14 7.004838e+32
1.440372e+14 7.105159e+32
1.451538e+14 7.206917e+32
1.462789e+14 7.310132e+32
1.474129e+14 7.414825e+32
1.485556e+14 7.521018e+32
1.497071e+14 7.628732e+32
1.508676e+14 7.737988e+32
1.520371e+14 7.848810e+32
1.532156e+14 7.961218e+32
1.544033e+14 8.075236e+32
1.556002e+14 8.190887e+32
1.568063e+14 8.308194e+32
1.580219e+14 8.427182e+32
1.592468e+14 8.547873e+32
1.604812e+14 8.670294e+32
1.617252e+14 8.794467e+32
1.629789e+14 8.920419e+32
1.642422e+14 9.048174e+32
1.655154e+14 9.177759e+32
1.667984e+14 9.309200e+32
1.680914e+14 9.442524e+32
1.693944e+14 9.577757e+32
1.707075e+14 9.714927e+32
1.720307e+14 9.854061e+32
1.733643e+14 9.995188e+32
1.747081e+14 1.013834e+33
1.760624e+14 1.028353e+33
1.774272e+14 1.043081e+33
1.788026e+14 1.058020e+33
1.801886e+14 1.073172e+33
1.815854e+14 1.088542e+33
1.829929e+14 1.104132e+33
1.844114e+14 1.119945e+33
1.858409e+14 1.135984e+33
1.872815e+14 1.152254e+33
1.887333e+14 1.168756e+33
1.901963e+14 1.185495e+33
1.916706e+14 1.202473e+33
1.931564e+14 1.219694e+33
1.946537e+14 1.237162e+33
1.961626e+14 1.254881e+33
1.976832e+14 1.272853e+33
1.992155e+14 1.291082e+33
2.007598e+14 1.309573e+33
2.023160e+14 1.328328e+33
2.038843e+14 1.347352e+33
2.054648e+14 1.366648e+33
2.070575e+14 1.386221e+33
2.086625e+14 1.406074e+33
2.102800e+14 1.426211e+33
2.119100e+14 1.446637e+33
2.135527e+14 1.467355e+33
2.152081e+14 1.488370e+33
2.168763e+14 1.509686e+33
2.185575e+14 1.531308e+33
2.202517e+14 1.553238e+33
2.219590e+14 1.575483e+33
2.236795e+14 1.598047e+33
2.254134e+14 1.620934e+33
2.271608e+14 1.644148e+33
2.289217e+14 1.667695e+33
2.306962e+14 1.691580e+33
2.324845e+14 1.715806e+33
2.342866e+14 1.740379e+33
2.361027e+14 1.765304e+33
2.379329e+14 1.790586e+33
2.397773e+14 1.816231e+33
2.416360e+14 1.842242e+33
2.435091e+14 1.868626e+33
2.453967e+14 1.895388e+33
2.472989e+14 1.922533e+33
2.492159e+14 1.950067e+33
2.511478e+14 1.977996e+33
2.530946e+14 2.006324e+33
2.550565e+14 2.035058e+33
2.570336e+14 2.064203e+33
2.590260e+14 2.093766e+33
2.610339e+14 2.123752e+33
2.630574e+14 2.154168e+33
2.650965e+14 2.185019e+33
2.671515e+14 2.216313e+33
2.692224e+14 2.248054e+33
2.713093e+14 2.280250e+33
2.734124e+14 2.312907e+33
2.755318e+14 2.346032e+33
2.776676e+14 2.379631e+33
2.798200e+14 2.413711e+33
2.819891e+14 2.448280e+33
2.841750e+14 2.483343e+33
2.863778e+14 2.518909e+33
2.885977e+14 2.554984e+33
2.908349e+14 2.591576e+33
2.930893e+14 2.628691e+33
