# epsilon [g/cm^3]   P [dyn/cm^2]
1.364583e+14 6.551230e+32
1.375161e+14 6.686310e+32
1.385821e+14 6.824176e+32
1.396563e+14 6.964884e+32
1.407389e+14 7.108493e+32
1.418299e+14 7.255063e+32
1.429293e+14 7.404656e+32
1.440372e+14 7.557332e+32
1.451538e+14 7.713157e+32
1.462789e+14 7.872195e+32
1.474129e+14 8.034512e+32
1.485556e+14 8.200176e+32
1.497071e+14 8.369256e+32
1.508676e+14 8.541822e+32
1.520371e+14 8.717946e+32
1.532156e+14 8.897702e+32
1.544033e+14 9.081164e+32
1.556002e+14 9.268409e+32
1.568063e+14 9.459514e+32
1.580219e+14 9.654560e+32
1.592468e+14 9.853628e+32
1.604812e+14 1.005680e+33
1.617252e+14 1.026416e+33
1.629789e+14 1.047580e+33
1.642422e+14 1.069180e+33
1.655154e+14 1.091225e+33
1.667984e+14 1.113725e+33
1.680914e+14 1.136689e+33
1.693944e+14 1.160127e+33
1.707075e+14 1.184048e+33
1.720307e+14 1.208461e+33
1.733643e+14 1.233379e+33
1.747081e+14 1.258810e+33
1.760624e+14 1.284765e+33
1.774272e+14 1.311256e+33
1.788026e+14 1.338293e+33
1.801886e+14 1.365887e+33
1.815854e+14 1.394050e+33
1.829929e+14 1.422794e+33
1.844114e+14 1.452131e+33
1.858409e+14 1.482073e+33
1.872815e+14 1.512631e+33
1.887333e+14 1.543820e+33
1.901963e+14 1.575653e+33
1.916706e+14 1.608141e+33
1.931564e+14 1.641299e+33
1.946537e+14 1.675141e+33
1.961626e+14 1.709681e+33
1.976832e+14 1.744933e+33
1.992155e+14 1.780912e+33
2.007598e+14 1.817633e+33
2.023160e+14 1.855110e+33
2.038843e+14 1.893361e+33
2.054648e+14 1.932400e+33
2.070575e+14 1.972245e+33
2.086625e+14 2.012910e+33
2.102800e+14 2.054415e+33
2.119100e+14 2.096775e+33
2.135527e+14 2.140008e+33
2.152081e+14 2.184133e+33
2.168763e+14 2.229168e+33
2.185575e+14 2.275131e+33
2.202517e+14 2.322042e+33
2.219590e+14 2.369920e+33
2.236795e+14 2.418786e+33
2.254134e+14 2.468659e+33
2.271608e+14 2.519560e+33
2.289217e+14 2.571511e+33
2.306962e+14 2.624533e+33
2.324845e+14 2.678649e+33
2.342866e+14 2.733880e+33
2.361027e+14 2.790250e+33
2.379329e+14 2.847782e+33
2.397773e+14 2.906500e+33
2.416360e+14 2.966430e+33
2.435091e+14 3.027595e+33
2.453967e+14 3.090021e+33
2.472989e+14 3.153734e+33
2.492159e+14 3.218761e+33
2.511478e+14 3.285129e+33
2.530946e+14 3.352865e+33
2.550565e+14 3.421998e+33
2.570336e+14 3.492556e+33
2.590260e+14 3.564569e+33
2.610339e+14 3.638067e+33
2.630574e+14 3.713081e+33
2.650965e+14 3.789641e+33
2.671515e+14 3.867779e+33
2.692224e+14 3.947529e+33
2.713093e+14 4.028924e+33
2.734124e+14 4.111996e+33
2.755318e+14 4.196781e+33
2.776676e+14 4.283315e+33
2.798200e+14 4.371633e+33
2.819891e+14 4.461772e+33
2.841750e+14 4.553769e+33
2.863778e+14 4.647663e+33
2.885977e+14 4.743494e+33
2.908349e+14 4.841300e+33
2.930893e+14 4.941123e+33
