# epsilon [g/cm^3]   P [dyn/cm^2]
1.364583e+14 6.496732e+32
1.375161e+14 6.612055e+32
1.385821e+14 6.729425e+32
1.396563e+14 6.848878e+32
1.407389e+14 6.970452e+32
1.418299e+14 7.094184e+32
1.429293e+14 7.220112e+32
1.440372e+14 7.348276e+32
1.451538e+14 7.478715e+32
1.462789e+14 7.611469e+32
1.474129e+14 7.746579e+32
1.485556e+14 7.884088e+32
1.497071e+14 8.024038e+32
1.508676e+14 8.166472e+32
1.520371e+14 8.311434e+32
1.532156e+14 8.458970e+32
1.544033e+14 8.609125e+32
1.556002e+14 8.761944e+32
1.568063e+14 8.917477e+32
1.580219e+14 9.075770e+32
1.592468e+14 9.236874e+32
1.604812e+14 9.400837e+32
1.617252e+14 9.567710e+32
1.629789e+14 9.737546e+32
1.642422e+14 9.910396e+32
1.655154e+14 1.008631e+33
1.667984e+14 1.026536e+33
1.680914e+14 1.044758e+33
1.693944e+14 1.063303e+33
1.707075e+14 1.082178e+33
1.720307e+14 1.101387e+33
1.733643e+14 1.120938e+33
1.747081e+14 1.140836e+33
1.760624e+14 1.161086e+33
1.774272e+14 1.181697e+33
1.788026e+14 1.202673e+33
1.801886e+14 1.224022e+33
1.815854e+14 1.245749e+33
1.829929e+14 1.267862e+33
1.844114e+14 1.290368e+33
1.858409e+14 1.313273e+33
1.872815e+14 1.336585e+33
1.887333e+14 1.360311e+33
1.901963e+14 1.384457e+33
1.916706e+14 1.409033e+33
1.931564e+14 1.434044e+33
1.946537e+14 1.459500e+33
1.961626e+14 1.485407e+33
1.976832e+14 1.511775e+33
1.992155e+14 1.538610e+33
2.007598e+14 1.565922e+33
2.023160e+14 1.593719e+33
2.038843e+14 1.622009e+33
2.054648e+14 1.650801e+33
2.070575e+14 1.680104e+33
2.086625e+14 1.709927e+33
2.102800e+14 1.740280e+33
2.119100e+14 1.771172e+33
2.135527e+14 1.802612e+33
2.152081e+14 1.834610e+33
2.168763e+14 1.867176e+33
2.185575e+14 1.900320e+33
2.202517e+14 1.934052e+33
2.219590e+14 1.968383e+33
2.236795e+14 2.003324e+33
2.254134e+14 2.038885e+33
2.271608e+14 2.075077e+33
2.289217e+14 2.111911e+33
2.306962e+14 2.149400e+33
2.324845e+14 2.187554e+33
2.342866e+14 2.226385e+33
2.361027e+14 2.265905e+33
2.379329e+14 2.306127e+33
2.397773e+14 2.347063e+33
2.416360e+14 2.388725e+33
2.435091e+14 2.431127e+33
2.453967e+14 2.474282e+33
2.472989e+14 2.518203e+33
2.492159e+14 2.562903e+33
2.511478e+14 2.608397e+33
2.530946e+14 2.654699e+33
2.550565e+14 2.701822e+33
2.570336e+14 2.749782e+33
2.590260e+14 2.798593e+33
2.610339e+14 2.848271e+33
2.630574e+14 2.898830e+33
2.650965e+14 2.950287e+33
2.671515e+14 3.002657e+33
2.692224e+14 3.055957e+33
2.713093e+14 3.110203e+33
2.734124e+14 3.165412e+33
2.755318e+14 3.221601e+33
2.776676e+14 3.278788e+33
2.798200e+14 3.336989e+33
2.819891e+14 3.396224e+33
2.841750e+14 3.456510e+33
2.863778e+14 3.517866e+33
2.885977e+14 3.580311e+33
2.908349e+14 3.643865e+33
2.930893e+14 3.708547e+33
