# epsilon [g/cm^3]   P [dyn/cm^2]
1.364583e+14 6.559444e+32
1.375161e+14 6.697519e+32
1.385821e+14 6.838502e+32
1.396563e+14 6.982451e+32
1.407389e+14 7.129431e+32
1.418299e+14 7.279505e+32
1.429293e+14 7.432738e+32
1.440372e+14 7.589197e+32
1.451538e+14 7.748949e+32
1.462789e+14 7.912063e+32
1.474129e+14 8.078611e+32
1.485556e+14 8.248665e+32
1.497071e+14 8.422299e+32
1.508676e+14 8.599588e+32
1.520371e+14 8.780608e+32
1.532156e+14 8.965439e+32
1.544033e+14 9.154161e+32
1.556002e+14 9.346855e+32
1.568063e+14 9.543606e+32
1.580219e+14 9.744498e+32
1.592468e+14 9.949619e+32
1.604812e+14 1.015906e+33
1.617252e+14 1.037290e+33
1.629789e+14 1.059125e+33
1.642422e+14 1.081420e+33
1.655154e+14 1.104184e+33
1.667984e+14 1.127427e+33
1.680914e+14 1.151159e+33
1.693944e+14 1.175391e+33
1.707075e+14 1.200132e+33
1.720307e+14 1.225395e+33
1.733643e+14 1.251190e+33
1.747081e+14 1.277527e+33
1.760624e+14 1.304419e+33
1.774272e+14 1.331877e+33
1.788026e+14 1.359913e+33
1.801886e+14 1.388539e+33
1.815854e+14 1.417767e+33
1.829929e+14 1.447611e+33
1.844114e+14 1.478083e+33
1.858409e+14 1.509197e+33
1.872815e+14 1.540965e+33
1.887333e+14 1.573402e+33
1.901963e+14 1.606522e+33
1.916706e+14 1.640339e+33
1.931564e+14 1.674868e+33
1.946537e+14 1.710124e+33
1.961626e+14 1.746122e+33
1.976832e+14 1.782878e+33
1.992155e+14 1.820407e+33
2.007598e+14 1.858727e+33
2.023160e+14 1.897853e+33
2.038843e+14 1.937802e+33
2.054648e+14 1.978593e+33
2.070575e+14 2.020242e+33
2.086625e+14 2.062768e+33
2.102800e+14 2.106189e+33
2.119100e+14 2.150524e+33
2.135527e+14 2.195793e+33
2.152081e+14 2.242014e+33
2.168763e+14 2.289208e+33
2.185575e+14 2.337396e+33
2.202517e+14 2.386598e+33
2.219590e+14 2.436835e+33
2.236795e+14 2.488130e+33
2.254134e+14 2.540505e+33
2.271608e+14 2.593983e+33
2.289217e+14 2.648586e+33
2.306962e+14 2.704338e+33
2.324845e+14 2.761264e+33
2.342866e+14 2.819389e+33
2.361027e+14 2.878737e+33
2.379329e+14 2.939334e+33
2.397773e+14 3.001207e+33
2.416360e+14 3.064382e+33
2.435091e+14 3.128887e+33
2.453967e+14 3.194749e+33
2.472989e+14 3.261999e+33
2.492159e+14 3.330663e+33
2.511478e+14 3.400773e+33
2.530946e+14 3.472359e+33
2.550565e+14 3.545452e+33
2.570336e+14 3.620084e+33
2.590260e+14 3.696286e+33
2.610339e+14 3.774093e+33
2.630574e+14 3.853537e+33
2.650965e+14 3.934654e+33
2.671515e+14 4.017478e+33
2.692224e+14 4.102045e+33
2.713093e+14 4.188393e+33
2.734124e+14 4.276558e+33
2.755318e+14 4.366579e+33
2.776676e+14 4.458495e+33
2.798200e+14 4.552346e+33
2.819891e+14 4.648173e+33
2.841750e+14 4.746016e+33
2.863778e+14 4.845920e+33
2.885977e+14 4.947926e+33
2.908349e+14 5.052079e+33
2.930893e+14 5.158425e+33
