# epsilon [g/cm^3]   P [dyn/cm^2]
1.364583e+14 6.470260e+32
1.375161e+14 6.576061e+32
1.385821e+14 6.683593e+32
1.396563e+14 6.792883e+32
1.407389e+14 6.903961e+32
1.418299e+14 7.016854e+32
1.429293e+14 7.131594e+32
1.440372e+14 7.248210e+32
1.451538e+14 7.366733e+32
1.462789e+14 7.487194e+32
1.474129e+14 7.609624e+32
1.485556e+14 7.734057e+32
1.497071e+14 7.860524e+32
1.508676e+14 7.989060e+32
1.520371e+14 8.119697e+32
1.532156e+14 8.252470e+32
1.544033e+14 8.387415e+32
1.556002e+14 8.524566e+32
1.568063e+14 8.663960e+32
1.580219e+14 8.805633e+32
1.592468e+14 8.949623e+32
1.604812e+14 9.095967e+32
1.617252e+14 9.244704e+32
1.629789e+14 9.395874e+32
1.642422e+14 9.549515e+32
1.655154e+14 9.705669e+32
1.667984e+14 9.864376e+32
1.680914e+14 1.002568e+33
1.693944e+14 1.018962e+33
1.707075e+14 1.035624e+33
1.720307e+14 1.052558e+33
1.733643e+14 1.069770e+33
1.747081e+14 1.087263e+33
1.760624e+14 1.105042e+33
1.774272e+14 1.123111e+33
1.788026e+14 1.141477e+33
1.801886e+14 1.160142e+33
1.815854e+14 1.179113e+33
1.829929e+14 1.198393e+33
1.844114e+14 1.217990e+33
1.858409e+14 1.237906e+33
1.872815e+14 1.258148e+33
1.887333e+14 1.278722e+33
1.901963e+14 1.299631e+33
1.916706e+14 1.320883e+33
1.931564e+14 1.342482e+33
1.946537e+14 1.364434e+33
1.961626e+14 1.386746e+33
1.976832e+14 1.409422e+33
1.992155e+14 1.432469e+33
2.007598e+14 1.455892e+33
2.023160e+14 1.479699e+33
2.038843e+14 1.503895e+33
2.054648e+14 1.528487e+33
2.070575e+14 1.553481e+33
2.086625e+14 1.578883e+33
2.102800e+14 1.604701e+33
2.119100e+14 1.630941e+33
2.135527e+14 1.657610e+33
2.152081e+14 1.684716e+33
2.168763e+14 1.712264e+33
2.185575e+14 1.740263e+33
2.202517e+14 1.768720e+33
2.219590e+14 1.797642e+33
2.236795e+14 1.827037e+33
2.254134e+14 1.856913e+33
2.271608e+14 1.887277e+33
2.289217e+14 1.918138e+33
2.306962e+14 1.949503e+33
2.324845e+14 1.981382e+33
2.342866e+14 2.013781e+33
2.361027e+14 2.046711e+33
2.379329e+14 2.080178e+33
2.397773e+14 2.114193e+33
2.416360e+14 2.148765e+33
2.435091e+14 2.183901e+33
2.453967e+14 2.219613e+33
2.472989e+14 2.255908e+33
2.492159e+14 2.292796e+33
2.511478e+14 2.330288e+33
2.530946e+14 2.368393e+33
2.550565e+14 2.407121e+33
2.570336e+14 2.446482e+33
2.590260e+14 2.486487e+33
2.610339e+14 2.527146e+33
2.630574e+14 2.568470e+33
2.650965e+14 2.610470e+33
2.671515e+14 2.653156e+33
2.692224e+14 2.696541e+33
2.713093e+14 2.740635e+33
2.734124e+14 2.785450e+33
2.755318e+14 2.830997e+33
2.776676e+14 2.877290e+33
2.798200e+14 2.924339e+33
2.819891e+14 2.972158e+33
2.841750e+14 3.020759e+33
2.863778e+14 3.070154e+33
2.885977e+14 3.120358e+33
2.908349e+14 3.171382e+33
2.930893e+14 3.223240e+33
