# epsilon [g/cm^3]   P [dyn/cm^2]
1.364583e+14 6.578096e+32
1.375161e+14 6.722992e+32
1.385821e+14 6.871080e+32
1.396563e+14 7.022429e+32
1.407389e+14 7.177113e+32
1.418299e+14 7.335204e+32
1.429293e+14 7.496777e+32
1.440372e+14 7.661908e+32
1.451538e+14 7.830678e+32
1.462789e+14 8.003165e+32
1.474129e+14 8.179451e+32
1.485556e+14 8.359620e+32
1.497071e+14 8.543758e+32
1.508676e+14 8.731952e+32
1.520371e+14 8.924291e+32
1.532156e+14 9.120867e+32
1.544033e+14 9.321773e+32
1.556002e+14 9.527104e+32
1.568063e+14 9.736958e+32
1.580219e+14 9.951435e+32
1.592468e+14 1.017064e+33
1.604812e+14 1.039467e+33
1.617252e+14 1.062363e+33
1.629789e+14 1.085764e+33
1.642422e+14 1.109680e+33
1.655154e+14 1.134123e+33
1.667984e+14 1.159104e+33
1.680914e+14 1.184636e+33
1.693944e+14 1.210730e+33
1.707075e+14 1.237399e+33
1.720307e+14 1.264655e+33
1.733643e+14 1.292512e+33
1.747081e+14 1.320982e+33
1.760624e+14 1.350079e+33
1.774272e+14 1.379817e+33
1.788026e+14 1.410211e+33
1.801886e+14 1.441274e+33
1.815854e+14 1.473021e+33
1.829929e+14 1.505467e+33
1.844114e+14 1.538628e+33
1.858409e+14 1.572519e+33
1.872815e+14 1.607157e+33
1.887333e+14 1.642558e+33
1.901963e+14 1.678739e+33
1.916706e+14 1.715717e+33
1.931564e+14 1.753509e+33
1.946537e+14 1.792134e+33
1.961626e+14 1.831609e+33
1.976832e+14 1.871954e+33
1.992155e+14 1.913188e+33
2.007598e+14 1.955330e+33
2.023160e+14 1.998400e+33
2.038843e+14 2.042419e+33
2.054648e+14 2.087407e+33
2.070575e+14 2.133387e+33
2.086625e+14 2.180379e+33
2.102800e+14 2.228406e+33
2.119100e+14 2.277491e+33
2.135527e+14 2.327658e+33
2.152081e+14 2.378929e+33
2.168763e+14 2.431330e+33
2.185575e+14 2.484885e+33
2.202517e+14 2.539620e+33
2.219590e+14 2.595560e+33
2.236795e+14 2.652733e+33
2.254134e+14 2.711165e+33
2.271608e+14 2.770884e+33
2.289217e+14 2.831918e+33
2.306962e+14 2.894297e+33
2.324845e+14 2.958050e+33
2.342866e+14 3.023207e+33
2.361027e+14 3.089799e+33
2.379329e+14 3.157859e+33
2.397773e+14 3.227417e+33
2.416360e+14 3.298507e+33
2.435091e+14 3.371164e+33
2.453967e+14 3.445421e+33
2.472989e+14 3.521313e+33
2.492159e+14 3.598877e+33
2.511478e+14 3.678150e+33
2.530946e+14 3.759169e+33
2.550565e+14 3.841972e+33
2.570336e+14 3.926600e+33
2.590260e+14 4.013091e+33
2.610339e+14 4.101488e+33
2.630574e+14 4.191832e+33
2.650965e+14 4.284165e+33
2.671515e+14 4.378533e+33
2.692224e+14 4.474979e+33
2.713093e+14 4.573550e+33
2.734124e+14 4.674292e+33
2.755318e+14 4.777253e+33
2.776676e+14 4.882481e+33
2.798200e+14 4.990028e+33
2.819891e+14 5.099944e+33
2.841750e+14 5.212280e+33
2.863778e+14 5.327092e+33
2.885977e+14 5.444432e+33
2.908349e+14 5.564357e+33
2.930893e+14 5.686923e+33
