# epsilon [g/cm^3]   P [dyn/cm^2]
1.364583e+14 6.495488e+32
1.375161e+14 6.610363e+32
1.385821e+14 6.727269e+32
1.396563e+14 6.846243e+32
1.407389e+14 6.967321e+32
1.418299e+14 7.090540e+32
1.429293e+14 7.215938e+32
1.440372e+14 7.343554e+32
1.451538e+14 7.473427e+32
1.462789e+14 7.605597e+32
1.474129e+14 7.740105e+32
1.485556e+14 7.876991e+32
1.497071e+14 8.016298e+32
1.508676e+14 8.158068e+32
1.520371e+14 8.302346e+32
1.532156e+14 8.449176e+32
1.544033e+14 8.598602e+32
1.556002e+14 8.750671e+32
1.568063e+14 8.905429e+32
1.580219e+14 9.062924e+32
1.592468e+14 9.223205e+32
1.604812e+14 9.386320e+32
1.617252e+14 9.552320e+32
1.629789e+14 9.721255e+32
1.642422e+14 9.893179e+32
1.655154e+14 1.006814e+33
1.667984e+14 1.024620e+33
1.680914e+14 1.042741e+33
1.693944e+14 1.061182e+33
1.707075e+14 1.079949e+33
1.720307e+14 1.099049e+33
1.733643e+14 1.118486e+33
1.747081e+14 1.138266e+33
1.760624e+14 1.158397e+33
1.774272e+14 1.178883e+33
1.788026e+14 1.199732e+33
1.801886e+14 1.220950e+33
1.815854e+14 1.242543e+33
1.829929e+14 1.264518e+33
1.844114e+14 1.286881e+33
1.858409e+14 1.309640e+33
1.872815e+14 1.332801e+33
1.887333e+14 1.356372e+33
1.901963e+14 1.380360e+33
1.916706e+14 1.404772e+33
1.931564e+14 1.429616e+33
1.946537e+14 1.454899e+33
1.961626e+14 1.480630e+33
1.976832e+14 1.506815e+33
1.992155e+14 1.533463e+33
2.007598e+14 1.560583e+33
2.023160e+14 1.588183e+33
2.038843e+14 1.616270e+33
2.054648e+14 1.644854e+33
2.070575e+14 1.673944e+33
2.086625e+14 1.703548e+33
2.102800e+14 1.733676e+33
2.119100e+14 1.764337e+33
2.135527e+14 1.795539e+33
2.152081e+14 1.827294e+33
2.168763e+14 1.859610e+33
2.185575e+14 1.892498e+33
2.202517e+14 1.925967e+33
2.219590e+14 1.960029e+33
2.236795e+14 1.994692e+33
2.254134e+14 2.029969e+33
2.271608e+14 2.065870e+33
2.289217e+14 2.102405e+33
2.306962e+14 2.139587e+33
2.324845e+14 2.177426e+33
2.342866e+14 2.215935e+33
2.361027e+14 2.255124e+33
2.379329e+14 2.295007e+33
2.397773e+14 2.335595e+33
2.416360e+14 2.376900e+33
2.435091e+14 2.418936e+33
2.453967e+14 2.461716e+33
2.472989e+14 2.505252e+33
2.492159e+14 2.549558e+33
2.511478e+14 2.594648e+33
2.530946e+14 2.640535e+33
2.550565e+14 2.687234e+33
2.570336e+14 2.734759e+33
2.590260e+14 2.783124e+33
2.610339e+14 2.832344e+33
2.630574e+14 2.882435e+33
2.650965e+14 2.933412e+33
2.671515e+14 2.985290e+33
2.692224e+14 3.038086e+33
2.713093e+14 3.091815e+33
2.734124e+14 3.146495e+33
2.755318e+14 3.202141e+33
2.776676e+14 3.258772e+33
2.798200e+14 3.316405e+33
2.819891e+14 3.375056e+33
2.841750e+14 3.434745e+33
2.863778e+14 3.495490e+33
2.885977e+14 3.557308e+33
2.908349e+14 3.620220e+33
2.930893e+14 3.684245e+33
