# epsilon [g/cm^3]   P [dyn/cm^2]
1.364583e+14 6.635364e+32
1.375161e+14 6.801353e+32
1.385821e+14 6.971495e+32
1.396563e+14 7.145893e+32
1.407389e+14 7.324653e+32
1.418299e+14 7.507886e+32
1.429293e+14 7.695702e+32
1.440372e+14 7.888216e+32
1.451538e+14 8.085546e+32
1.462789e+14 8.287813e+32
1.474129e+14 8.495140e+32
1.485556e+14 8.707653e+32
1.497071e+14 8.925482e+32
1.508676e+14 9.148761e+32
1.520371e+14 9.377625e+32
1.532156e+14 9.612214e+32
1.544033e+14 9.852671e+32
1.556002e+14 1.009914e+33
1.568063e+14 1.035178e+33
1.580219e+14 1.061074e+33
1.592468e+14 1.087618e+33
1.604812e+14 1.114825e+33
1.617252e+14 1.142714e+33
1.629789e+14 1.171300e+33
1.642422e+14 1.200601e+33
1.655154e+14 1.230635e+33
1.667984e+14 1.261420e+33
1.680914e+14 1.292976e+33
1.693944e+14 1.325321e+33
1.707075e+14 1.358475e+33
1.720307e+14 1.392458e+33
1.733643e+14 1.427291e+33
1.747081e+14 1.462996e+33
1.760624e+14 1.499594e+33
1.774272e+14 1.537108e+33
1.788026e+14 1.575560e+33
1.801886e+14 1.614974e+33
1.815854e+14 1.655374e+33
1.829929e+14 1.696785e+33
1.844114e+14 1.739231e+33
1.858409e+14 1.782739e+33
1.872815e+14 1.827336e+33
1.887333e+14 1.873049e+33
1.901963e+14 1.919904e+33
1.916706e+14 1.967932e+33
1.931564e+14 2.017162e+33
1.946537e+14 2.067623e+33
1.961626e+14 2.119346e+33
1.976832e+14 2.172363e+33
1.992155e+14 2.226707e+33
2.007598e+14 2.282410e+33
2.023160e+14 2.339506e+33
2.038843e+14 2.398031e+33
2.054648e+14 2.458020e+33
2.070575e+14 2.519509e+33
2.086625e+14 2.582537e+33
2.102800e+14 2.647141e+33
2.119100e+14 2.713362e+33
2.135527e+14 2.781239e+33
2.152081e+14 2.850814e+33
2.168763e+14 2.922129e+33
2.185575e+14 2.995229e+33
2.202517e+14 3.070157e+33
2.219590e+14 3.146960e+33
2.236795e+14 3.225683e+33
2.254134e+14 3.306377e+33
2.271608e+14 3.389088e+33
2.289217e+14 3.473869e+33
2.306962e+14 3.560771e+33
2.324845e+14 3.649847e+33
2.342866e+14 3.741151e+33
2.361027e+14 3.834739e+33
2.379329e+14 3.930668e+33
2.397773e+14 4.028997e+33
2.416360e+14 4.129786e+33
2.435091e+14 4.233096e+33
2.453967e+14 4.338990e+33
2.472989e+14 4.447534e+33
2.492159e+14 4.558793e+33
2.511478e+14 4.672835e+33
2.530946e+14 4.789729e+33
2.550565e+14 4.909549e+33
2.570336e+14 5.032365e+33
2.590260e+14 5.158254e+33
2.610339e+14 5.287292e+33
2.630574e+14 5.419558e+33
2.650965e+14 5.555133e+33
2.671515e+14 5.694099e+33
2.692224e+14 5.836542e+33
2.713093e+14 5.982548e+33
2.734124e+14 6.132206e+33
2.755318e+14 6.285609e+33
2.776676e+14 6.442848e+33
2.798200e+14 6.604022e+33
2.819891e+14 6.769227e+33
2.841750e+14 6.938565e+33
2.863778e+14 7.112139e+33
2.885977e+14 7.290055e+33
2.908349e+14 7.472422e+33
2.930893e+14 7.659351e+33
