# epsilon [g/cm^3]   P [dyn/cm^2]
1.364583e+14 6.535349e+32
1.375161e+14 6.664650e+32
1.385821e+14 6.796509e+32
1.396563e+14 6.930978e+32
1.407389e+14 7.068106e+32
1.418299e+14 7.207948e+32
1.429293e+14 7.350556e+32
1.440372e+14 7.495986e+32
1.451538e+14 7.644293e+32
1.462789e+14 7.795535e+32
1.474129e+14 7.949768e+32
1.485556e+14 8.107054e+32
1.497071e+14 8.267451e+32
1.508676e+14 8.431021e+32
1.520371e+14 8.597828e+32
1.532156e+14 8.767935e+32
1.544033e+14 8.941407e+32
1.556002e+14 9.118312e+32
1.568063e+14 9.298717e+32
1.580219e+14 9.482691e+32
1.592468e+14 9.670305e+32
1.604812e+14 9.861631e+32
1.617252e+14 1.005674e+33
1.629789e+14 1.025571e+33
1.642422e+14 1.045862e+33
1.655154e+14 1.066554e+33
1.667984e+14 1.087656e+33
1.680914e+14 1.109175e+33
1.693944e+14 1.131120e+33
1.707075e+14 1.153499e+33
1.720307e+14 1.176321e+33
1.733643e+14 1.199594e+33
1.747081e+14 1.223328e+33
1.760624e+14 1.247532e+33
1.774272e+14 1.272214e+33
1.788026e+14 1.297384e+33
1.801886e+14 1.323053e+33
1.815854e+14 1.349230e+33
1.829929e+14 1.375924e+33
1.844114e+14 1.403146e+33
1.858409e+14 1.430907e+33
1.872815e+14 1.459218e+33
1.887333e+14 1.488088e+33
1.901963e+14 1.517530e+33
1.916706e+14 1.547554e+33
1.931564e+14 1.578172e+33
1.946537e+14 1.609396e+33
1.961626e+14 1.641238e+33
1.976832e+14 1.673710e+33
1.992155e+14 1.706824e+33
2.007598e+14 1.740593e+33
2.023160e+14 1.775030e+33
2.038843e+14 1.810149e+33
2.054648e+14 1.845963e+33
2.070575e+14 1.882485e+33
2.086625e+14 1.919730e+33
2.102800e+14 1.957711e+33
2.119100e+14 1.996444e+33
2.135527e+14 2.035944e+33
2.152081e+14 2.076225e+33
2.168763e+14 2.117303e+33
2.185575e+14 2.159193e+33
2.202517e+14 2.201913e+33
2.219590e+14 2.245477e+33
2.236795e+14 2.289904e+33
2.254134e+14 2.335209e+33
2.271608e+14 2.381411e+33
2.289217e+14 2.428527e+33
2.306962e+14 2.476575e+33
2.324845e+14 2.525574e+33
2.342866e+14 2.575542e+33
2.361027e+14 2.626499e+33
2.379329e+14 2.678464e+33
2.397773e+14 2.731457e+33
2.416360e+14 2.785498e+33
2.435091e+14 2.840609e+33
2.453967e+14 2.896810e+33
2.472989e+14 2.954123e+33
2.492159e+14 3.012570e+33
2.511478e+14 3.072173e+33
2.530946e+14 3.132956e+33
2.550565e+14 3.194941e+33
2.570336e+14 3.258153e+33
2.590260e+14 3.322615e+33
2.610339e+14 3.388352e+33
2.630574e+14 3.455391e+33
2.650965e+14 3.523755e+33
2.671515e+14 3.593472e+33
2.692224e+14 3.664569e+33
2.713093e+14 3.737072e+33
2.734124e+14 3.811009e+33
2.755318e+14 3.886410e+33
2.776676e+14 3.963302e+33
2.798200e+14 4.041715e+33
2.819891e+14 4.121680e+33
2.841750e+14 4.203227e+33
2.863778e+14 4.286387e+33
2.885977e+14 4.371193e+33
2.908349e+14 4.457676e+33
2.930893e+14 4.545871e+33
