# epsilon [g/cm^3]   P [dyn/cm^2]
1.364583e+14 6.433845e+32
1.375161e+14 6.526631e+32
1.385821e+14 6.620754e+32
1.396563e+14 6.716235e+32
1.407389e+14 6.813093e+32
1.418299e+14 6.911348e+32
1.429293e+14 7.011020e+32
1.440372e+14 7.112129e+32
1.451538e+14 7.214697e+32
1.462789e+14 7.318743e+32
1.474129e+14 7.424290e+32
1.485556e+14 7.531360e+32
1.497071e+14 7.639973e+32
1.508676e+14 7.750153e+32
1.520371e+14 7.861921e+32
1.532156e+14 7.975302e+32
1.544033e+14 8.090318e+32
1.556002e+14 8.206992e+32
1.568063e+14 8.325349e+32
1.580219e+14 8.445413e+32
1.592468e+14 8.567208e+32
1.604812e+14 8.690760e+32
1.617252e+14 8.816094e+32
1.629789e+14 8.943235e+32
1.642422e+14 9.072209e+32
1.655154e+14 9.203044e+32
1.667984e+14 9.335766e+32
1.680914e+14 9.470401e+32
1.693944e+14 9.606978e+32
1.707075e+14 9.745525e+32
1.720307e+14 9.886070e+32
1.733643e+14 1.002864e+33
1.747081e+14 1.017327e+33
1.760624e+14 1.031998e+33
1.774272e+14 1.046881e+33
1.788026e+14 1.061979e+33
1.801886e+14 1.077294e+33
1.815854e+14 1.092830e+33
1.829929e+14 1.108591e+33
1.844114e+14 1.124578e+33
1.858409e+14 1.140796e+33
1.872815e+14 1.157248e+33
1.887333e+14 1.173937e+33
1.901963e+14 1.190867e+33
1.916706e+14 1.208041e+33
1.931564e+14 1.225463e+33
1.946537e+14 1.243136e+33
1.961626e+14 1.261064e+33
1.976832e+14 1.279250e+33
1.992155e+14 1.297699e+33
2.007598e+14 1.316414e+33
2.023160e+14 1.335398e+33
2.038843e+14 1.354657e+33
2.054648e+14 1.374193e+33
2.070575e+14 1.394011e+33
2.086625e+14 1.414115e+33
2.102800e+14 1.434508e+33
2.119100e+14 1.455196e+33
2.135527e+14 1.476182e+33
2.152081e+14 1.497471e+33
2.168763e+14 1.519066e+33
2.185575e+14 1.540974e+33
2.202517e+14 1.563197e+33
2.219590e+14 1.585740e+33
2.236795e+14 1.608609e+33
2.254134e+14 1.631808e+33
2.271608e+14 1.655341e+33
2.289217e+14 1.679213e+33
2.306962e+14 1.703430e+33
2.324845e+14 1.727996e+33
2.342866e+14 1.752916e+33
2.361027e+14 1.778196e+33
2.379329e+14 1.803840e+33
2.397773e+14 1.829854e+33
2.416360e+14 1.856243e+33
2.435091e+14 1.883013e+33
2.453967e+14 1.910169e+33
2.472989e+14 1.937716e+33
2.492159e+14 1.965661e+33
2.511478e+14 1.994009e+33
2.530946e+14 2.022765e+33
2.550565e+14 2.051937e+33
2.570336e+14 2.081529e+33
2.590260e+14 2.111547e+33
2.610339e+14 2.141999e+33
2.630574e+14 2.172890e+33
2.650965e+14 2.204226e+33
2.671515e+14 2.236014e+33
2.692224e+14 2.268261e+33
2.713093e+14 2.300973e+33
2.734124e+14 2.334156e+33
2.755318e+14 2.367818e+33
2.776676e+14 2.401965e+33
2.798200e+14 2.436605e+33
2.819891e+14 2.471745e+33
2.841750e+14 2.507391e+33
2.863778e+14 2.543551e+33
2.885977e+14 2.580233e+33
2.908349e+14 2.617444e+33
2.930893e+14 2.655191e+33
