# epsilon [g/cm^3]   P [dyn/cm^2]
1.364583e+14 6.571077e+32
1.375161e+14 6.713403e+32
1.385821e+14 6.858812e+32
1.396563e+14 7.007371e+32
1.407389e+14 7.159148e+32
1.418299e+14 7.314212e+32
1.429293e+14 7.472634e+32
1.440372e+14 7.634488e+32
1.451538e+14 7.799848e+32
1.462789e+14 7.968789e+32
1.474129e+14 8.141389e+32
1.485556e+14 8.317728e+32
1.497071e+14 8.497886e+32
1.508676e+14 8.681947e+32
1.520371e+14 8.869994e+32
1.532156e+14 9.062114e+32
1.544033e+14 9.258395e+32
1.556002e+14 9.458928e+32
1.568063e+14 9.663804e+32
1.580219e+14 9.873118e+32
1.592468e+14 1.008697e+33
1.604812e+14 1.030544e+33
1.617252e+14 1.052866e+33
1.629789e+14 1.075670e+33
1.642422e+14 1.098969e+33
1.655154e+14 1.122772e+33
1.667984e+14 1.147091e+33
1.680914e+14 1.171936e+33
1.693944e+14 1.197320e+33
1.707075e+14 1.223253e+33
1.720307e+14 1.249748e+33
1.733643e+14 1.276817e+33
1.747081e+14 1.304472e+33
1.760624e+14 1.332727e+33
1.774272e+14 1.361593e+33
1.788026e+14 1.391085e+33
1.801886e+14 1.421215e+33
1.815854e+14 1.451998e+33
1.829929e+14 1.483447e+33
1.844114e+14 1.515578e+33
1.858409e+14 1.548405e+33
1.872815e+14 1.581943e+33
1.887333e+14 1.616207e+33
1.901963e+14 1.651213e+33
1.916706e+14 1.686978e+33
1.931564e+14 1.723517e+33
1.946537e+14 1.760847e+33
1.961626e+14 1.798987e+33
1.976832e+14 1.837952e+33
1.992155e+14 1.877761e+33
2.007598e+14 1.918432e+33
2.023160e+14 1.959985e+33
2.038843e+14 2.002437e+33
2.054648e+14 2.045809e+33
2.070575e+14 2.090120e+33
2.086625e+14 2.135392e+33
2.102800e+14 2.181643e+33
2.119100e+14 2.228897e+33
2.135527e+14 2.277173e+33
2.152081e+14 2.326496e+33
2.168763e+14 2.376887e+33
2.185575e+14 2.428369e+33
2.202517e+14 2.480967e+33
2.219590e+14 2.534703e+33
2.236795e+14 2.589604e+33
2.254134e+14 2.645693e+33
2.271608e+14 2.702998e+33
2.289217e+14 2.761544e+33
2.306962e+14 2.821357e+33
2.324845e+14 2.882467e+33
2.342866e+14 2.944900e+33
2.361027e+14 3.008685e+33
2.379329e+14 3.073852e+33
2.397773e+14 3.140430e+33
2.416360e+14 3.208450e+33
2.435091e+14 3.277944e+33
2.453967e+14 3.348943e+33
2.472989e+14 3.421479e+33
2.492159e+14 3.495587e+33
2.511478e+14 3.571300e+33
2.530946e+14 3.648653e+33
2.550565e+14 3.727681e+33
2.570336e+14 3.808421e+33
2.590260e+14 3.890909e+33
2.610339e+14 3.975185e+33
2.630574e+14 4.061285e+33
2.650965e+14 4.149251e+33
2.671515e+14 4.239122e+33
2.692224e+14 4.330939e+33
2.713093e+14 4.424746e+33
2.734124e+14 4.520584e+33
2.755318e+14 4.618497e+33
2.776676e+14 4.718532e+33
2.798200e+14 4.820733e+33
2.819891e+14 4.925148e+33
2.841750e+14 5.031825e+33
2.863778e+14 5.140812e+33
2.885977e+14 5.252160e+33
2.908349e+14 5.365919e+33
2.930893e+14 5.482142e+33
