# epsilon [g/cm^3]   P [dyn/cm^2]
1.364583e+14 6.580029e+32
1.375161e+14 6.725633e+32
1.385821e+14 6.874459e+32
1.396563e+14 7.026578e+32
1.407389e+14 7.182064e+32
1.418299e+14 7.340990e+32
1.429293e+14 7.503433e+32
1.440372e+14 7.669471e+32
1.451538e+14 7.839183e+32
1.462789e+14 8.012650e+32
1.474129e+14 8.189955e+32
1.485556e+14 8.371184e+32
1.497071e+14 8.556424e+32
1.508676e+14 8.745762e+32
1.520371e+14 8.939290e+32
1.532156e+14 9.137101e+32
1.544033e+14 9.339288e+32
1.556002e+14 9.545950e+32
1.568063e+14 9.757185e+32
1.580219e+14 9.973094e+32
1.592468e+14 1.019378e+33
1.604812e+14 1.041935e+33
1.617252e+14 1.064991e+33
1.629789e+14 1.088558e+33
1.642422e+14 1.112645e+33
1.655154e+14 1.137266e+33
1.667984e+14 1.162432e+33
1.680914e+14 1.188154e+33
1.693944e+14 1.214446e+33
1.707075e+14 1.241320e+33
1.720307e+14 1.268788e+33
1.733643e+14 1.296864e+33
1.747081e+14 1.325561e+33
1.760624e+14 1.354894e+33
1.774272e+14 1.384875e+33
1.788026e+14 1.415520e+33
1.801886e+14 1.446843e+33
1.815854e+14 1.478859e+33
1.829929e+14 1.511583e+33
1.844114e+14 1.545032e+33
1.858409e+14 1.579221e+33
1.872815e+14 1.614166e+33
1.887333e+14 1.649885e+33
1.901963e+14 1.686394e+33
1.916706e+14 1.723710e+33
1.931564e+14 1.761853e+33
1.946537e+14 1.800840e+33
1.961626e+14 1.840689e+33
1.976832e+14 1.881420e+33
1.992155e+14 1.923053e+33
2.007598e+14 1.965606e+33
2.023160e+14 2.009102e+33
2.038843e+14 2.053560e+33
2.054648e+14 2.099001e+33
2.070575e+14 2.145448e+33
2.086625e+14 2.192923e+33
2.102800e+14 2.241449e+33
2.119100e+14 2.291048e+33
2.135527e+14 2.341745e+33
2.152081e+14 2.393563e+33
2.168763e+14 2.446529e+33
2.185575e+14 2.500666e+33
2.202517e+14 2.556001e+33
2.219590e+14 2.612561e+33
2.236795e+14 2.670372e+33
2.254134e+14 2.729463e+33
2.271608e+14 2.789861e+33
2.289217e+14 2.851596e+33
2.306962e+14 2.914696e+33
2.324845e+14 2.979193e+33
2.342866e+14 3.045118e+33
2.361027e+14 3.112501e+33
2.379329e+14 3.181375e+33
2.397773e+14 3.251773e+33
2.416360e+14 3.323729e+33
2.435091e+14 3.397277e+33
2.453967e+14 3.472453e+33
2.472989e+14 3.549292e+33
2.492159e+14 3.627831e+33
2.511478e+14 3.708109e+33
2.530946e+14 3.790162e+33
2.550565e+14 3.874032e+33
2.570336e+14 3.959757e+33
2.590260e+14 4.047380e+33
2.610339e+14 4.136941e+33
2.630574e+14 4.228484e+33
2.650965e+14 4.322053e+33
2.671515e+14 4.417692e+33
2.692224e+14 4.515448e+33
2.713093e+14 4.615367e+33
2.734124e+14 4.717496e+33
2.755318e+14 4.821886e+33
2.776676e+14 4.928586e+33
2.798200e+14 5.037647e+33
2.819891e+14 5.149121e+33
2.841750e+14 5.263062e+33
2.863778e+14 5.379524e+33
2.885977e+14 5.498563e+33
2.908349e+14 5.620236e+33
2.930893e+14 5.744602e+33
