# epsilon [g/cm^3]   P [dyn/cm^2]
1.364583e+14 6.531648e+32
1.375161e+14 6.659605e+32
1.385821e+14 6.790069e+32
1.396563e+14 6.923088e+32
1.407389e+14 7.058714e+32
1.418299e+14 7.196996e+32
1.429293e+14 7.337987e+32
1.440372e+14 7.481741e+32
1.451538e+14 7.628310e+32
1.462789e+14 7.777751e+32
1.474129e+14 7.930119e+32
1.485556e+14 8.085473e+32
1.497071e+14 8.243870e+32
1.508676e+14 8.405370e+32
1.520371e+14 8.570033e+32
1.532156e+14 8.737923e+32
1.544033e+14 8.909101e+32
1.556002e+14 9.083633e+32
1.568063e+14 9.261584e+32
1.580219e+14 9.443022e+32
1.592468e+14 9.628013e+32
1.604812e+14 9.816629e+32
1.617252e+14 1.000894e+33
1.629789e+14 1.020502e+33
1.642422e+14 1.040494e+33
1.655154e+14 1.060877e+33
1.667984e+14 1.081660e+33
1.680914e+14 1.102850e+33
1.693944e+14 1.124455e+33
1.707075e+14 1.146484e+33
1.720307e+14 1.168944e+33
1.733643e+14 1.191844e+33
1.747081e+14 1.215192e+33
1.760624e+14 1.238998e+33
1.774272e+14 1.263271e+33
1.788026e+14 1.288019e+33
1.801886e+14 1.313251e+33
1.815854e+14 1.338978e+33
1.829929e+14 1.365209e+33
1.844114e+14 1.391954e+33
1.858409e+14 1.419223e+33
1.872815e+14 1.447026e+33
1.887333e+14 1.475374e+33
1.901963e+14 1.504277e+33
1.916706e+14 1.533746e+33
1.931564e+14 1.563792e+33
1.946537e+14 1.594427e+33
1.961626e+14 1.625663e+33
1.976832e+14 1.657510e+33
1.992155e+14 1.689981e+33
2.007598e+14 1.723088e+33
2.023160e+14 1.756844e+33
2.038843e+14 1.791261e+33
2.054648e+14 1.826353e+33
2.070575e+14 1.862131e+33
2.086625e+14 1.898611e+33
2.102800e+14 1.935805e+33
2.119100e+14 1.973728e+33
2.135527e+14 2.012394e+33
2.152081e+14 2.051818e+33
2.168763e+14 2.092014e+33
2.185575e+14 2.132997e+33
2.202517e+14 2.174783e+33
2.219590e+14 2.217387e+33
2.236795e+14 2.260827e+33
2.254134e+14 2.305117e+33
2.271608e+14 2.350275e+33
2.289217e+14 2.396318e+33
2.306962e+14 2.443262e+33
2.324845e+14 2.491126e+33
2.342866e+14 2.539928e+33
2.361027e+14 2.589686e+33
2.379329e+14 2.640419e+33
2.397773e+14 2.692146e+33
2.416360e+14 2.744885e+33
2.435091e+14 2.798659e+33
2.453967e+14 2.853485e+33
2.472989e+14 2.909386e+33
2.492159e+14 2.966382e+33
2.511478e+14 3.024494e+33
2.530946e+14 3.083745e+33
2.550565e+14 3.144156e+33
2.570336e+14 3.205751e+33
2.590260e+14 3.268553e+33
2.610339e+14 3.332585e+33
2.630574e+14 3.397871e+33
2.650965e+14 3.464436e+33
2.671515e+14 3.532306e+33
2.692224e+14 3.601505e+33
2.713093e+14 3.672059e+33
2.734124e+14 3.743996e+33
2.755318e+14 3.817342e+33
2.776676e+14 3.892125e+33
2.798200e+14 3.968373e+33
2.819891e+14 4.046114e+33
2.841750e+14 4.125379e+33
2.863778e+14 4.206196e+33
2.885977e+14 4.288597e+33
2.908349e+14 4.372612e+33
2.930893e+14 4.458273e+33
