# epsilon [g/cm^3]   P [dyn/cm^2]
1.364583e+14 6.469908e+32
1.375161e+14 6.575584e+32
1.385821e+14 6.682985e+32
1.396563e+14 6.792141e+32
1.407389e+14 6.903080e+32
1.418299e+14 7.015831e+32
1.429293e+14 7.130423e+32
1.440372e+14 7.246887e+32
1.451538e+14 7.365254e+32
1.462789e+14 7.485553e+32
1.474129e+14 7.607818e+32
1.485556e+14 7.732079e+32
1.497071e+14 7.858371e+32
1.508676e+14 7.986725e+32
1.520371e+14 8.117175e+32
1.532156e+14 8.249756e+32
1.544033e+14 8.384503e+32
1.556002e+14 8.521450e+32
1.568063e+14 8.660634e+32
1.580219e+14 8.802092e+32
1.592468e+14 8.945860e+32
1.604812e+14 9.091977e+32
1.617252e+14 9.240480e+32
1.629789e+14 9.391408e+32
1.642422e+14 9.544802e+32
1.655154e+14 9.700701e+32
1.667984e+14 9.859146e+32
1.680914e+14 1.002018e+33
1.693944e+14 1.018384e+33
1.707075e+14 1.035018e+33
1.720307e+14 1.051923e+33
1.733643e+14 1.069105e+33
1.747081e+14 1.086567e+33
1.760624e+14 1.104314e+33
1.774272e+14 1.122352e+33
1.788026e+14 1.140683e+33
1.801886e+14 1.159315e+33
1.815854e+14 1.178250e+33
1.829929e+14 1.197495e+33
1.844114e+14 1.217054e+33
1.858409e+14 1.236933e+33
1.872815e+14 1.257136e+33
1.887333e+14 1.277669e+33
1.901963e+14 1.298538e+33
1.916706e+14 1.319748e+33
1.931564e+14 1.341304e+33
1.946537e+14 1.363212e+33
1.961626e+14 1.385478e+33
1.976832e+14 1.408107e+33
1.992155e+14 1.431106e+33
2.007598e+14 1.454481e+33
2.023160e+14 1.478238e+33
2.038843e+14 1.502383e+33
2.054648e+14 1.526922e+33
2.070575e+14 1.551861e+33
2.086625e+14 1.577209e+33
2.102800e+14 1.602970e+33
2.119100e+14 1.629152e+33
2.135527e+14 1.655761e+33
2.152081e+14 1.682806e+33
2.168763e+14 1.710291e+33
2.185575e+14 1.738226e+33
2.202517e+14 1.766618e+33
2.219590e+14 1.795472e+33
2.236795e+14 1.824799e+33
2.254134e+14 1.854604e+33
2.271608e+14 1.884896e+33
2.289217e+14 1.915683e+33
2.306962e+14 1.946972e+33
2.324845e+14 1.978773e+33
2.342866e+14 2.011093e+33
2.361027e+14 2.043941e+33
2.379329e+14 2.077325e+33
2.397773e+14 2.111255e+33
2.416360e+14 2.145739e+33
2.435091e+14 2.180786e+33
2.453967e+14 2.216406e+33
2.472989e+14 2.252608e+33
2.492159e+14 2.289400e+33
2.511478e+14 2.326794e+33
2.530946e+14 2.364799e+33
2.550565e+14 2.403424e+33
2.570336e+14 2.442680e+33
2.590260e+14 2.482577e+33
2.610339e+14 2.523126e+33
2.630574e+14 2.564337e+33
2.650965e+14 2.606222e+33
2.671515e+14 2.648790e+33
2.692224e+14 2.692054e+33
2.713093e+14 2.736024e+33
2.734124e+14 2.780713e+33
2.755318e+14 2.826131e+33
2.776676e+14 2.872292e+33
2.798200e+14 2.919206e+33
2.819891e+14 2.966887e+33
2.841750e+14 3.015346e+33
2.863778e+14 3.064597e+33
2.885977e+14 3.114652e+33
2.908349e+14 3.165525e+33
2.930893e+14 3.217229e+33
