# epsilon [g/cm^3]   P [dyn/cm^2]
1.364583e+14 6.424654e+32
1.375161e+14 6.514169e+32
1.385821e+14 6.604932e+32
1.396563e+14 6.696959e+32
1.407389e+14 6.790268e+32
1.418299e+14 6.884877e+32
1.429293e+14 6.980805e+32
1.440372e+14 7.078069e+32
1.451538e+14 7.176688e+32
1.462789e+14 7.276682e+32
1.474129e+14 7.378068e+32
1.485556e+14 7.480868e+32
1.497071e+14 7.585099e+32
1.508676e+14 7.690783e+32
1.520371e+14 7.797939e+32
1.532156e+14 7.906588e+32
1.544033e+14 8.016752e+32
1.556002e+14 8.128450e+32
1.568063e+14 8.241704e+32
1.580219e+14 8.356536e+32
1.592468e+14 8.472969e+32
1.604812e+14 8.591023e+32
1.617252e+14 8.710723e+32
1.629789e+14 8.832090e+32
1.642422e+14 8.955148e+32
1.655154e+14 9.079921e+32
1.667984e+14 9.206432e+32
1.680914e+14 9.334706e+32
1.693944e+14 9.464767e+32
1.707075e+14 9.596640e+32
1.720307e+14 9.730351e+32
1.733643e+14 9.865925e+32
1.747081e+14 1.000339e+33
1.760624e+14 1.014277e+33
1.774272e+14 1.028409e+33
1.788026e+14 1.042737e+33
1.801886e+14 1.057266e+33
1.815854e+14 1.071997e+33
1.829929e+14 1.086933e+33
1.844114e+14 1.102078e+33
1.858409e+14 1.117433e+33
1.872815e+14 1.133002e+33
1.887333e+14 1.148788e+33
1.901963e+14 1.164795e+33
1.916706e+14 1.181024e+33
1.931564e+14 1.197479e+33
1.946537e+14 1.214164e+33
1.961626e+14 1.231081e+33
1.976832e+14 1.248233e+33
1.992155e+14 1.265625e+33
2.007598e+14 1.283259e+33
2.023160e+14 1.301139e+33
2.038843e+14 1.319268e+33
2.054648e+14 1.337649e+33
2.070575e+14 1.356287e+33
2.086625e+14 1.375184e+33
2.102800e+14 1.394345e+33
2.119100e+14 1.413772e+33
2.135527e+14 1.433470e+33
2.152081e+14 1.453443e+33
2.168763e+14 1.473694e+33
2.185575e+14 1.494227e+33
2.202517e+14 1.515046e+33
2.219590e+14 1.536155e+33
2.236795e+14 1.557559e+33
2.254134e+14 1.579260e+33
2.271608e+14 1.601264e+33
2.289217e+14 1.623575e+33
2.306962e+14 1.646196e+33
2.324845e+14 1.669133e+33
2.342866e+14 1.692389e+33
2.361027e+14 1.715969e+33
2.379329e+14 1.739878e+33
2.397773e+14 1.764120e+33
2.416360e+14 1.788699e+33
2.435091e+14 1.813622e+33
2.453967e+14 1.838891e+33
2.472989e+14 1.864512e+33
2.492159e+14 1.890491e+33
2.511478e+14 1.916831e+33
2.530946e+14 1.943538e+33
2.550565e+14 1.970618e+33
2.570336e+14 1.998075e+33
2.590260e+14 2.025914e+33
2.610339e+14 2.054141e+33
2.630574e+14 2.082762e+33
2.650965e+14 2.111781e+33
2.671515e+14 2.141205e+33
2.692224e+14 2.171038e+33
2.713093e+14 2.201287e+33
2.734124e+14 2.231958e+33
2.755318e+14 2.263056e+33
2.776676e+14 2.294588e+33
2.798200e+14 2.326558e+33
2.819891e+14 2.358974e+33
2.841750e+14 2.391842e+33
2.863778e+14 2.425168e+33
2.885977e+14 2.458958e+33
2.908349e+14 2.493219e+33
2.930893e+14 2.527957e+33
