# epsilon [g/cm^3]   P [dyn/cm^2]
1.364583e+14 6.442491e+32
1.375161e+14 6.538358e+32
1.385821e+14 6.635652e+32
1.396563e+14 6.734393e+32
1.407389e+14 6.834605e+32
1.418299e+14 6.936307e+32
1.429293e+14 7.039522e+32
1.440372e+14 7.144274e+32
1.451538e+14 7.250584e+32
1.462789e+14 7.358476e+32
1.474129e+14 7.467974e+32
1.485556e+14 7.579101e+32
1.497071e+14 7.691882e+32
1.508676e+14 7.806341e+32
1.520371e+14 7.922503e+32
1.532156e+14 8.040393e+32
1.544033e+14 8.160038e+32
1.556002e+14 8.281464e+32
1.568063e+14 8.404696e+32
1.580219e+14 8.529762e+32
1.592468e+14 8.656689e+32
1.604812e+14 8.785504e+32
1.617252e+14 8.916237e+32
1.629789e+14 9.048915e+32
1.642422e+14 9.183567e+32
1.655154e+14 9.320223e+32
1.667984e+14 9.458912e+32
1.680914e+14 9.599665e+32
1.693944e+14 9.742513e+32
1.707075e+14 9.887486e+32
1.720307e+14 1.003462e+33
1.733643e+14 1.018394e+33
1.747081e+14 1.033548e+33
1.760624e+14 1.048928e+33
1.774272e+14 1.064536e+33
1.788026e+14 1.080377e+33
1.801886e+14 1.096453e+33
1.815854e+14 1.112769e+33
1.829929e+14 1.129328e+33
1.844114e+14 1.146133e+33
1.858409e+14 1.163188e+33
1.872815e+14 1.180496e+33
1.887333e+14 1.198063e+33
1.901963e+14 1.215891e+33
1.916706e+14 1.233984e+33
1.931564e+14 1.252346e+33
1.946537e+14 1.270981e+33
1.961626e+14 1.289894e+33
1.976832e+14 1.309088e+33
1.992155e+14 1.328568e+33
2.007598e+14 1.348338e+33
2.023160e+14 1.368402e+33
2.038843e+14 1.388764e+33
2.054648e+14 1.409430e+33
2.070575e+14 1.430403e+33
2.086625e+14 1.451688e+33
2.102800e+14 1.473290e+33
2.119100e+14 1.495213e+33
2.135527e+14 1.517463e+33
2.152081e+14 1.540043e+33
2.168763e+14 1.562960e+33
2.185575e+14 1.586217e+33
2.202517e+14 1.609821e+33
2.219590e+14 1.633776e+33
2.236795e+14 1.658087e+33
2.254134e+14 1.682760e+33
2.271608e+14 1.707801e+33
2.289217e+14 1.733214e+33
2.306962e+14 1.759005e+33
2.324845e+14 1.785180e+33
2.342866e+14 1.811744e+33
2.361027e+14 1.838704e+33
2.379329e+14 1.866064e+33
2.397773e+14 1.893832e+33
2.416360e+14 1.922013e+33
2.435091e+14 1.950614e+33
2.453967e+14 1.979640e+33
2.472989e+14 2.009098e+33
2.492159e+14 2.038994e+33
2.511478e+14 2.069336e+33
2.530946e+14 2.100128e+33
2.550565e+14 2.131379e+33
2.570336e+14 2.163095e+33
2.590260e+14 2.195283e+33
2.610339e+14 2.227950e+33
2.630574e+14 2.261103e+33
2.650965e+14 2.294749e+33
2.671515e+14 2.328896e+33
2.692224e+14 2.363551e+33
2.713093e+14 2.398722e+33
2.734124e+14 2.434416e+33
2.755318e+14 2.470641e+33
2.776676e+14 2.507406e+33
2.798200e+14 2.544717e+33
2.819891e+14 2.582584e+33
2.841750e+14 2.621014e+33
2.863778e+14 2.660016e+33
2.885977e+14 2.699598e+33
2.908349e+14 2.739769e+33
2.930893e+14 2.780539e+33
