# epsilon [g/cm^3]   P [dyn/cm^2]
1.364583e+14 6.460115e+32
1.375161e+14 6.562281e+32
1.385821e+14 6.666062e+32
1.396563e+14 6.771485e+32
1.407389e+14 6.878576e+32
1.418299e+14 6.987360e+32
1.429293e+14 7.097864e+32
1.440372e+14 7.210116e+32
1.451538e+14 7.324143e+32
1.462789e+14 7.439974e+32
1.474129e+14 7.557636e+32
1.485556e+14 7.677160e+32
1.497071e+14 7.798573e+32
1.508676e+14 7.921907e+32
1.520371e+14 8.047191e+32
1.532156e+14 8.174456e+32
1.544033e+14 8.303735e+32
1.556002e+14 8.435057e+32
1.568063e+14 8.568457e+32
1.580219e+14 8.703966e+32
1.592468e+14 8.841618e+32
1.604812e+14 8.981448e+32
1.617252e+14 9.123488e+32
1.629789e+14 9.267775e+32
1.642422e+14 9.414344e+32
1.655154e+14 9.563231e+32
1.667984e+14 9.714473e+32
1.680914e+14 9.868106e+32
1.693944e+14 1.002417e+33
1.707075e+14 1.018270e+33
1.720307e+14 1.034374e+33
1.733643e+14 1.050732e+33
1.747081e+14 1.067350e+33
1.760624e+14 1.084230e+33
1.774272e+14 1.101377e+33
1.788026e+14 1.118795e+33
1.801886e+14 1.136488e+33
1.815854e+14 1.154462e+33
1.829929e+14 1.172720e+33
1.844114e+14 1.191266e+33
1.858409e+14 1.210106e+33
1.872815e+14 1.229243e+33
1.887333e+14 1.248684e+33
1.901963e+14 1.268432e+33
1.916706e+14 1.288492e+33
1.931564e+14 1.308869e+33
1.946537e+14 1.329569e+33
1.961626e+14 1.350596e+33
1.976832e+14 1.371955e+33
1.992155e+14 1.393653e+33
2.007598e+14 1.415693e+33
2.023160e+14 1.438082e+33
2.038843e+14 1.460825e+33
2.054648e+14 1.483928e+33
2.070575e+14 1.507396e+33
2.086625e+14 1.531235e+33
2.102800e+14 1.555452e+33
2.119100e+14 1.580051e+33
2.135527e+14 1.605039e+33
2.152081e+14 1.630423e+33
2.168763e+14 1.656208e+33
2.185575e+14 1.682401e+33
2.202517e+14 1.709008e+33
2.219590e+14 1.736035e+33
2.236795e+14 1.763491e+33
2.254134e+14 1.791380e+33
2.271608e+14 1.819711e+33
2.289217e+14 1.848489e+33
2.306962e+14 1.877723e+33
2.324845e+14 1.907419e+33
2.342866e+14 1.937584e+33
2.361027e+14 1.968227e+33
2.379329e+14 1.999354e+33
2.397773e+14 2.030974e+33
2.416360e+14 2.063094e+33
2.435091e+14 2.095721e+33
2.453967e+14 2.128865e+33
2.472989e+14 2.162533e+33
2.492159e+14 2.196733e+33
2.511478e+14 2.231474e+33
2.530946e+14 2.266765e+33
2.550565e+14 2.302613e+33
2.570336e+14 2.339029e+33
2.590260e+14 2.376020e+33
2.610339e+14 2.413597e+33
2.630574e+14 2.451768e+33
2.650965e+14 2.490542e+33
2.671515e+14 2.529930e+33
2.692224e+14 2.569940e+33
2.713093e+14 2.610584e+33
2.734124e+14 2.651870e+33
2.755318e+14 2.693809e+33
2.776676e+14 2.736411e+33
2.798200e+14 2.779687e+33
2.819891e+14 2.823648e+33
2.841750e+14 2.868303e+33
2.863778e+14 2.913665e+33
2.885977e+14 2.959745e+33
2.908349e+14 3.006553e+33
2.930893e+14 3.054101e+33
