# epsilon [g/cm^3]   P [dyn/cm^2]
1.364583e+14 6.453509e+32
1.375161e+14 6.553312e+32
1.385821e+14 6.654659e+32
1.396563e+14 6.757572e+32
1.407389e+14 6.862077e+32
1.418299e+14 6.968199e+32
1.429293e+14 7.075961e+32
1.440372e+14 7.185390e+32
1.451538e+14 7.296512e+32
1.462789e+14 7.409352e+32
1.474129e+14 7.523936e+32
1.485556e+14 7.640293e+32
1.497071e+14 7.758450e+32
1.508676e+14 7.878433e+32
1.520371e+14 8.000273e+32
1.532156e+14 8.123996e+32
1.544033e+14 8.249633e+32
1.556002e+14 8.377212e+32
1.568063e+14 8.506765e+32
1.580219e+14 8.638321e+32
1.592468e+14 8.771912e+32
1.604812e+14 8.907569e+32
1.617252e+14 9.045324e+32
1.629789e+14 9.185209e+32
1.642422e+14 9.327257e+32
1.655154e+14 9.471502e+32
1.667984e+14 9.617978e+32
1.680914e+14 9.766719e+32
1.693944e+14 9.917760e+32
1.707075e+14 1.007114e+33
1.720307e+14 1.022689e+33
1.733643e+14 1.038504e+33
1.747081e+14 1.054565e+33
1.760624e+14 1.070874e+33
1.774272e+14 1.087434e+33
1.788026e+14 1.104252e+33
1.801886e+14 1.121329e+33
1.815854e+14 1.138670e+33
1.829929e+14 1.156279e+33
1.844114e+14 1.174161e+33
1.858409e+14 1.192319e+33
1.872815e+14 1.210758e+33
1.887333e+14 1.229483e+33
1.901963e+14 1.248497e+33
1.916706e+14 1.267804e+33
1.931564e+14 1.287411e+33
1.946537e+14 1.307321e+33
1.961626e+14 1.327538e+33
1.976832e+14 1.348068e+33
1.992155e+14 1.368916e+33
2.007598e+14 1.390086e+33
2.023160e+14 1.411584e+33
2.038843e+14 1.433414e+33
2.054648e+14 1.455581e+33
2.070575e+14 1.478092e+33
2.086625e+14 1.500950e+33
2.102800e+14 1.524162e+33
2.119100e+14 1.547733e+33
2.135527e+14 1.571669e+33
2.152081e+14 1.595975e+33
2.168763e+14 1.620656e+33
2.185575e+14 1.645720e+33
2.202517e+14 1.671171e+33
2.219590e+14 1.697015e+33
2.236795e+14 1.723259e+33
2.254134e+14 1.749909e+33
2.271608e+14 1.776971e+33
2.289217e+14 1.804452e+33
2.306962e+14 1.832358e+33
2.324845e+14 1.860695e+33
2.342866e+14 1.889470e+33
2.361027e+14 1.918691e+33
2.379329e+14 1.948363e+33
2.397773e+14 1.978494e+33
2.416360e+14 2.009092e+33
2.435091e+14 2.040162e+33
2.453967e+14 2.071713e+33
2.472989e+14 2.103752e+33
2.492159e+14 2.136286e+33
2.511478e+14 2.169324e+33
2.530946e+14 2.202872e+33
2.550565e+14 2.236939e+33
2.570336e+14 2.271533e+33
2.590260e+14 2.306662e+33
2.610339e+14 2.342335e+33
2.630574e+14 2.378559e+33
2.650965e+14 2.415343e+33
2.671515e+14 2.452696e+33
2.692224e+14 2.490626e+33
2.713093e+14 2.529144e+33
2.734124e+14 2.568257e+33
2.755318e+14 2.607974e+33
2.776676e+14 2.648307e+33
2.798200e+14 2.689262e+33
2.819891e+14 2.730852e+33
2.841750e+14 2.773084e+33
2.863778e+14 2.815969e+33
2.885977e+14 2.859518e+33
2.908349e+14 2.903740e+33
2.930893e+14 2.948646e+33
