# epsilon [g/cm^3]   P [dyn/cm^2]
1.364583e+14 6.429699e+32
1.375161e+14 6.521009e+32
1.385821e+14 6.613615e+32
1.396563e+14 6.707537e+32
1.407389e+14 6.802792e+32
1.418299e+14 6.899400e+32
1.429293e+14 6.997380e+32
1.440372e+14 7.096752e+32
1.451538e+14 7.197534e+32
1.462789e+14 7.299748e+32
1.474129e+14 7.403414e+32
1.485556e+14 7.508551e+32
1.497071e+14 7.615182e+32
1.508676e+14 7.723327e+32
1.520371e+14 7.833008e+32
1.532156e+14 7.944246e+32
1.544033e+14 8.057064e+32
1.556002e+14 8.171484e+32
1.568063e+14 8.287530e+32
1.580219e+14 8.405223e+32
1.592468e+14 8.524587e+32
1.604812e+14 8.645647e+32
1.617252e+14 8.768426e+32
1.629789e+14 8.892948e+32
1.642422e+14 9.019239e+32
1.655154e+14 9.147324e+32
1.667984e+14 9.277227e+32
1.680914e+14 9.408975e+32
1.693944e+14 9.542594e+32
1.707075e+14 9.678111e+32
1.720307e+14 9.815552e+32
1.733643e+14 9.954945e+32
1.747081e+14 1.009632e+33
1.760624e+14 1.023970e+33
1.774272e+14 1.038511e+33
1.788026e+14 1.053260e+33
1.801886e+14 1.068217e+33
1.815854e+14 1.083387e+33
1.829929e+14 1.098773e+33
1.844114e+14 1.114376e+33
1.858409e+14 1.130202e+33
1.872815e+14 1.146252e+33
1.887333e+14 1.162530e+33
1.901963e+14 1.179040e+33
1.916706e+14 1.195784e+33
1.931564e+14 1.212765e+33
1.946537e+14 1.229988e+33
1.961626e+14 1.247455e+33
1.976832e+14 1.265171e+33
1.992155e+14 1.283138e+33
2.007598e+14 1.301360e+33
2.023160e+14 1.319841e+33
2.038843e+14 1.338584e+33
2.054648e+14 1.357594e+33
2.070575e+14 1.376873e+33
2.086625e+14 1.396427e+33
2.102800e+14 1.416258e+33
2.119100e+14 1.436370e+33
2.135527e+14 1.456768e+33
2.152081e+14 1.477456e+33
2.168763e+14 1.498438e+33
2.185575e+14 1.519718e+33
2.202517e+14 1.541300e+33
2.219590e+14 1.563188e+33
2.236795e+14 1.585387e+33
2.254134e+14 1.607902e+33
2.271608e+14 1.630736e+33
2.289217e+14 1.653894e+33
2.306962e+14 1.677382e+33
2.324845e+14 1.701202e+33
2.342866e+14 1.725362e+33
2.361027e+14 1.749864e+33
2.379329e+14 1.774714e+33
2.397773e+14 1.799917e+33
2.416360e+14 1.825478e+33
2.435091e+14 1.851402e+33
2.453967e+14 1.877695e+33
2.472989e+14 1.904360e+33
2.492159e+14 1.931404e+33
2.511478e+14 1.958833e+33
2.530946e+14 1.986651e+33
2.550565e+14 2.014863e+33
2.570336e+14 2.043477e+33
2.590260e+14 2.072497e+33
2.610339e+14 2.101929e+33
2.630574e+14 2.131779e+33
2.650965e+14 2.162053e+33
2.671515e+14 2.192757e+33
2.692224e+14 2.223896e+33
2.713093e+14 2.255479e+33
2.734124e+14 2.287509e+33
2.755318e+14 2.319995e+33
2.776676e+14 2.352941e+33
2.798200e+14 2.386356e+33
2.819891e+14 2.420245e+33
2.841750e+14 2.454616e+33
2.863778e+14 2.489474e+33
2.885977e+14 2.524828e+33
2.908349e+14 2.560684e+33
2.930893e+14 2.597048e+33
