# epsilon [g/cm^3]   P [dyn/cm^2]
1.364583e+14 6.575550e+32
1.375161e+14 6.719514e+32
1.385821e+14 6.866630e+32
1.396563e+14 7.016967e+32
1.407389e+14 7.170595e+32
1.418299e+14 7.327587e+32
1.429293e+14 7.488016e+32
1.440372e+14 7.651957e+32
1.451538e+14 7.819488e+32
1.462789e+14 7.990686e+32
1.474129e+14 8.165633e+32
1.485556e+14 8.344410e+32
1.497071e+14 8.527101e+32
1.508676e+14 8.713791e+32
1.520371e+14 8.904570e+32
1.532156e+14 9.099525e+32
1.544033e+14 9.298748e+32
1.556002e+14 9.502333e+32
1.568063e+14 9.710376e+32
1.580219e+14 9.922973e+32
1.592468e+14 1.014022e+33
1.604812e+14 1.036223e+33
1.617252e+14 1.058910e+33
1.629789e+14 1.082094e+33
1.642422e+14 1.105785e+33
1.655154e+14 1.129995e+33
1.667984e+14 1.154735e+33
1.680914e+14 1.180016e+33
1.693944e+14 1.205851e+33
1.707075e+14 1.232252e+33
1.720307e+14 1.259231e+33
1.733643e+14 1.286800e+33
1.747081e+14 1.314973e+33
1.760624e+14 1.343763e+33
1.774272e+14 1.373183e+33
1.788026e+14 1.403247e+33
1.801886e+14 1.433970e+33
1.815854e+14 1.465365e+33
1.829929e+14 1.497447e+33
1.844114e+14 1.530232e+33
1.858409e+14 1.563735e+33
1.872815e+14 1.597971e+33
1.887333e+14 1.632956e+33
1.901963e+14 1.668708e+33
1.916706e+14 1.705242e+33
1.931564e+14 1.742577e+33
1.946537e+14 1.780728e+33
1.961626e+14 1.819715e+33
1.976832e+14 1.859556e+33
1.992155e+14 1.900269e+33
2.007598e+14 1.941873e+33
2.023160e+14 1.984388e+33
2.038843e+14 2.027834e+33
2.054648e+14 2.072231e+33
2.070575e+14 2.117600e+33
2.086625e+14 2.163962e+33
2.102800e+14 2.211339e+33
2.119100e+14 2.259754e+33
2.135527e+14 2.309229e+33
2.152081e+14 2.359787e+33
2.168763e+14 2.411451e+33
2.185575e+14 2.464247e+33
2.202517e+14 2.518199e+33
2.219590e+14 2.573332e+33
2.236795e+14 2.629672e+33
2.254134e+14 2.687246e+33
2.271608e+14 2.746080e+33
2.289217e+14 2.806202e+33
2.306962e+14 2.867640e+33
2.324845e+14 2.930424e+33
2.342866e+14 2.994582e+33
2.361027e+14 3.060145e+33
2.379329e+14 3.127143e+33
2.397773e+14 3.195608e+33
2.416360e+14 3.265572e+33
2.435091e+14 3.337068e+33
2.453967e+14 3.410129e+33
2.472989e+14 3.484790e+33
2.492159e+14 3.561086e+33
2.511478e+14 3.639051e+33
2.530946e+14 3.718724e+33
2.550565e+14 3.800141e+33
2.570336e+14 3.883341e+33
2.590260e+14 3.968362e+33
2.610339e+14 4.055245e+33
2.630574e+14 4.144029e+33
2.650965e+14 4.234758e+33
2.671515e+14 4.327473e+33
2.692224e+14 4.422218e+33
2.713093e+14 4.519037e+33
2.734124e+14 4.617976e+33
2.755318e+14 4.719081e+33
2.776676e+14 4.822400e+33
2.798200e+14 4.927981e+33
2.819891e+14 5.035873e+33
2.841750e+14 5.146128e+33
2.863778e+14 5.258796e+33
2.885977e+14 5.373931e+33
2.908349e+14 5.491587e+33
2.930893e+14 5.611819e+33
