# epsilon [g/cm^3]   P [dyn/cm^2]
1.364583e+14 6.610956e+32
1.375161e+14 6.767927e+32
1.385821e+14 6.928625e+32
1.396563e+14 7.093139e+32
1.407389e+14 7.261560e+32
1.418299e+14 7.433979e+32
1.429293e+14 7.610492e+32
1.440372e+14 7.791196e+32
1.451538e+14 7.976191e+32
1.462789e+14 8.165579e+32
1.474129e+14 8.359463e+32
1.485556e+14 8.557951e+32
1.497071e+14 8.761152e+32
1.508676e+14 8.969178e+32
1.520371e+14 9.182143e+32
1.532156e+14 9.400164e+32
1.544033e+14 9.623363e+32
1.556002e+14 9.851861e+32
1.568063e+14 1.008578e+33
1.580219e+14 1.032526e+33
1.592468e+14 1.057043e+33
1.604812e+14 1.082141e+33
1.617252e+14 1.107836e+33
1.629789e+14 1.134140e+33
1.642422e+14 1.161069e+33
1.655154e+14 1.188638e+33
1.667984e+14 1.216861e+33
1.680914e+14 1.245754e+33
1.693944e+14 1.275334e+33
1.707075e+14 1.305615e+33
1.720307e+14 1.336616e+33
1.733643e+14 1.368353e+33
1.747081e+14 1.400843e+33
1.760624e+14 1.434105e+33
1.774272e+14 1.468156e+33
1.788026e+14 1.503016e+33
1.801886e+14 1.538704e+33
1.815854e+14 1.575239e+33
1.829929e+14 1.612642e+33
1.844114e+14 1.650933e+33
1.858409e+14 1.690133e+33
1.872815e+14 1.730263e+33
1.887333e+14 1.771347e+33
1.901963e+14 1.813406e+33
1.916706e+14 1.856464e+33
1.931564e+14 1.900544e+33
1.946537e+14 1.945670e+33
1.961626e+14 1.991868e+33
1.976832e+14 2.039164e+33
1.992155e+14 2.087582e+33
2.007598e+14 2.137149e+33
2.023160e+14 2.187894e+33
2.038843e+14 2.239844e+33
2.054648e+14 2.293027e+33
2.070575e+14 2.347473e+33
2.086625e+14 2.403211e+33
2.102800e+14 2.460273e+33
2.119100e+14 2.518690e+33
2.135527e+14 2.578494e+33
2.152081e+14 2.639718e+33
2.168763e+14 2.702396e+33
2.185575e+14 2.766562e+33
2.202517e+14 2.832252e+33
2.219590e+14 2.899501e+33
2.236795e+14 2.968347e+33
2.254134e+14 3.038828e+33
2.271608e+14 3.110982e+33
2.289217e+14 3.184849e+33
2.306962e+14 3.260471e+33
2.324845e+14 3.337888e+33
2.342866e+14 3.417143e+33
2.361027e+14 3.498280e+33
2.379329e+14 3.581343e+33
2.397773e+14 3.666379e+33
2.416360e+14 3.753434e+33
2.435091e+14 3.842556e+33
2.453967e+14 3.933794e+33
2.472989e+14 4.027198e+33
2.492159e+14 4.122821e+33
2.511478e+14 4.220713e+33
2.530946e+14 4.320930e+33
2.550565e+14 4.423527e+33
2.570336e+14 4.528560e+33
2.590260e+14 4.636086e+33
2.610339e+14 4.746166e+33
2.630574e+14 4.858859e+33
2.650965e+14 4.974229e+33
2.671515e+14 5.092337e+33
2.692224e+14 5.213250e+33
2.713093e+14 5.337034e+33
2.734124e+14 5.463757e+33
2.755318e+14 5.593489e+33
2.776676e+14 5.726302e+33
2.798200e+14 5.862268e+33
2.819891e+14 6.001462e+33
2.841750e+14 6.143961e+33
2.863778e+14 6.289844e+33
2.885977e+14 6.439191e+33
2.908349e+14 6.592084e+33
2.930893e+14 6.748607e+33
