# epsilon [g/cm^3]   P [dyn/cm^2]
1.364583e+14 6.479507e+32
1.375161e+14 6.588630e+32
1.385821e+14 6.699590e+32
1.396563e+14 6.812419e+32
1.407389e+14 6.927148e+32
1.418299e+14 7.043809e+32
1.429293e+14 7.162435e+32
1.440372e+14 7.283058e+32
1.451538e+14 7.405713e+32
1.462789e+14 7.530434e+32
1.474129e+14 7.657255e+32
1.485556e+14 7.786212e+32
1.497071e+14 7.917341e+32
1.508676e+14 8.050678e+32
1.520371e+14 8.186260e+32
1.532156e+14 8.324126e+32
1.544033e+14 8.464314e+32
1.556002e+14 8.606863e+32
1.568063e+14 8.751812e+32
1.580219e+14 8.899203e+32
1.592468e+14 9.049076e+32
1.604812e+14 9.201473e+32
1.617252e+14 9.356436e+32
1.629789e+14 9.514009e+32
1.642422e+14 9.674236e+32
1.655154e+14 9.837161e+32
1.667984e+14 1.000283e+33
1.680914e+14 1.017129e+33
1.693944e+14 1.034259e+33
1.707075e+14 1.051677e+33
1.720307e+14 1.069388e+33
1.733643e+14 1.087398e+33
1.747081e+14 1.105711e+33
1.760624e+14 1.124332e+33
1.774272e+14 1.143267e+33
1.788026e+14 1.162521e+33
1.801886e+14 1.182099e+33
1.815854e+14 1.202007e+33
1.829929e+14 1.222251e+33
1.844114e+14 1.242835e+33
1.858409e+14 1.263765e+33
1.872815e+14 1.285049e+33
1.887333e+14 1.306690e+33
1.901963e+14 1.328697e+33
1.916706e+14 1.351073e+33
1.931564e+14 1.373827e+33
1.946537e+14 1.396964e+33
1.961626e+14 1.420490e+33
1.976832e+14 1.444413e+33
1.992155e+14 1.468738e+33
2.007598e+14 1.493474e+33
2.023160e+14 1.518625e+33
2.038843e+14 1.544201e+33
2.054648e+14 1.570207e+33
2.070575e+14 1.596651e+33
2.086625e+14 1.623541e+33
2.102800e+14 1.650883e+33
2.119100e+14 1.678686e+33
2.135527e+14 1.706957e+33
2.152081e+14 1.735704e+33
2.168763e+14 1.764935e+33
2.185575e+14 1.794658e+33
2.202517e+14 1.824883e+33
2.219590e+14 1.855616e+33
2.236795e+14 1.886866e+33
2.254134e+14 1.918643e+33
2.271608e+14 1.950955e+33
2.289217e+14 1.983812e+33
2.306962e+14 2.017221e+33
2.324845e+14 2.051194e+33
2.342866e+14 2.085738e+33
2.361027e+14 2.120864e+33
2.379329e+14 2.156582e+33
2.397773e+14 2.192902e+33
2.416360e+14 2.229833e+33
2.435091e+14 2.267385e+33
2.453967e+14 2.305571e+33
2.472989e+14 2.344399e+33
2.492159e+14 2.383882e+33
2.511478e+14 2.424029e+33
2.530946e+14 2.464852e+33
2.550565e+14 2.506363e+33
2.570336e+14 2.548573e+33
2.590260e+14 2.591494e+33
2.610339e+14 2.635138e+33
2.630574e+14 2.679517e+33
2.650965e+14 2.724643e+33
2.671515e+14 2.770529e+33
2.692224e+14 2.817188e+33
2.713093e+14 2.864633e+33
2.734124e+14 2.912876e+33
2.755318e+14 2.961932e+33
2.776676e+14 3.011815e+33
2.798200e+14 3.062537e+33
2.819891e+14 3.114114e+33
2.841750e+14 3.166559e+33
2.863778e+14 3.219888e+33
2.885977e+14 3.274114e+33
2.908349e+14 3.329254e+33
2.930893e+14 3.385322e+33
