# epsilon [g/cm^3]   P [dyn/cm^2]
1.364583e+14 6.459233e+32
1.375161e+14 6.561084e+32
1.385821e+14 6.664541e+32
1.396563e+14 6.769629e+32
1.407389e+14 6.876374e+32
1.418299e+14 6.984802e+32
1.429293e+14 7.094940e+32
1.440372e+14 7.206814e+32
1.451538e+14 7.320453e+32
1.462789e+14 7.435884e+32
1.474129e+14 7.553134e+32
1.485556e+14 7.672234e+32
1.497071e+14 7.793211e+32
1.508676e+14 7.916096e+32
1.520371e+14 8.040919e+32
1.532156e+14 8.167710e+32
1.544033e+14 8.296500e+32
1.556002e+14 8.427321e+32
1.568063e+14 8.560205e+32
1.580219e+14 8.695185e+32
1.592468e+14 8.832292e+32
1.604812e+14 8.971562e+32
1.617252e+14 9.113027e+32
1.629789e+14 9.256723e+32
1.642422e+14 9.402686e+32
1.655154e+14 9.550949e+32
1.667984e+14 9.701551e+32
1.680914e+14 9.854527e+32
1.693944e+14 1.000992e+33
1.707075e+14 1.016775e+33
1.720307e+14 1.032808e+33
1.733643e+14 1.049094e+33
1.747081e+14 1.065636e+33
1.760624e+14 1.082439e+33
1.774272e+14 1.099507e+33
1.788026e+14 1.116845e+33
1.801886e+14 1.134455e+33
1.815854e+14 1.152344e+33
1.829929e+14 1.170514e+33
1.844114e+14 1.188971e+33
1.858409e+14 1.207719e+33
1.872815e+14 1.226762e+33
1.887333e+14 1.246106e+33
1.901963e+14 1.265755e+33
1.916706e+14 1.285714e+33
1.931564e+14 1.305987e+33
1.946537e+14 1.326580e+33
1.961626e+14 1.347498e+33
1.976832e+14 1.368746e+33
1.992155e+14 1.390329e+33
2.007598e+14 1.412252e+33
2.023160e+14 1.434520e+33
2.038843e+14 1.457140e+33
2.054648e+14 1.480117e+33
2.070575e+14 1.503456e+33
2.086625e+14 1.527162e+33
2.102800e+14 1.551243e+33
2.119100e+14 1.575703e+33
2.135527e+14 1.600549e+33
2.152081e+14 1.625787e+33
2.168763e+14 1.651423e+33
2.185575e+14 1.677463e+33
2.202517e+14 1.703914e+33
2.219590e+14 1.730781e+33
2.236795e+14 1.758073e+33
2.254134e+14 1.785794e+33
2.271608e+14 1.813953e+33
2.289217e+14 1.842556e+33
2.306962e+14 1.871610e+33
2.324845e+14 1.901122e+33
2.342866e+14 1.931099e+33
2.361027e+14 1.961549e+33
2.379329e+14 1.992479e+33
2.397773e+14 2.023897e+33
2.416360e+14 2.055810e+33
2.435091e+14 2.088227e+33
2.453967e+14 2.121154e+33
2.472989e+14 2.154601e+33
2.492159e+14 2.188575e+33
2.511478e+14 2.223085e+33
2.530946e+14 2.258139e+33
2.550565e+14 2.293746e+33
2.570336e+14 2.329915e+33
2.590260e+14 2.366653e+33
2.610339e+14 2.403971e+33
2.630574e+14 2.441877e+33
2.650965e+14 2.480382e+33
2.671515e+14 2.519493e+33
2.692224e+14 2.559221e+33
2.713093e+14 2.599575e+33
2.734124e+14 2.640566e+33
2.755318e+14 2.682203e+33
2.776676e+14 2.724496e+33
2.798200e+14 2.767457e+33
2.819891e+14 2.811095e+33
2.841750e+14 2.855421e+33
2.863778e+14 2.900446e+33
2.885977e+14 2.946180e+33
2.908349e+14 2.992636e+33
2.930893e+14 3.039825e+33
