# epsilon [g/cm^3]   P [dyn/cm^2]
1.364583e+14 6.605691e+32
1.375161e+14 6.760722e+32
1.385821e+14 6.919392e+32
1.396563e+14 7.081786e+32
1.407389e+14 7.247991e+32
1.418299e+14 7.418097e+32
1.429293e+14 7.592195e+32
1.440372e+14 7.770379e+32
1.451538e+14 7.952745e+32
1.462789e+14 8.139391e+32
1.474129e+14 8.330418e+32
1.485556e+14 8.525927e+32
1.497071e+14 8.726026e+32
1.508676e+14 8.930820e+32
1.520371e+14 9.140421e+32
1.532156e+14 9.354941e+32
1.544033e+14 9.574495e+32
1.556002e+14 9.799203e+32
1.568063e+14 1.002918e+33
1.580219e+14 1.026456e+33
1.592468e+14 1.050547e+33
1.604812e+14 1.075202e+33
1.617252e+14 1.100437e+33
1.629789e+14 1.126263e+33
1.642422e+14 1.152696e+33
1.655154e+14 1.179749e+33
1.667984e+14 1.207437e+33
1.680914e+14 1.235775e+33
1.693944e+14 1.264777e+33
1.707075e+14 1.294461e+33
1.720307e+14 1.324841e+33
1.733643e+14 1.355934e+33
1.747081e+14 1.387757e+33
1.760624e+14 1.420327e+33
1.774272e+14 1.453661e+33
1.788026e+14 1.487778e+33
1.801886e+14 1.522695e+33
1.815854e+14 1.558432e+33
1.829929e+14 1.595007e+33
1.844114e+14 1.632441e+33
1.858409e+14 1.670753e+33
1.872815e+14 1.709965e+33
1.887333e+14 1.750097e+33
1.901963e+14 1.791170e+33
1.916706e+14 1.833208e+33
1.931564e+14 1.876232e+33
1.946537e+14 1.920266e+33
1.961626e+14 1.965334e+33
1.976832e+14 2.011459e+33
1.992155e+14 2.058667e+33
2.007598e+14 2.106982e+33
2.023160e+14 2.156432e+33
2.038843e+14 2.207042e+33
2.054648e+14 2.258840e+33
2.070575e+14 2.311853e+33
2.086625e+14 2.366111e+33
2.102800e+14 2.421642e+33
2.119100e+14 2.478477e+33
2.135527e+14 2.536645e+33
2.152081e+14 2.596179e+33
2.168763e+14 2.657109e+33
2.185575e+14 2.719470e+33
2.202517e+14 2.783294e+33
2.219590e+14 2.848616e+33
2.236795e+14 2.915472e+33
2.254134e+14 2.983896e+33
2.271608e+14 3.053926e+33
2.289217e+14 3.125600e+33
2.306962e+14 3.198956e+33
2.324845e+14 3.274033e+33
2.342866e+14 3.350873e+33
2.361027e+14 3.429516e+33
2.379329e+14 3.510004e+33
2.397773e+14 3.592382e+33
2.416360e+14 3.676693e+33
2.435091e+14 3.762983e+33
2.453967e+14 3.851297e+33
2.472989e+14 3.941685e+33
2.492159e+14 4.034194e+33
2.511478e+14 4.128874e+33
2.530946e+14 4.225776e+33
2.550565e+14 4.324952e+33
2.570336e+14 4.426456e+33
2.590260e+14 4.530342e+33
2.610339e+14 4.636667e+33
2.630574e+14 4.745486e+33
2.650965e+14 4.856860e+33
2.671515e+14 4.970848e+33
2.692224e+14 5.087510e+33
2.713093e+14 5.206911e+33
2.734124e+14 5.329114e+33
2.755318e+14 5.454185e+33
2.776676e+14 5.582191e+33
2.798200e+14 5.713202e+33
2.819891e+14 5.847287e+33
2.841750e+14 5.984519e+33
2.863778e+14 6.124972e+33
2.885977e+14 6.268721e+33
2.908349e+14 6.415844e+33
2.930893e+14 6.566420e+33
