# epsilon [g/cm^3]   P [dyn/cm^2]
1.364583e+14 6.519863e+32
1.375161e+14 6.643546e+32
1.385821e+14 6.769576e+32
1.396563e+14 6.897996e+32
1.407389e+14 7.028853e+32
1.418299e+14 7.162192e+32
1.429293e+14 7.298060e+32
1.440372e+14 7.436506e+32
1.451538e+14 7.577578e+32
1.462789e+14 7.721326e+32
1.474129e+14 7.867801e+32
1.485556e+14 8.017055e+32
1.497071e+14 8.169141e+32
1.508676e+14 8.324111e+32
1.520371e+14 8.482021e+32
1.532156e+14 8.642927e+32
1.544033e+14 8.806885e+32
1.556002e+14 8.973953e+32
1.568063e+14 9.144191e+32
1.580219e+14 9.317659e+32
1.592468e+14 9.494417e+32
1.604812e+14 9.674528e+32
1.617252e+14 9.858056e+32
1.629789e+14 1.004507e+33
1.642422e+14 1.023562e+33
1.655154e+14 1.042979e+33
1.667984e+14 1.062765e+33
1.680914e+14 1.082926e+33
1.693944e+14 1.103469e+33
1.707075e+14 1.124402e+33
1.720307e+14 1.145732e+33
1.733643e+14 1.167467e+33
1.747081e+14 1.189614e+33
1.760624e+14 1.212181e+33
1.774272e+14 1.235177e+33
1.788026e+14 1.258608e+33
1.801886e+14 1.282484e+33
1.815854e+14 1.306813e+33
1.829929e+14 1.331604e+33
1.844114e+14 1.356865e+33
1.858409e+14 1.382605e+33
1.872815e+14 1.408833e+33
1.887333e+14 1.435559e+33
1.901963e+14 1.462792e+33
1.916706e+14 1.490541e+33
1.931564e+14 1.518817e+33
1.946537e+14 1.547630e+33
1.961626e+14 1.576988e+33
1.976832e+14 1.606904e+33
1.992155e+14 1.637388e+33
2.007598e+14 1.668449e+33
2.023160e+14 1.700100e+33
2.038843e+14 1.732351e+33
2.054648e+14 1.765214e+33
2.070575e+14 1.798701e+33
2.086625e+14 1.832823e+33
2.102800e+14 1.867592e+33
2.119100e+14 1.903020e+33
2.135527e+14 1.939121e+33
2.152081e+14 1.975906e+33
2.168763e+14 2.013390e+33
2.185575e+14 2.051584e+33
2.202517e+14 2.090503e+33
2.219590e+14 2.130161e+33
2.236795e+14 2.170570e+33
2.254134e+14 2.211746e+33
2.271608e+14 2.253704e+33
2.289217e+14 2.296457e+33
2.306962e+14 2.340021e+33
2.324845e+14 2.384412e+33
2.342866e+14 2.429645e+33
2.361027e+14 2.475736e+33
2.379329e+14 2.522701e+33
2.397773e+14 2.570557e+33
2.416360e+14 2.619321e+33
2.435091e+14 2.669010e+33
2.453967e+14 2.719642e+33
2.472989e+14 2.771234e+33
2.492159e+14 2.823805e+33
2.511478e+14 2.877373e+33
2.530946e+14 2.931957e+33
2.550565e+14 2.987577e+33
2.570336e+14 3.044252e+33
2.590260e+14 3.102002e+33
2.610339e+14 3.160848e+33
2.630574e+14 3.220810e+33
2.650965e+14 3.281910e+33
2.671515e+14 3.344168e+33
2.692224e+14 3.407608e+33
2.713093e+14 3.472251e+33
2.734124e+14 3.538120e+33
2.755318e+14 3.605239e+33
2.776676e+14 3.673631e+33
2.798200e+14 3.743321e+33
2.819891e+14 3.814332e+33
2.841750e+14 3.886691e+33
2.863778e+14 3.960422e+33
2.885977e+14 4.035552e+33
2.908349e+14 4.112108e+33
2.930893e+14 4.190115e+33
