# epsilon [g/cm^3]   P [dyn/cm^2]
1.364583e+14 6.606076e+32
1.375161e+14 6.761250e+32
1.385821e+14 6.920068e+32
1.396563e+14 7.082617e+32
1.407389e+14 7.248984e+32
1.418299e+14 7.419259e+32
1.429293e+14 7.593533e+32
1.440372e+14 7.771901e+32
1.451538e+14 7.954459e+32
1.462789e+14 8.141305e+32
1.474129e+14 8.332541e+32
1.485556e+14 8.528268e+32
1.497071e+14 8.728592e+32
1.508676e+14 8.933622e+32
1.520371e+14 9.143469e+32
1.532156e+14 9.358244e+32
1.544033e+14 9.578064e+32
1.556002e+14 9.803048e+32
1.568063e+14 1.003332e+33
1.580219e+14 1.026899e+33
1.592468e+14 1.051021e+33
1.604812e+14 1.075709e+33
1.617252e+14 1.100977e+33
1.629789e+14 1.126838e+33
1.642422e+14 1.153307e+33
1.655154e+14 1.180397e+33
1.667984e+14 1.208124e+33
1.680914e+14 1.236502e+33
1.693944e+14 1.265547e+33
1.707075e+14 1.295274e+33
1.720307e+14 1.325700e+33
1.733643e+14 1.356840e+33
1.747081e+14 1.388711e+33
1.760624e+14 1.421331e+33
1.774272e+14 1.454718e+33
1.788026e+14 1.488888e+33
1.801886e+14 1.523861e+33
1.815854e+14 1.559656e+33
1.829929e+14 1.596292e+33
1.844114e+14 1.633788e+33
1.858409e+14 1.672164e+33
1.872815e+14 1.711443e+33
1.887333e+14 1.751644e+33
1.901963e+14 1.792789e+33
1.916706e+14 1.834901e+33
1.931564e+14 1.878001e+33
1.946537e+14 1.922115e+33
1.961626e+14 1.967264e+33
1.976832e+14 2.013474e+33
1.992155e+14 2.060770e+33
2.007598e+14 2.109176e+33
2.023160e+14 2.158720e+33
2.038843e+14 2.209427e+33
2.054648e+14 2.261325e+33
2.070575e+14 2.314442e+33
2.086625e+14 2.368808e+33
2.102800e+14 2.424450e+33
2.119100e+14 2.481399e+33
2.135527e+14 2.539685e+33
2.152081e+14 2.599341e+33
2.168763e+14 2.660399e+33
2.185575e+14 2.722890e+33
2.202517e+14 2.786849e+33
2.219590e+14 2.852311e+33
2.236795e+14 2.919310e+33
2.254134e+14 2.987883e+33
2.271608e+14 3.058067e+33
2.289217e+14 3.129900e+33
2.306962e+14 3.203419e+33
2.324845e+14 3.278666e+33
2.342866e+14 3.355680e+33
2.361027e+14 3.434503e+33
2.379329e+14 3.515178e+33
2.397773e+14 3.597748e+33
2.416360e+14 3.682257e+33
2.435091e+14 3.768751e+33
2.453967e+14 3.857277e+33
2.472989e+14 3.947883e+33
2.492159e+14 4.040617e+33
2.511478e+14 4.135529e+33
2.530946e+14 4.232670e+33
2.550565e+14 4.332093e+33
2.570336e+14 4.433852e+33
2.590260e+14 4.538001e+33
2.610339e+14 4.644596e+33
2.630574e+14 4.753695e+33
2.650965e+14 4.865357e+33
2.671515e+14 4.979642e+33
2.692224e+14 5.096611e+33
2.713093e+14 5.216328e+33
2.734124e+14 5.338857e+33
2.755318e+14 5.464264e+33
2.776676e+14 5.592616e+33
2.798200e+14 5.723984e+33
2.819891e+14 5.858438e+33
2.841750e+14 5.996049e+33
2.863778e+14 6.136893e+33
2.885977e+14 6.281046e+33
2.908349e+14 6.428584e+33
2.930893e+14 6.579589e+33
