# epsilon [g/cm^3]   P [dyn/cm^2]
1.364583e+14 6.460951e+32
1.375161e+14 6.563416e+32
1.385821e+14 6.667507e+32
1.396563e+14 6.773248e+32
1.407389e+14 6.880666e+32
1.418299e+14 6.989788e+32
1.429293e+14 7.100640e+32
1.440372e+14 7.213250e+32
1.451538e+14 7.327647e+32
1.462789e+14 7.443857e+32
1.474129e+14 7.561911e+32
1.485556e+14 7.681836e+32
1.497071e+14 7.803664e+32
1.508676e+14 7.927424e+32
1.520371e+14 8.053146e+32
1.532156e+14 8.180863e+32
1.544033e+14 8.310605e+32
1.556002e+14 8.442404e+32
1.568063e+14 8.576294e+32
1.580219e+14 8.712307e+32
1.592468e+14 8.850477e+32
1.604812e+14 8.990838e+32
1.617252e+14 9.133425e+32
1.629789e+14 9.278274e+32
1.642422e+14 9.425420e+32
1.655154e+14 9.574899e+32
1.667984e+14 9.726750e+32
1.680914e+14 9.881008e+32
1.693944e+14 1.003771e+33
1.707075e+14 1.019690e+33
1.720307e+14 1.035862e+33
1.733643e+14 1.052290e+33
1.747081e+14 1.068978e+33
1.760624e+14 1.085931e+33
1.774272e+14 1.103153e+33
1.788026e+14 1.120648e+33
1.801886e+14 1.138421e+33
1.815854e+14 1.156475e+33
1.829929e+14 1.174816e+33
1.844114e+14 1.193448e+33
1.858409e+14 1.212375e+33
1.872815e+14 1.231602e+33
1.887333e+14 1.251134e+33
1.901963e+14 1.270976e+33
1.916706e+14 1.291133e+33
1.931564e+14 1.311609e+33
1.946537e+14 1.332410e+33
1.961626e+14 1.353541e+33
1.976832e+14 1.375007e+33
1.992155e+14 1.396814e+33
2.007598e+14 1.418966e+33
2.023160e+14 1.441470e+33
2.038843e+14 1.464330e+33
2.054648e+14 1.487553e+33
2.070575e+14 1.511145e+33
2.086625e+14 1.535110e+33
2.102800e+14 1.559456e+33
2.119100e+14 1.584188e+33
2.135527e+14 1.609312e+33
2.152081e+14 1.634834e+33
2.168763e+14 1.660761e+33
2.185575e+14 1.687099e+33
2.202517e+14 1.713855e+33
2.219590e+14 1.741036e+33
2.236795e+14 1.768647e+33
2.254134e+14 1.796696e+33
2.271608e+14 1.825191e+33
2.289217e+14 1.854137e+33
2.306962e+14 1.883542e+33
2.324845e+14 1.913413e+33
2.342866e+14 1.943758e+33
2.361027e+14 1.974585e+33
2.379329e+14 2.005900e+33
2.397773e+14 2.037712e+33
2.416360e+14 2.070028e+33
2.435091e+14 2.102857e+33
2.453967e+14 2.136207e+33
2.472989e+14 2.170085e+33
2.492159e+14 2.204501e+33
2.511478e+14 2.239463e+33
2.530946e+14 2.274979e+33
2.550565e+14 2.311058e+33
2.570336e+14 2.347710e+33
2.590260e+14 2.384943e+33
2.610339e+14 2.422766e+33
2.630574e+14 2.461189e+33
2.650965e+14 2.500221e+33
2.671515e+14 2.539873e+33
2.692224e+14 2.580153e+33
2.713093e+14 2.621072e+33
2.734124e+14 2.662640e+33
2.755318e+14 2.704868e+33
2.776676e+14 2.747765e+33
2.798200e+14 2.791342e+33
2.819891e+14 2.835610e+33
2.841750e+14 2.880581e+33
2.863778e+14 2.926264e+33
2.885977e+14 2.972673e+33
2.908349e+14 3.019817e+33
2.930893e+14 3.067709e+33
