# epsilon [g/cm^3]   P [dyn/cm^2]
1.364583e+14 6.618061e+32
1.375161e+14 6.777653e+32
1.385821e+14 6.941094e+32
1.396563e+14 7.108475e+32
1.407389e+14 7.279894e+32
1.418299e+14 7.455446e+32
1.429293e+14 7.635231e+32
1.440372e+14 7.819351e+32
1.451538e+14 8.007912e+32
1.462789e+14 8.201020e+32
1.474129e+14 8.398784e+32
1.485556e+14 8.601318e+32
1.497071e+14 8.808736e+32
1.508676e+14 9.021155e+32
1.520371e+14 9.238697e+32
1.532156e+14 9.461484e+32
1.544033e+14 9.689644e+32
1.556002e+14 9.923307e+32
1.568063e+14 1.016260e+33
1.580219e+14 1.040767e+33
1.592468e+14 1.065865e+33
1.604812e+14 1.091568e+33
1.617252e+14 1.117890e+33
1.629789e+14 1.144848e+33
1.642422e+14 1.172456e+33
1.655154e+14 1.200729e+33
1.667984e+14 1.229684e+33
1.680914e+14 1.259337e+33
1.693944e+14 1.289706e+33
1.707075e+14 1.320807e+33
1.720307e+14 1.352657e+33
1.733643e+14 1.385276e+33
1.747081e+14 1.418682e+33
1.760624e+14 1.452893e+33
1.774272e+14 1.487928e+33
1.788026e+14 1.523809e+33
1.801886e+14 1.560555e+33
1.815854e+14 1.598188e+33
1.829929e+14 1.636727e+33
1.844114e+14 1.676196e+33
1.858409e+14 1.716617e+33
1.872815e+14 1.758013e+33
1.887333e+14 1.800407e+33
1.901963e+14 1.843823e+33
1.916706e+14 1.888286e+33
1.931564e+14 1.933821e+33
1.946537e+14 1.980454e+33
1.961626e+14 2.028212e+33
1.976832e+14 2.077122e+33
1.992155e+14 2.127211e+33
2.007598e+14 2.178508e+33
2.023160e+14 2.231042e+33
2.038843e+14 2.284842e+33
2.054648e+14 2.339941e+33
2.070575e+14 2.396367e+33
2.086625e+14 2.454155e+33
2.102800e+14 2.513336e+33
2.119100e+14 2.573944e+33
2.135527e+14 2.636014e+33
2.152081e+14 2.699580e+33
2.168763e+14 2.764680e+33
2.185575e+14 2.831349e+33
2.202517e+14 2.899626e+33
2.219590e+14 2.969549e+33
2.236795e+14 3.041159e+33
2.254134e+14 3.114495e+33
2.271608e+14 3.189600e+33
2.289217e+14 3.266516e+33
2.306962e+14 3.345287e+33
2.324845e+14 3.425957e+33
2.342866e+14 3.508573e+33
2.361027e+14 3.593181e+33
2.379329e+14 3.679829e+33
2.397773e+14 3.768566e+33
2.416360e+14 3.859444e+33
2.435091e+14 3.952513e+33
2.453967e+14 4.047826e+33
2.472989e+14 4.145438e+33
2.492159e+14 4.245404e+33
2.511478e+14 4.347780e+33
2.530946e+14 4.452625e+33
2.550565e+14 4.559999e+33
2.570336e+14 4.669961e+33
2.590260e+14 4.782576e+33
2.610339e+14 4.897906e+33
2.630574e+14 5.016017e+33
2.650965e+14 5.136976e+33
2.671515e+14 5.260852e+33
2.692224e+14 5.387716e+33
2.713093e+14 5.517639e+33
2.734124e+14 5.650694e+33
2.755318e+14 5.786959e+33
2.776676e+14 5.926509e+33
2.798200e+14 6.069425e+33
2.819891e+14 6.215786e+33
2.841750e+14 6.365678e+33
2.863778e+14 6.519184e+33
2.885977e+14 6.676391e+33
2.908349e+14 6.837390e+33
2.930893e+14 7.002271e+33
