# epsilon [g/cm^3]   P [dyn/cm^2]
1.364583e+14 6.517042e+32
1.375161e+14 6.639704e+32
1.385821e+14 6.764674e+32
1.396563e+14 6.891996e+32
1.407389e+14 7.021715e+32
1.418299e+14 7.153876e+32
1.429293e+14 7.288524e+32
1.440372e+14 7.425706e+32
1.451538e+14 7.565470e+32
1.462789e+14 7.707865e+32
1.474129e+14 7.852939e+32
1.485556e+14 8.000745e+32
1.497071e+14 8.151332e+32
1.508676e+14 8.304754e+32
1.520371e+14 8.461063e+32
1.532156e+14 8.620314e+32
1.544033e+14 8.782563e+32
1.556002e+14 8.947865e+32
1.568063e+14 9.116279e+32
1.580219e+14 9.287863e+32
1.592468e+14 9.462676e+32
1.604812e+14 9.640779e+32
1.617252e+14 9.822235e+32
1.629789e+14 1.000711e+33
1.642422e+14 1.019546e+33
1.655154e+14 1.038735e+33
1.667984e+14 1.058286e+33
1.680914e+14 1.078205e+33
1.693944e+14 1.098498e+33
1.707075e+14 1.119174e+33
1.720307e+14 1.140238e+33
1.733643e+14 1.161700e+33
1.747081e+14 1.183565e+33
1.760624e+14 1.205841e+33
1.774272e+14 1.228537e+33
1.788026e+14 1.251660e+33
1.801886e+14 1.275219e+33
1.815854e+14 1.299221e+33
1.829929e+14 1.323674e+33
1.844114e+14 1.348588e+33
1.858409e+14 1.373970e+33
1.872815e+14 1.399831e+33
1.887333e+14 1.426178e+33
1.901963e+14 1.453021e+33
1.916706e+14 1.480369e+33
1.931564e+14 1.508232e+33
1.946537e+14 1.536620e+33
1.961626e+14 1.565542e+33
1.976832e+14 1.595008e+33
1.992155e+14 1.625028e+33
2.007598e+14 1.655614e+33
2.023160e+14 1.686775e+33
2.038843e+14 1.718523e+33
2.054648e+14 1.750869e+33
2.070575e+14 1.783823e+33
2.086625e+14 1.817398e+33
2.102800e+14 1.851604e+33
2.119100e+14 1.886454e+33
2.135527e+14 1.921961e+33
2.152081e+14 1.958135e+33
2.168763e+14 1.994990e+33
2.185575e+14 2.032539e+33
2.202517e+14 2.070795e+33
2.219590e+14 2.109771e+33
2.236795e+14 2.149480e+33
2.254134e+14 2.189937e+33
2.271608e+14 2.231156e+33
2.289217e+14 2.273150e+33
2.306962e+14 2.315934e+33
2.324845e+14 2.359524e+33
2.342866e+14 2.403934e+33
2.361027e+14 2.449180e+33
2.379329e+14 2.495278e+33
2.397773e+14 2.542243e+33
2.416360e+14 2.590092e+33
2.435091e+14 2.638842e+33
2.453967e+14 2.688509e+33
2.472989e+14 2.739112e+33
2.492159e+14 2.790666e+33
2.511478e+14 2.843191e+33
2.530946e+14 2.896705e+33
2.550565e+14 2.951226e+33
2.570336e+14 3.006773e+33
2.590260e+14 3.063365e+33
2.610339e+14 3.121023e+33
2.630574e+14 3.179766e+33
2.650965e+14 3.239614e+33
2.671515e+14 3.300589e+33
2.692224e+14 3.362712e+33
2.713093e+14 3.426003e+33
2.734124e+14 3.490487e+33
2.755318e+14 3.556183e+33
2.776676e+14 3.623117e+33
2.798200e+14 3.691310e+33
2.819891e+14 3.760786e+33
2.841750e+14 3.831571e+33
2.863778e+14 3.903687e+33
2.885977e+14 3.977161e+33
2.908349e+14 4.052018e+33
2.930893e+14 4.128283e+33
