# epsilon [g/cm^3]   P [dyn/cm^2]
1.364583e+14 6.606003e+32
1.375161e+14 6.761150e+32
1.385821e+14 6.919940e+32
1.396563e+14 7.082460e+32
1.407389e+14 7.248796e+32
1.418299e+14 7.419039e+32
1.429293e+14 7.593280e+32
1.440372e+14 7.771613e+32
1.451538e+14 7.954135e+32
1.462789e+14 8.140943e+32
1.474129e+14 8.332139e+32
1.485556e+14 8.527825e+32
1.497071e+14 8.728106e+32
1.508676e+14 8.933092e+32
1.520371e+14 9.142892e+32
1.532156e+14 9.357619e+32
1.544033e+14 9.577389e+32
1.556002e+14 9.802320e+32
1.568063e+14 1.003253e+33
1.580219e+14 1.026816e+33
1.592468e+14 1.050931e+33
1.604812e+14 1.075613e+33
1.617252e+14 1.100874e+33
1.629789e+14 1.126729e+33
1.642422e+14 1.153191e+33
1.655154e+14 1.180275e+33
1.667984e+14 1.207994e+33
1.680914e+14 1.236365e+33
1.693944e+14 1.265402e+33
1.707075e+14 1.295120e+33
1.720307e+14 1.325537e+33
1.733643e+14 1.356668e+33
1.747081e+14 1.388531e+33
1.760624e+14 1.421141e+33
1.774272e+14 1.454518e+33
1.788026e+14 1.488678e+33
1.801886e+14 1.523641e+33
1.815854e+14 1.559424e+33
1.829929e+14 1.596048e+33
1.844114e+14 1.633533e+33
1.858409e+14 1.671897e+33
1.872815e+14 1.711163e+33
1.887333e+14 1.751351e+33
1.901963e+14 1.792483e+33
1.916706e+14 1.834580e+33
1.931564e+14 1.877667e+33
1.946537e+14 1.921765e+33
1.961626e+14 1.966899e+33
1.976832e+14 2.013093e+33
1.992155e+14 2.060372e+33
2.007598e+14 2.108761e+33
2.023160e+14 2.158287e+33
2.038843e+14 2.208975e+33
2.054648e+14 2.260855e+33
2.070575e+14 2.313952e+33
2.086625e+14 2.368297e+33
2.102800e+14 2.423918e+33
2.119100e+14 2.480846e+33
2.135527e+14 2.539110e+33
2.152081e+14 2.598743e+33
2.168763e+14 2.659776e+33
2.185575e+14 2.722242e+33
2.202517e+14 2.786176e+33
2.219590e+14 2.851611e+33
2.236795e+14 2.918583e+33
2.254134e+14 2.987128e+33
2.271608e+14 3.057283e+33
2.289217e+14 3.129085e+33
2.306962e+14 3.202574e+33
2.324845e+14 3.277789e+33
2.342866e+14 3.354770e+33
2.361027e+14 3.433559e+33
2.379329e+14 3.514198e+33
2.397773e+14 3.596732e+33
2.416360e+14 3.681203e+33
2.435091e+14 3.767659e+33
2.453967e+14 3.856145e+33
2.472989e+14 3.946709e+33
2.492159e+14 4.039400e+33
2.511478e+14 4.134268e+33
2.530946e+14 4.231365e+33
2.550565e+14 4.330741e+33
2.570336e+14 4.432451e+33
2.590260e+14 4.536551e+33
2.610339e+14 4.643095e+33
2.630574e+14 4.752141e+33
2.650965e+14 4.863748e+33
2.671515e+14 4.977976e+33
2.692224e+14 5.094888e+33
2.713093e+14 5.214545e+33
2.734124e+14 5.337012e+33
2.755318e+14 5.462355e+33
2.776676e+14 5.590642e+33
2.798200e+14 5.721942e+33
2.819891e+14 5.856326e+33
2.841750e+14 5.993866e+33
2.863778e+14 6.134636e+33
2.885977e+14 6.278712e+33
2.908349e+14 6.426172e+33
2.930893e+14 6.577095e+33
