# epsilon [g/cm^3]   P [dyn/cm^2]
1.364583e+14 6.443083e+32
1.375161e+14 6.539162e+32
1.385821e+14 6.636674e+32
1.396563e+14 6.735639e+32
1.407389e+14 6.836081e+32
1.418299e+14 6.938020e+32
1.429293e+14 7.041479e+32
1.440372e+14 7.146481e+32
1.451538e+14 7.253049e+32
1.462789e+14 7.361206e+32
1.474129e+14 7.470976e+32
1.485556e+14 7.582382e+32
1.497071e+14 7.695450e+32
1.508676e+14 7.810204e+32
1.520371e+14 7.926670e+32
1.532156e+14 8.044872e+32
1.544033e+14 8.164836e+32
1.556002e+14 8.286590e+32
1.568063e+14 8.410159e+32
1.580219e+14 8.535571e+32
1.592468e+14 8.662852e+32
1.604812e+14 8.792032e+32
1.617252e+14 8.923138e+32
1.629789e+14 9.056200e+32
1.642422e+14 9.191245e+32
1.655154e+14 9.328304e+32
1.667984e+14 9.467407e+32
1.680914e+14 9.608585e+32
1.693944e+14 9.751867e+32
1.707075e+14 9.897287e+32
1.720307e+14 1.004487e+33
1.733643e+14 1.019466e+33
1.747081e+14 1.034668e+33
1.760624e+14 1.050097e+33
1.774272e+14 1.065756e+33
1.788026e+14 1.081649e+33
1.801886e+14 1.097778e+33
1.815854e+14 1.114148e+33
1.829929e+14 1.130762e+33
1.844114e+14 1.147624e+33
1.858409e+14 1.164738e+33
1.872815e+14 1.182106e+33
1.887333e+14 1.199734e+33
1.901963e+14 1.217624e+33
1.916706e+14 1.235781e+33
1.931564e+14 1.254209e+33
1.946537e+14 1.272912e+33
1.961626e+14 1.291893e+33
1.976832e+14 1.311158e+33
1.992155e+14 1.330710e+33
2.007598e+14 1.350553e+33
2.023160e+14 1.370693e+33
2.038843e+14 1.391132e+33
2.054648e+14 1.411877e+33
2.070575e+14 1.432930e+33
2.086625e+14 1.454298e+33
2.102800e+14 1.475985e+33
2.119100e+14 1.497994e+33
2.135527e+14 1.520332e+33
2.152081e+14 1.543003e+33
2.168763e+14 1.566013e+33
2.185575e+14 1.589365e+33
2.202517e+14 1.613065e+33
2.219590e+14 1.637119e+33
2.236795e+14 1.661532e+33
2.254134e+14 1.686309e+33
2.271608e+14 1.711455e+33
2.289217e+14 1.736976e+33
2.306962e+14 1.762878e+33
2.324845e+14 1.789165e+33
2.342866e+14 1.815845e+33
2.361027e+14 1.842923e+33
2.379329e+14 1.870405e+33
2.397773e+14 1.898296e+33
2.416360e+14 1.926603e+33
2.435091e+14 1.955333e+33
2.453967e+14 1.984490e+33
2.472989e+14 2.014083e+33
2.492159e+14 2.044117e+33
2.511478e+14 2.074599e+33
2.530946e+14 2.105535e+33
2.550565e+14 2.136933e+33
2.570336e+14 2.168798e+33
2.590260e+14 2.201139e+33
2.610339e+14 2.233963e+33
2.630574e+14 2.267275e+33
2.650965e+14 2.301085e+33
2.671515e+14 2.335398e+33
2.692224e+14 2.370224e+33
2.713093e+14 2.405568e+33
2.734124e+14 2.441440e+33
2.755318e+14 2.477846e+33
2.776676e+14 2.514796e+33
2.798200e+14 2.552296e+33
2.819891e+14 2.590356e+33
2.841750e+14 2.628983e+33
2.863778e+14 2.668187e+33
2.885977e+14 2.707974e+33
2.908349e+14 2.748355e+33
2.930893e+14 2.789339e+33
