# epsilon [g/cm^3]   P [dyn/cm^2]
1.364583e+14 6.462497e+32
1.375161e+14 6.565516e+32
1.385821e+14 6.670178e+32
1.396563e+14 6.776508e+32
1.407389e+14 6.884533e+32
1.418299e+14 6.994280e+32
1.429293e+14 7.105776e+32
1.440372e+14 7.219050e+32
1.451538e+14 7.334130e+32
1.462789e+14 7.451044e+32
1.474129e+14 7.569821e+32
1.485556e+14 7.690493e+32
1.497071e+14 7.813088e+32
1.508676e+14 7.937637e+32
1.520371e+14 8.064171e+32
1.532156e+14 8.192723e+32
1.544033e+14 8.323324e+32
1.556002e+14 8.456007e+32
1.568063e+14 8.590805e+32
1.580219e+14 8.727752e+32
1.592468e+14 8.866882e+32
1.604812e+14 9.008229e+32
1.617252e+14 9.151830e+32
1.629789e+14 9.297721e+32
1.642422e+14 9.445936e+32
1.655154e+14 9.596515e+32
1.667984e+14 9.749494e+32
1.680914e+14 9.904912e+32
1.693944e+14 1.006281e+33
1.707075e+14 1.022322e+33
1.720307e+14 1.038619e+33
1.733643e+14 1.055176e+33
1.747081e+14 1.071996e+33
1.760624e+14 1.089085e+33
1.774272e+14 1.106446e+33
1.788026e+14 1.124084e+33
1.801886e+14 1.142003e+33
1.815854e+14 1.160208e+33
1.829929e+14 1.178703e+33
1.844114e+14 1.197493e+33
1.858409e+14 1.216582e+33
1.872815e+14 1.235976e+33
1.887333e+14 1.255679e+33
1.901963e+14 1.275696e+33
1.916706e+14 1.296032e+33
1.931564e+14 1.316692e+33
1.946537e+14 1.337681e+33
1.961626e+14 1.359005e+33
1.976832e+14 1.380669e+33
1.992155e+14 1.402679e+33
2.007598e+14 1.425039e+33
2.023160e+14 1.447756e+33
2.038843e+14 1.470834e+33
2.054648e+14 1.494281e+33
2.070575e+14 1.518102e+33
2.086625e+14 1.542302e+33
2.102800e+14 1.566888e+33
2.119100e+14 1.591866e+33
2.135527e+14 1.617242e+33
2.152081e+14 1.643022e+33
2.168763e+14 1.669214e+33
2.185575e+14 1.695823e+33
2.202517e+14 1.722856e+33
2.219590e+14 1.750320e+33
2.236795e+14 1.778223e+33
2.254134e+14 1.806569e+33
2.271608e+14 1.835368e+33
2.289217e+14 1.864626e+33
2.306962e+14 1.894350e+33
2.324845e+14 1.924548e+33
2.342866e+14 1.955227e+33
2.361027e+14 1.986396e+33
2.379329e+14 2.018061e+33
2.397773e+14 2.050231e+33
2.416360e+14 2.082914e+33
2.435091e+14 2.116118e+33
2.453967e+14 2.149851e+33
2.472989e+14 2.184122e+33
2.492159e+14 2.218940e+33
2.511478e+14 2.254312e+33
2.530946e+14 2.290248e+33
2.550565e+14 2.326757e+33
2.570336e+14 2.363848e+33
2.590260e+14 2.401531e+33
2.610339e+14 2.439814e+33
2.630574e+14 2.478707e+33
2.650965e+14 2.518220e+33
2.671515e+14 2.558363e+33
2.692224e+14 2.599146e+33
2.713093e+14 2.640580e+33
2.734124e+14 2.682673e+33
2.755318e+14 2.725438e+33
2.776676e+14 2.768885e+33
2.798200e+14 2.813024e+33
2.819891e+14 2.857866e+33
2.841750e+14 2.903424e+33
2.863778e+14 2.949708e+33
2.885977e+14 2.996729e+33
2.908349e+14 3.044500e+33
2.930893e+14 3.093033e+33
