# epsilon [g/cm^3]   P [dyn/cm^2]
1.364583e+14 6.431593e+32
1.375161e+14 6.523576e+32
1.385821e+14 6.616875e+32
1.396563e+14 6.711509e+32
1.407389e+14 6.807496e+32
1.418299e+14 6.904855e+32
1.429293e+14 7.003608e+32
1.440372e+14 7.103772e+32
1.451538e+14 7.205369e+32
1.462789e+14 7.308419e+32
1.474129e+14 7.412943e+32
1.485556e+14 7.518962e+32
1.497071e+14 7.626497e+32
1.508676e+14 7.735569e+32
1.520371e+14 7.846202e+32
1.532156e+14 7.958417e+32
1.544033e+14 8.072237e+32
1.556002e+14 8.187685e+32
1.568063e+14 8.304784e+32
1.580219e+14 8.423558e+32
1.592468e+14 8.544030e+32
1.604812e+14 8.666226e+32
1.617252e+14 8.790169e+32
1.629789e+14 8.915884e+32
1.642422e+14 9.043398e+32
1.655154e+14 9.172735e+32
1.667984e+14 9.303922e+32
1.680914e+14 9.436985e+32
1.693944e+14 9.571951e+32
1.707075e+14 9.708848e+32
1.720307e+14 9.847702e+32
1.733643e+14 9.988542e+32
1.747081e+14 1.013140e+33
1.760624e+14 1.027629e+33
1.774272e+14 1.042326e+33
1.788026e+14 1.057234e+33
1.801886e+14 1.072354e+33
1.815854e+14 1.087691e+33
1.829929e+14 1.103247e+33
1.844114e+14 1.119025e+33
1.858409e+14 1.135029e+33
1.872815e+14 1.151262e+33
1.887333e+14 1.167727e+33
1.901963e+14 1.184428e+33
1.916706e+14 1.201367e+33
1.931564e+14 1.218549e+33
1.946537e+14 1.235977e+33
1.961626e+14 1.253653e+33
1.976832e+14 1.271583e+33
1.992155e+14 1.289769e+33
2.007598e+14 1.308215e+33
2.023160e+14 1.326925e+33
2.038843e+14 1.345902e+33
2.054648e+14 1.365151e+33
2.070575e+14 1.384675e+33
2.086625e+14 1.404479e+33
2.102800e+14 1.424565e+33
2.119100e+14 1.444939e+33
2.135527e+14 1.465605e+33
2.152081e+14 1.486566e+33
2.168763e+14 1.507826e+33
2.185575e+14 1.529391e+33
2.202517e+14 1.551264e+33
2.219590e+14 1.573450e+33
2.236795e+14 1.595953e+33
2.254134e+14 1.618778e+33
2.271608e+14 1.641930e+33
2.289217e+14 1.665412e+33
2.306962e+14 1.689231e+33
2.324845e+14 1.713390e+33
2.342866e+14 1.737894e+33
2.361027e+14 1.762750e+33
2.379329e+14 1.787960e+33
2.397773e+14 1.813531e+33
2.416360e+14 1.839468e+33
2.435091e+14 1.865776e+33
2.453967e+14 1.892460e+33
2.472989e+14 1.919525e+33
2.492159e+14 1.946978e+33
2.511478e+14 1.974824e+33
2.530946e+14 2.003067e+33
2.550565e+14 2.031715e+33
2.570336e+14 2.060772e+33
2.590260e+14 2.090245e+33
2.610339e+14 2.120139e+33
2.630574e+14 2.150461e+33
2.650965e+14 2.181217e+33
2.671515e+14 2.212412e+33
2.692224e+14 2.244054e+33
2.713093e+14 2.276148e+33
2.734124e+14 2.308701e+33
2.755318e+14 2.341719e+33
2.776676e+14 2.375210e+33
2.798200e+14 2.409180e+33
2.819891e+14 2.443636e+33
2.841750e+14 2.478584e+33
2.863778e+14 2.514033e+33
2.885977e+14 2.549988e+33
2.908349e+14 2.586457e+33
2.930893e+14 2.623449e+33
