# epsilon [g/cm^3]   P [dyn/cm^2]
1.364583e+14 6.488036e+32
1.375161e+14 6.600226e+32
1.385821e+14 6.714356e+32
1.396563e+14 6.830460e+32
1.407389e+14 6.948571e+32
1.418299e+14 7.068724e+32
1.429293e+14 7.190955e+32
1.440372e+14 7.315300e+32
1.451538e+14 7.441795e+32
1.462789e+14 7.570477e+32
1.474129e+14 7.701385e+32
1.485556e+14 7.834556e+32
1.497071e+14 7.970029e+32
1.508676e+14 8.107846e+32
1.520371e+14 8.248045e+32
1.532156e+14 8.390669e+32
1.544033e+14 8.535759e+32
1.556002e+14 8.683358e+32
1.568063e+14 8.833509e+32
1.580219e+14 8.986257e+32
1.592468e+14 9.141645e+32
1.604812e+14 9.299721e+32
1.617252e+14 9.460530e+32
1.629789e+14 9.624120e+32
1.642422e+14 9.790539e+32
1.655154e+14 9.959835e+32
1.667984e+14 1.013206e+33
1.680914e+14 1.030726e+33
1.693944e+14 1.048549e+33
1.707075e+14 1.066681e+33
1.720307e+14 1.085125e+33
1.733643e+14 1.103889e+33
1.747081e+14 1.122977e+33
1.760624e+14 1.142396e+33
1.774272e+14 1.162150e+33
1.788026e+14 1.182246e+33
1.801886e+14 1.202689e+33
1.815854e+14 1.223485e+33
1.829929e+14 1.244642e+33
1.844114e+14 1.266164e+33
1.858409e+14 1.288058e+33
1.872815e+14 1.310331e+33
1.887333e+14 1.332989e+33
1.901963e+14 1.356039e+33
1.916706e+14 1.379487e+33
1.931564e+14 1.403341e+33
1.946537e+14 1.427607e+33
1.961626e+14 1.452293e+33
1.976832e+14 1.477406e+33
1.992155e+14 1.502953e+33
2.007598e+14 1.528942e+33
2.023160e+14 1.555380e+33
2.038843e+14 1.582276e+33
2.054648e+14 1.609636e+33
2.070575e+14 1.637470e+33
2.086625e+14 1.665785e+33
2.102800e+14 1.694589e+33
2.119100e+14 1.723892e+33
2.135527e+14 1.753701e+33
2.152081e+14 1.784025e+33
2.168763e+14 1.814874e+33
2.185575e+14 1.846257e+33
2.202517e+14 1.878182e+33
2.219590e+14 1.910659e+33
2.236795e+14 1.943698e+33
2.254134e+14 1.977308e+33
2.271608e+14 2.011500e+33
2.289217e+14 2.046282e+33
2.306962e+14 2.081666e+33
2.324845e+14 2.117662e+33
2.342866e+14 2.154280e+33
2.361027e+14 2.191531e+33
2.379329e+14 2.229427e+33
2.397773e+14 2.267978e+33
2.416360e+14 2.307195e+33
2.435091e+14 2.347091e+33
2.453967e+14 2.387677e+33
2.472989e+14 2.428964e+33
2.492159e+14 2.470965e+33
2.511478e+14 2.513693e+33
2.530946e+14 2.557159e+33
2.550565e+14 2.601377e+33
2.570336e+14 2.646359e+33
2.590260e+14 2.692120e+33
2.610339e+14 2.738671e+33
2.630574e+14 2.786028e+33
2.650965e+14 2.834204e+33
2.671515e+14 2.883212e+33
2.692224e+14 2.933068e+33
2.713093e+14 2.983786e+33
2.734124e+14 3.035381e+33
2.755318e+14 3.087869e+33
2.776676e+14 3.141264e+33
2.798200e+14 3.195582e+33
2.819891e+14 3.250839e+33
2.841750e+14 3.307052e+33
2.863778e+14 3.364237e+33
2.885977e+14 3.422411e+33
2.908349e+14 3.481591e+33
2.930893e+14 3.541794e+33
