# epsilon [g/cm^3]   P [dyn/cm^2]
1.364583e+14 6.583287e+32
1.375161e+14 6.730086e+32
1.385821e+14 6.880158e+32
1.396563e+14 7.033577e+32
1.407389e+14 7.190416e+32
1.418299e+14 7.350753e+32
1.429293e+14 7.514665e+32
1.440372e+14 7.682233e+32
1.451538e+14 7.853536e+32
1.462789e+14 8.028660e+32
1.474129e+14 8.207689e+32
1.485556e+14 8.390710e+32
1.497071e+14 8.577812e+32
1.508676e+14 8.769086e+32
1.520371e+14 8.964625e+32
1.532156e+14 9.164524e+32
1.544033e+14 9.368881e+32
1.556002e+14 9.577795e+32
1.568063e+14 9.791368e+32
1.580219e+14 1.000970e+33
1.592468e+14 1.023291e+33
1.604812e+14 1.046109e+33
1.617252e+14 1.069435e+33
1.629789e+14 1.093283e+33
1.642422e+14 1.117661e+33
1.655154e+14 1.142584e+33
1.667984e+14 1.168062e+33
1.680914e+14 1.194108e+33
1.693944e+14 1.220735e+33
1.707075e+14 1.247956e+33
1.720307e+14 1.275784e+33
1.733643e+14 1.304232e+33
1.747081e+14 1.333315e+33
1.760624e+14 1.363046e+33
1.774272e+14 1.393440e+33
1.788026e+14 1.424512e+33
1.801886e+14 1.456277e+33
1.815854e+14 1.488750e+33
1.829929e+14 1.521947e+33
1.844114e+14 1.555884e+33
1.858409e+14 1.590579e+33
1.872815e+14 1.626046e+33
1.887333e+14 1.662305e+33
1.901963e+14 1.699372e+33
1.916706e+14 1.737266e+33
1.931564e+14 1.776005e+33
1.946537e+14 1.815608e+33
1.961626e+14 1.856093e+33
1.976832e+14 1.897482e+33
1.992155e+14 1.939793e+33
2.007598e+14 1.983048e+33
2.023160e+14 2.027267e+33
2.038843e+14 2.072473e+33
2.054648e+14 2.118686e+33
2.070575e+14 2.165930e+33
2.086625e+14 2.214228e+33
2.102800e+14 2.263602e+33
2.119100e+14 2.314078e+33
2.135527e+14 2.365678e+33
2.152081e+14 2.418430e+33
2.168763e+14 2.472358e+33
2.185575e+14 2.527488e+33
2.202517e+14 2.583848e+33
2.219590e+14 2.641464e+33
2.236795e+14 2.700366e+33
2.254134e+14 2.760580e+33
2.271608e+14 2.822138e+33
2.289217e+14 2.885068e+33
2.306962e+14 2.949401e+33
2.324845e+14 3.015169e+33
2.342866e+14 3.082403e+33
2.361027e+14 3.151137e+33
2.379329e+14 3.221403e+33
2.397773e+14 3.293236e+33
2.416360e+14 3.366671e+33
2.435091e+14 3.441743e+33
2.453967e+14 3.518490e+33
2.472989e+14 3.596947e+33
2.492159e+14 3.677155e+33
2.511478e+14 3.759150e+33
2.530946e+14 3.842975e+33
2.550565e+14 3.928668e+33
2.570336e+14 4.016272e+33
2.590260e+14 4.105830e+33
2.610339e+14 4.197384e+33
2.630574e+14 4.290981e+33
2.650965e+14 4.386664e+33
2.671515e+14 4.484481e+33
2.692224e+14 4.584479e+33
2.713093e+14 4.686707e+33
2.734124e+14 4.791214e+33
2.755318e+14 4.898052e+33
2.776676e+14 5.007272e+33
2.798200e+14 5.118928e+33
2.819891e+14 5.233073e+33
2.841750e+14 5.349764e+33
2.863778e+14 5.469057e+33
2.885977e+14 5.591010e+33
2.908349e+14 5.715682e+33
2.930893e+14 5.843134e+33
