# epsilon [g/cm^3]   P [dyn/cm^2]
1.364583e+14 6.583861e+32
1.375161e+14 6.730870e+32
1.385821e+14 6.881161e+32
1.396563e+14 7.034809e+32
1.407389e+14 7.191887e+32
1.418299e+14 7.352473e+32
1.429293e+14 7.516644e+32
1.440372e+14 7.684481e+32
1.451538e+14 7.856065e+32
1.462789e+14 8.031481e+32
1.474129e+14 8.210814e+32
1.485556e+14 8.394151e+32
1.497071e+14 8.581581e+32
1.508676e+14 8.773197e+32
1.520371e+14 8.969091e+32
1.532156e+14 9.169359e+32
1.544033e+14 9.374099e+32
1.556002e+14 9.583411e+32
1.568063e+14 9.797396e+32
1.580219e+14 1.001616e+33
1.592468e+14 1.023981e+33
1.604812e+14 1.046845e+33
1.617252e+14 1.070220e+33
1.629789e+14 1.094116e+33
1.642422e+14 1.118546e+33
1.655154e+14 1.143522e+33
1.667984e+14 1.169055e+33
1.680914e+14 1.195159e+33
1.693944e+14 1.221845e+33
1.707075e+14 1.249128e+33
1.720307e+14 1.277019e+33
1.733643e+14 1.305533e+33
1.747081e+14 1.334684e+33
1.760624e+14 1.364486e+33
1.774272e+14 1.394953e+33
1.788026e+14 1.426100e+33
1.801886e+14 1.457943e+33
1.815854e+14 1.490497e+33
1.829929e+14 1.523778e+33
1.844114e+14 1.557802e+33
1.858409e+14 1.592586e+33
1.872815e+14 1.628146e+33
1.887333e+14 1.664501e+33
1.901963e+14 1.701667e+33
1.916706e+14 1.739663e+33
1.931564e+14 1.778507e+33
1.946537e+14 1.818219e+33
1.961626e+14 1.858818e+33
1.976832e+14 1.900323e+33
1.992155e+14 1.942754e+33
2.007598e+14 1.986134e+33
2.023160e+14 2.030481e+33
2.038843e+14 2.075819e+33
2.054648e+14 2.122170e+33
2.070575e+14 2.169555e+33
2.086625e+14 2.217999e+33
2.102800e+14 2.267524e+33
2.119100e+14 2.318154e+33
2.135527e+14 2.369916e+33
2.152081e+14 2.422833e+33
2.168763e+14 2.476932e+33
2.185575e+14 2.532238e+33
2.202517e+14 2.588780e+33
2.219590e+14 2.646584e+33
2.236795e+14 2.705679e+33
2.254134e+14 2.766093e+33
2.271608e+14 2.827857e+33
2.289217e+14 2.890999e+33
2.306962e+14 2.955551e+33
2.324845e+14 3.021545e+33
2.342866e+14 3.089012e+33
2.361027e+14 3.157986e+33
2.379329e+14 3.228499e+33
2.397773e+14 3.300588e+33
2.416360e+14 3.374286e+33
2.435091e+14 3.449629e+33
2.453967e+14 3.526655e+33
2.472989e+14 3.605400e+33
2.492159e+14 3.685904e+33
2.511478e+14 3.768206e+33
2.530946e+14 3.852345e+33
2.550565e+14 3.938363e+33
2.570336e+14 4.026301e+33
2.590260e+14 4.116204e+33
2.610339e+14 4.208113e+33
2.630574e+14 4.302075e+33
2.650965e+14 4.398135e+33
2.671515e+14 4.496339e+33
2.692224e+14 4.596737e+33
2.713093e+14 4.699376e+33
2.734124e+14 4.804307e+33
2.755318e+14 4.911581e+33
2.776676e+14 5.021250e+33
2.798200e+14 5.133368e+33
2.819891e+14 5.247990e+33
2.841750e+14 5.365170e+33
2.863778e+14 5.484968e+33
2.885977e+14 5.607440e+33
2.908349e+14 5.732647e+33
2.930893e+14 5.860650e+33
