# epsilon [g/cm^3]   P [dyn/cm^2]
1.364583e+14 6.632172e+32
1.375161e+14 6.796979e+32
1.385821e+14 6.965882e+32
1.396563e+14 7.138982e+32
1.407389e+14 7.316384e+32
1.418299e+14 7.498194e+32
1.429293e+14 7.684522e+32
1.440372e+14 7.875480e+32
1.451538e+14 8.071183e+32
1.462789e+14 8.271750e+32
1.474129e+14 8.477300e+32
1.485556e+14 8.687959e+32
1.497071e+14 8.903852e+32
1.508676e+14 9.125110e+32
1.520371e+14 9.351866e+32
1.532156e+14 9.584257e+32
1.544033e+14 9.822423e+32
1.556002e+14 1.006651e+33
1.568063e+14 1.031666e+33
1.580219e+14 1.057302e+33
1.592468e+14 1.083576e+33
1.604812e+14 1.110502e+33
1.617252e+14 1.138098e+33
1.629789e+14 1.166380e+33
1.642422e+14 1.195364e+33
1.655154e+14 1.225068e+33
1.667984e+14 1.255511e+33
1.680914e+14 1.286710e+33
1.693944e+14 1.318684e+33
1.707075e+14 1.351453e+33
1.720307e+14 1.385036e+33
1.733643e+14 1.419454e+33
1.747081e+14 1.454727e+33
1.760624e+14 1.490876e+33
1.774272e+14 1.527924e+33
1.788026e+14 1.565893e+33
1.801886e+14 1.604805e+33
1.815854e+14 1.644684e+33
1.829929e+14 1.685554e+33
1.844114e+14 1.727439e+33
1.858409e+14 1.770365e+33
1.872815e+14 1.814358e+33
1.887333e+14 1.859445e+33
1.901963e+14 1.905651e+33
1.916706e+14 1.953006e+33
1.931564e+14 2.001538e+33
1.946537e+14 2.051275e+33
1.961626e+14 2.102249e+33
1.976832e+14 2.154489e+33
1.992155e+14 2.208028e+33
2.007598e+14 2.262897e+33
2.023160e+14 2.319129e+33
2.038843e+14 2.376759e+33
2.054648e+14 2.435820e+33
2.070575e+14 2.496350e+33
2.086625e+14 2.558383e+33
2.102800e+14 2.621958e+33
2.119100e+14 2.687113e+33
2.135527e+14 2.753887e+33
2.152081e+14 2.822320e+33
2.168763e+14 2.892454e+33
2.185575e+14 2.964331e+33
2.202517e+14 3.037994e+33
2.219590e+14 3.113487e+33
2.236795e+14 3.190856e+33
2.254134e+14 3.270148e+33
2.271608e+14 3.351410e+33
2.289217e+14 3.434692e+33
2.306962e+14 3.520043e+33
2.324845e+14 3.607515e+33
2.342866e+14 3.697160e+33
2.361027e+14 3.789034e+33
2.379329e+14 3.883190e+33
2.397773e+14 3.979686e+33
2.416360e+14 4.078580e+33
2.435091e+14 4.179932e+33
2.453967e+14 4.283802e+33
2.472989e+14 4.390253e+33
2.492159e+14 4.499349e+33
2.511478e+14 4.611157e+33
2.530946e+14 4.725743e+33
2.550565e+14 4.843176e+33
2.570336e+14 4.963527e+33
2.590260e+14 5.086870e+33
2.610339e+14 5.213277e+33
2.630574e+14 5.342825e+33
2.650965e+14 5.475593e+33
2.671515e+14 5.611660e+33
2.692224e+14 5.751108e+33
2.713093e+14 5.894021e+33
2.734124e+14 6.040486e+33
2.755318e+14 6.190590e+33
2.776676e+14 6.344424e+33
2.798200e+14 6.502081e+33
2.819891e+14 6.663656e+33
2.841750e+14 6.829246e+33
2.863778e+14 6.998950e+33
2.885977e+14 7.172872e+33
2.908349e+14 7.351116e+33
2.930893e+14 7.533789e+33
