# epsilon [g/cm^3]   P [dyn/cm^2]
1.364583e+14 6.508939e+32
1.375161e+14 6.628669e+32
1.385821e+14 6.750602e+32
1.396563e+14 6.874778e+32
1.407389e+14 7.001237e+32
1.418299e+14 7.130023e+32
1.429293e+14 7.261178e+32
1.440372e+14 7.394746e+32
1.451538e+14 7.530770e+32
1.462789e+14 7.669297e+32
1.474129e+14 7.810372e+32
1.485556e+14 7.954042e+32
1.497071e+14 8.100354e+32
1.508676e+14 8.249358e+32
1.520371e+14 8.401103e+32
1.532156e+14 8.555639e+32
1.544033e+14 8.713018e+32
1.556002e+14 8.873292e+32
1.568063e+14 9.036514e+32
1.580219e+14 9.202738e+32
1.592468e+14 9.372020e+32
1.604812e+14 9.544416e+32
1.617252e+14 9.719983e+32
1.629789e+14 9.898780e+32
1.642422e+14 1.008087e+33
1.655154e+14 1.026630e+33
1.667984e+14 1.045515e+33
1.680914e+14 1.064747e+33
1.693944e+14 1.084332e+33
1.707075e+14 1.104278e+33
1.720307e+14 1.124591e+33
1.733643e+14 1.145278e+33
1.747081e+14 1.166345e+33
1.760624e+14 1.187800e+33
1.774272e+14 1.209649e+33
1.788026e+14 1.231900e+33
1.801886e+14 1.254561e+33
1.815854e+14 1.277638e+33
1.829929e+14 1.301140e+33
1.844114e+14 1.325074e+33
1.858409e+14 1.349448e+33
1.872815e+14 1.374271e+33
1.887333e+14 1.399550e+33
1.901963e+14 1.425295e+33
1.916706e+14 1.451513e+33
1.931564e+14 1.478213e+33
1.946537e+14 1.505404e+33
1.961626e+14 1.533096e+33
1.976832e+14 1.561297e+33
1.992155e+14 1.590016e+33
2.007598e+14 1.619264e+33
2.023160e+14 1.649050e+33
2.038843e+14 1.679384e+33
2.054648e+14 1.710276e+33
2.070575e+14 1.741736e+33
2.086625e+14 1.773775e+33
2.102800e+14 1.806403e+33
2.119100e+14 1.839631e+33
2.135527e+14 1.873471e+33
2.152081e+14 1.907933e+33
2.168763e+14 1.943029e+33
2.185575e+14 1.978770e+33
2.202517e+14 2.015169e+33
2.219590e+14 2.052238e+33
2.236795e+14 2.089988e+33
2.254134e+14 2.128433e+33
2.271608e+14 2.167585e+33
2.289217e+14 2.207457e+33
2.306962e+14 2.248063e+33
2.324845e+14 2.289415e+33
2.342866e+14 2.331529e+33
2.361027e+14 2.374417e+33
2.379329e+14 2.418093e+33
2.397773e+14 2.462574e+33
2.416360e+14 2.507872e+33
2.435091e+14 2.554004e+33
2.453967e+14 2.600984e+33
2.472989e+14 2.648828e+33
2.492159e+14 2.697553e+33
2.511478e+14 2.747174e+33
2.530946e+14 2.797707e+33
2.550565e+14 2.849170e+33
2.570336e+14 2.901580e+33
2.590260e+14 2.954954e+33
2.610339e+14 3.009310e+33
2.630574e+14 3.064665e+33
2.650965e+14 3.121039e+33
2.671515e+14 3.178449e+33
2.692224e+14 3.236916e+33
2.713093e+14 3.296459e+33
2.734124e+14 3.357096e+33
2.755318e+14 3.418849e+33
2.776676e+14 3.481738e+33
2.798200e+14 3.545784e+33
2.819891e+14 3.611007e+33
2.841750e+14 3.677431e+33
2.863778e+14 3.745076e+33
2.885977e+14 3.813966e+33
2.908349e+14 3.884123e+33
2.930893e+14 3.955570e+33
