# epsilon [g/cm^3]   P [dyn/cm^2]
1.364583e+14 6.502515e+32
1.375161e+14 6.619924e+32
1.385821e+14 6.739454e+32
1.396563e+14 6.861142e+32
1.407389e+14 6.985027e+32
1.418299e+14 7.111149e+32
1.429293e+14 7.239548e+32
1.440372e+14 7.370265e+32
1.451538e+14 7.503343e+32
1.462789e+14 7.638824e+32
1.474129e+14 7.776750e+32
1.485556e+14 7.917168e+32
1.497071e+14 8.060120e+32
1.508676e+14 8.205654e+32
1.520371e+14 8.353816e+32
1.532156e+14 8.504652e+32
1.544033e+14 8.658213e+32
1.556002e+14 8.814546e+32
1.568063e+14 8.973701e+32
1.580219e+14 9.135731e+32
1.592468e+14 9.300686e+32
1.604812e+14 9.468619e+32
1.617252e+14 9.639585e+32
1.629789e+14 9.813637e+32
1.642422e+14 9.990833e+32
1.655154e+14 1.017123e+33
1.667984e+14 1.035488e+33
1.680914e+14 1.054185e+33
1.693944e+14 1.073219e+33
1.707075e+14 1.092597e+33
1.720307e+14 1.112325e+33
1.733643e+14 1.132409e+33
1.747081e+14 1.152856e+33
1.760624e+14 1.173672e+33
1.774272e+14 1.194864e+33
1.788026e+14 1.216439e+33
1.801886e+14 1.238403e+33
1.815854e+14 1.260763e+33
1.829929e+14 1.283528e+33
1.844114e+14 1.306703e+33
1.858409e+14 1.330297e+33
1.872815e+14 1.354317e+33
1.887333e+14 1.378770e+33
1.901963e+14 1.403666e+33
1.916706e+14 1.429010e+33
1.931564e+14 1.454812e+33
1.946537e+14 1.481081e+33
1.961626e+14 1.507823e+33
1.976832e+14 1.535048e+33
1.992155e+14 1.562765e+33
2.007598e+14 1.590982e+33
2.023160e+14 1.619709e+33
2.038843e+14 1.648955e+33
2.054648e+14 1.678728e+33
2.070575e+14 1.709040e+33
2.086625e+14 1.739898e+33
2.102800e+14 1.771314e+33
2.119100e+14 1.803297e+33
2.135527e+14 1.835857e+33
2.152081e+14 1.869005e+33
2.168763e+14 1.902752e+33
2.185575e+14 1.937108e+33
2.202517e+14 1.972085e+33
2.219590e+14 2.007693e+33
2.236795e+14 2.043944e+33
2.254134e+14 2.080849e+33
2.271608e+14 2.118421e+33
2.289217e+14 2.156671e+33
2.306962e+14 2.195612e+33
2.324845e+14 2.235256e+33
2.342866e+14 2.275616e+33
2.361027e+14 2.316705e+33
2.379329e+14 2.358535e+33
2.397773e+14 2.401121e+33
2.416360e+14 2.444476e+33
2.435091e+14 2.488613e+33
2.453967e+14 2.533548e+33
2.472989e+14 2.579294e+33
2.492159e+14 2.625865e+33
2.511478e+14 2.673278e+33
2.530946e+14 2.721547e+33
2.550565e+14 2.770687e+33
2.570336e+14 2.820715e+33
2.590260e+14 2.871646e+33
2.610339e+14 2.923496e+33
2.630574e+14 2.976283e+33
2.650965e+14 3.030023e+33
2.671515e+14 3.084733e+33
2.692224e+14 3.140431e+33
2.713093e+14 3.197135e+33
2.734124e+14 3.254862e+33
2.755318e+14 3.313632e+33
2.776676e+14 3.373463e+33
2.798200e+14 3.434375e+33
2.819891e+14 3.496386e+33
2.841750e+14 3.559517e+33
2.863778e+14 3.623787e+33
2.885977e+14 3.689219e+33
2.908349e+14 3.755831e+33
2.930893e+14 3.823647e+33
