# epsilon [g/cm^3]   P [dyn/cm^2]
1.364583e+14 6.452481e+32
1.375161e+14 6.551916e+32
1.385821e+14 6.652883e+32
1.396563e+14 6.755406e+32
1.407389e+14 6.859510e+32
1.418299e+14 6.965217e+32
1.429293e+14 7.072554e+32
1.440372e+14 7.181544e+32
1.451538e+14 7.292214e+32
1.462789e+14 7.404590e+32
1.474129e+14 7.518697e+32
1.485556e+14 7.634563e+32
1.497071e+14 7.752214e+32
1.508676e+14 7.871679e+32
1.520371e+14 7.992984e+32
1.532156e+14 8.116159e+32
1.544033e+14 8.241232e+32
1.556002e+14 8.368232e+32
1.568063e+14 8.497190e+32
1.580219e+14 8.628134e+32
1.592468e+14 8.761097e+32
1.604812e+14 8.896109e+32
1.617252e+14 9.033201e+32
1.629789e+14 9.172406e+32
1.642422e+14 9.313756e+32
1.655154e+14 9.457284e+32
1.667984e+14 9.603024e+32
1.680914e+14 9.751010e+32
1.693944e+14 9.901277e+32
1.707075e+14 1.005386e+33
1.720307e+14 1.020879e+33
1.733643e+14 1.036611e+33
1.747081e+14 1.052586e+33
1.760624e+14 1.068807e+33
1.774272e+14 1.085277e+33
1.788026e+14 1.102002e+33
1.801886e+14 1.118984e+33
1.815854e+14 1.136228e+33
1.829929e+14 1.153738e+33
1.844114e+14 1.171517e+33
1.858409e+14 1.189571e+33
1.872815e+14 1.207902e+33
1.887333e+14 1.226517e+33
1.901963e+14 1.245418e+33
1.916706e+14 1.264610e+33
1.931564e+14 1.284098e+33
1.946537e+14 1.303887e+33
1.961626e+14 1.323980e+33
1.976832e+14 1.344383e+33
1.992155e+14 1.365100e+33
2.007598e+14 1.386137e+33
2.023160e+14 1.407498e+33
2.038843e+14 1.429188e+33
2.054648e+14 1.451212e+33
2.070575e+14 1.473576e+33
2.086625e+14 1.496284e+33
2.102800e+14 1.519343e+33
2.119100e+14 1.542756e+33
2.135527e+14 1.566531e+33
2.152081e+14 1.590671e+33
2.168763e+14 1.615184e+33
2.185575e+14 1.640075e+33
2.202517e+14 1.665349e+33
2.219590e+14 1.691013e+33
2.236795e+14 1.717072e+33
2.254134e+14 1.743532e+33
2.271608e+14 1.770401e+33
2.289217e+14 1.797683e+33
2.306962e+14 1.825386e+33
2.324845e+14 1.853516e+33
2.342866e+14 1.882079e+33
2.361027e+14 1.911083e+33
2.379329e+14 1.940533e+33
2.397773e+14 1.970438e+33
2.416360e+14 2.000803e+33
2.435091e+14 2.031636e+33
2.453967e+14 2.062944e+33
2.472989e+14 2.094735e+33
2.492159e+14 2.127016e+33
2.511478e+14 2.159794e+33
2.530946e+14 2.193077e+33
2.550565e+14 2.226873e+33
2.570336e+14 2.261190e+33
2.590260e+14 2.296036e+33
2.610339e+14 2.331418e+33
2.630574e+14 2.367346e+33
2.650965e+14 2.403828e+33
2.671515e+14 2.440872e+33
2.692224e+14 2.478487e+33
2.713093e+14 2.516681e+33
2.734124e+14 2.555464e+33
2.755318e+14 2.594845e+33
2.776676e+14 2.634832e+33
2.798200e+14 2.675436e+33
2.819891e+14 2.716665e+33
2.841750e+14 2.758530e+33
2.863778e+14 2.801040e+33
2.885977e+14 2.844205e+33
2.908349e+14 2.888035e+33
2.930893e+14 2.932541e+33
