# epsilon [g/cm^3]   P [dyn/cm^2]
1.364583e+14 6.480569e+32
1.375161e+14 6.590073e+32
1.385821e+14 6.701427e+32
1.396563e+14 6.814663e+32
1.407389e+14 6.929812e+32
1.418299e+14 7.046907e+32
1.429293e+14 7.165981e+32
1.440372e+14 7.287066e+32
1.451538e+14 7.410198e+32
1.462789e+14 7.535410e+32
1.474129e+14 7.662738e+32
1.485556e+14 7.792217e+32
1.497071e+14 7.923885e+32
1.508676e+14 8.057777e+32
1.520371e+14 8.193931e+32
1.532156e+14 8.332386e+32
1.544033e+14 8.473181e+32
1.556002e+14 8.616354e+32
1.568063e+14 8.761947e+32
1.580219e+14 8.910000e+32
1.592468e+14 9.060555e+32
1.604812e+14 9.213654e+32
1.617252e+14 9.369339e+32
1.629789e+14 9.527656e+32
1.642422e+14 9.688647e+32
1.655154e+14 9.852359e+32
1.667984e+14 1.001884e+33
1.680914e+14 1.018813e+33
1.693944e+14 1.036028e+33
1.707075e+14 1.053534e+33
1.720307e+14 1.071336e+33
1.733643e+14 1.089438e+33
1.747081e+14 1.107847e+33
1.760624e+14 1.126567e+33
1.774272e+14 1.145602e+33
1.788026e+14 1.164960e+33
1.801886e+14 1.184645e+33
1.815854e+14 1.204662e+33
1.829929e+14 1.225017e+33
1.844114e+14 1.245717e+33
1.858409e+14 1.266766e+33
1.872815e+14 1.288171e+33
1.887333e+14 1.309938e+33
1.901963e+14 1.332072e+33
1.916706e+14 1.354580e+33
1.931564e+14 1.377469e+33
1.946537e+14 1.400745e+33
1.961626e+14 1.424413e+33
1.976832e+14 1.448482e+33
1.992155e+14 1.472957e+33
2.007598e+14 1.497846e+33
2.023160e+14 1.523156e+33
2.038843e+14 1.548893e+33
2.054648e+14 1.575065e+33
2.070575e+14 1.601679e+33
2.086625e+14 1.628743e+33
2.102800e+14 1.656265e+33
2.119100e+14 1.684251e+33
2.135527e+14 1.712710e+33
2.152081e+14 1.741651e+33
2.168763e+14 1.771080e+33
2.185575e+14 1.801006e+33
2.202517e+14 1.831438e+33
2.219590e+14 1.862384e+33
2.236795e+14 1.893854e+33
2.254134e+14 1.925855e+33
2.271608e+14 1.958396e+33
2.289217e+14 1.991488e+33
2.306962e+14 2.025139e+33
2.324845e+14 2.059358e+33
2.342866e+14 2.094155e+33
2.361027e+14 2.129541e+33
2.379329e+14 2.165524e+33
2.397773e+14 2.202116e+33
2.416360e+14 2.239326e+33
2.435091e+14 2.277164e+33
2.453967e+14 2.315642e+33
2.472989e+14 2.354770e+33
2.492159e+14 2.394559e+33
2.511478e+14 2.435021e+33
2.530946e+14 2.476166e+33
2.550565e+14 2.518006e+33
2.570336e+14 2.560554e+33
2.590260e+14 2.603820e+33
2.610339e+14 2.647818e+33
2.630574e+14 2.692559e+33
2.650965e+14 2.738055e+33
2.671515e+14 2.784321e+33
2.692224e+14 2.831369e+33
2.713093e+14 2.879211e+33
2.734124e+14 2.927862e+33
2.755318e+14 2.977335e+33
2.776676e+14 3.027643e+33
2.798200e+14 3.078802e+33
2.819891e+14 3.130826e+33
2.841750e+14 3.183728e+33
2.863778e+14 3.237524e+33
2.885977e+14 3.292230e+33
2.908349e+14 3.347860e+33
2.930893e+14 3.404429e+33
