# epsilon [g/cm^3]   P [dyn/cm^2]
1.364583e+14 6.510979e+32
1.375161e+14 6.631446e+32
1.385821e+14 6.754143e+32
1.396563e+14 6.879110e+32
1.407389e+14 7.006388e+32
1.418299e+14 7.136022e+32
1.429293e+14 7.268055e+32
1.440372e+14 7.402530e+32
1.451538e+14 7.539493e+32
1.462789e+14 7.678991e+32
1.474129e+14 7.821069e+32
1.485556e+14 7.965776e+32
1.497071e+14 8.113161e+32
1.508676e+14 8.263273e+32
1.520371e+14 8.416162e+32
1.532156e+14 8.571879e+32
1.544033e+14 8.730478e+32
1.556002e+14 8.892012e+32
1.568063e+14 9.056534e+32
1.580219e+14 9.224100e+32
1.592468e+14 9.394766e+32
1.604812e+14 9.568591e+32
1.617252e+14 9.745631e+32
1.629789e+14 9.925947e+32
1.642422e+14 1.010960e+33
1.655154e+14 1.029665e+33
1.667984e+14 1.048716e+33
1.680914e+14 1.068120e+33
1.693944e+14 1.087882e+33
1.707075e+14 1.108010e+33
1.720307e+14 1.128511e+33
1.733643e+14 1.149391e+33
1.747081e+14 1.170657e+33
1.760624e+14 1.192317e+33
1.774272e+14 1.214378e+33
1.788026e+14 1.236846e+33
1.801886e+14 1.259731e+33
1.815854e+14 1.283039e+33
1.829929e+14 1.306778e+33
1.844114e+14 1.330956e+33
1.858409e+14 1.355582e+33
1.872815e+14 1.380663e+33
1.887333e+14 1.406208e+33
1.901963e+14 1.432226e+33
1.916706e+14 1.458726e+33
1.931564e+14 1.485715e+33
1.946537e+14 1.513204e+33
1.961626e+14 1.541202e+33
1.976832e+14 1.569718e+33
1.992155e+14 1.598761e+33
2.007598e+14 1.628342e+33
2.023160e+14 1.658470e+33
2.038843e+14 1.689155e+33
2.054648e+14 1.720408e+33
2.070575e+14 1.752240e+33
2.086625e+14 1.784660e+33
2.102800e+14 1.817680e+33
2.119100e+14 1.851311e+33
2.135527e+14 1.885565e+33
2.152081e+14 1.920452e+33
2.168763e+14 1.955985e+33
2.185575e+14 1.992175e+33
2.202517e+14 2.029034e+33
2.219590e+14 2.066576e+33
2.236795e+14 2.104812e+33
2.254134e+14 2.143756e+33
2.271608e+14 2.183420e+33
2.289217e+14 2.223818e+33
2.306962e+14 2.264964e+33
2.324845e+14 2.306871e+33
2.342866e+14 2.349553e+33
2.361027e+14 2.393025e+33
2.379329e+14 2.437301e+33
2.397773e+14 2.482397e+33
2.416360e+14 2.528327e+33
2.435091e+14 2.575107e+33
2.453967e+14 2.622752e+33
2.472989e+14 2.671279e+33
2.492159e+14 2.720703e+33
2.511478e+14 2.771042e+33
2.530946e+14 2.822313e+33
2.550565e+14 2.874532e+33
2.570336e+14 2.927717e+33
2.590260e+14 2.981886e+33
2.610339e+14 3.037058e+33
2.630574e+14 3.093250e+33
2.650965e+14 3.150482e+33
2.671515e+14 3.208773e+33
2.692224e+14 3.268143e+33
2.713093e+14 3.328611e+33
2.734124e+14 3.390197e+33
2.755318e+14 3.452924e+33
2.776676e+14 3.516811e+33
2.798200e+14 3.581879e+33
2.819891e+14 3.648152e+33
2.841750e+14 3.715651e+33
2.863778e+14 3.784399e+33
2.885977e+14 3.854419e+33
2.908349e+14 3.925734e+33
2.930893e+14 3.998369e+33
