# epsilon [g/cm^3]   P [dyn/cm^2]
1.364583e+14 6.482535e+32
1.375161e+14 6.592745e+32
1.385821e+14 6.704830e+32
1.396563e+14 6.818820e+32
1.407389e+14 6.934748e+32
1.418299e+14 7.052646e+32
1.429293e+14 7.172550e+32
1.440372e+14 7.294491e+32
1.451538e+14 7.418506e+32
1.462789e+14 7.544629e+32
1.474129e+14 7.672897e+32
1.485556e+14 7.803345e+32
1.497071e+14 7.936011e+32
1.508676e+14 8.070932e+32
1.520371e+14 8.208148e+32
1.532156e+14 8.347696e+32
1.544033e+14 8.489616e+32
1.556002e+14 8.633950e+32
1.568063e+14 8.780737e+32
1.580219e+14 8.930020e+32
1.592468e+14 9.081840e+32
1.604812e+14 9.236242e+32
1.617252e+14 9.393269e+32
1.629789e+14 9.552966e+32
1.642422e+14 9.715377e+32
1.655154e+14 9.880550e+32
1.667984e+14 1.004853e+33
1.680914e+14 1.021937e+33
1.693944e+14 1.039311e+33
1.707075e+14 1.056980e+33
1.720307e+14 1.074950e+33
1.733643e+14 1.093226e+33
1.747081e+14 1.111812e+33
1.760624e+14 1.130714e+33
1.774272e+14 1.149937e+33
1.788026e+14 1.169488e+33
1.801886e+14 1.189370e+33
1.815854e+14 1.209591e+33
1.829929e+14 1.230155e+33
1.844114e+14 1.251069e+33
1.858409e+14 1.272339e+33
1.872815e+14 1.293970e+33
1.887333e+14 1.315969e+33
1.901963e+14 1.338342e+33
1.916706e+14 1.361096e+33
1.931564e+14 1.384236e+33
1.946537e+14 1.407770e+33
1.961626e+14 1.431703e+33
1.976832e+14 1.456044e+33
1.992155e+14 1.480798e+33
2.007598e+14 1.505974e+33
2.023160e+14 1.531577e+33
2.038843e+14 1.557616e+33
2.054648e+14 1.584097e+33
2.070575e+14 1.611028e+33
2.086625e+14 1.638418e+33
2.102800e+14 1.666273e+33
2.119100e+14 1.694601e+33
2.135527e+14 1.723412e+33
2.152081e+14 1.752712e+33
2.168763e+14 1.782510e+33
2.185575e+14 1.812814e+33
2.202517e+14 1.843634e+33
2.219590e+14 1.874978e+33
2.236795e+14 1.906855e+33
2.254134e+14 1.939274e+33
2.271608e+14 1.972244e+33
2.289217e+14 2.005774e+33
2.306962e+14 2.039875e+33
2.324845e+14 2.074555e+33
2.342866e+14 2.109825e+33
2.361027e+14 2.145694e+33
2.379329e+14 2.182174e+33
2.397773e+14 2.219273e+33
2.416360e+14 2.257003e+33
2.435091e+14 2.295375e+33
2.453967e+14 2.334399e+33
2.472989e+14 2.374087e+33
2.492159e+14 2.414449e+33
2.511478e+14 2.455497e+33
2.530946e+14 2.497244e+33
2.550565e+14 2.539700e+33
2.570336e+14 2.582877e+33
2.590260e+14 2.626789e+33
2.610339e+14 2.671448e+33
2.630574e+14 2.716866e+33
2.650965e+14 2.763056e+33
2.671515e+14 2.810031e+33
2.692224e+14 2.857804e+33
2.713093e+14 2.906390e+33
2.734124e+14 2.955802e+33
2.755318e+14 3.006055e+33
2.776676e+14 3.057161e+33
2.798200e+14 3.109136e+33
2.819891e+14 3.161995e+33
2.841750e+14 3.215753e+33
2.863778e+14 3.270424e+33
2.885977e+14 3.326025e+33
2.908349e+14 3.382572e+33
2.930893e+14 3.440079e+33
