# epsilon [g/cm^3]   P [dyn/cm^2]
1.364583e+14 6.439846e+32
1.375161e+14 6.534771e+32
1.385821e+14 6.631094e+32
1.396563e+14 6.728837e+32
1.407389e+14 6.828021e+32
1.418299e+14 6.928667e+32
1.429293e+14 7.030797e+32
1.440372e+14 7.134432e+32
1.451538e+14 7.239594e+32
1.462789e+14 7.346307e+32
1.474129e+14 7.454593e+32
1.485556e+14 7.564474e+32
1.497071e+14 7.675976e+32
1.508676e+14 7.789121e+32
1.520371e+14 7.903934e+32
1.532156e+14 8.020439e+32
1.544033e+14 8.138661e+32
1.556002e+14 8.258626e+32
1.568063e+14 8.380360e+32
1.580219e+14 8.503887e+32
1.592468e+14 8.629236e+32
1.604812e+14 8.756432e+32
1.617252e+14 8.885503e+32
1.629789e+14 9.016477e+32
1.642422e+14 9.149381e+32
1.655154e+14 9.284244e+32
1.667984e+14 9.421095e+32
1.680914e+14 9.559963e+32
1.693944e+14 9.700878e+32
1.707075e+14 9.843871e+32
1.720307e+14 9.988971e+32
1.733643e+14 1.013621e+33
1.747081e+14 1.028562e+33
1.760624e+14 1.043723e+33
1.774272e+14 1.059108e+33
1.788026e+14 1.074719e+33
1.801886e+14 1.090561e+33
1.815854e+14 1.106636e+33
1.829929e+14 1.122948e+33
1.844114e+14 1.139500e+33
1.858409e+14 1.156296e+33
1.872815e+14 1.173340e+33
1.887333e+14 1.190636e+33
1.901963e+14 1.208186e+33
1.916706e+14 1.225995e+33
1.931564e+14 1.244066e+33
1.946537e+14 1.262404e+33
1.961626e+14 1.281012e+33
1.976832e+14 1.299894e+33
1.992155e+14 1.319054e+33
2.007598e+14 1.338498e+33
2.023160e+14 1.358227e+33
2.038843e+14 1.378248e+33
2.054648e+14 1.398563e+33
2.070575e+14 1.419178e+33
2.086625e+14 1.440097e+33
2.102800e+14 1.461324e+33
2.119100e+14 1.482864e+33
2.135527e+14 1.504722e+33
2.152081e+14 1.526902e+33
2.168763e+14 1.549409e+33
2.185575e+14 1.572247e+33
2.202517e+14 1.595422e+33
2.219590e+14 1.618939e+33
2.236795e+14 1.642803e+33
2.254134e+14 1.667018e+33
2.271608e+14 1.691590e+33
2.289217e+14 1.716524e+33
2.306962e+14 1.741826e+33
2.324845e+14 1.767501e+33
2.342866e+14 1.793554e+33
2.361027e+14 1.819991e+33
2.379329e+14 1.846818e+33
2.397773e+14 1.874040e+33
2.416360e+14 1.901664e+33
2.435091e+14 1.929695e+33
2.453967e+14 1.958139e+33
2.472989e+14 1.987002e+33
2.492159e+14 2.016291e+33
2.511478e+14 2.046011e+33
2.530946e+14 2.076170e+33
2.550565e+14 2.106773e+33
2.570336e+14 2.137827e+33
2.590260e+14 2.169339e+33
2.610339e+14 2.201315e+33
2.630574e+14 2.233763e+33
2.650965e+14 2.266689e+33
2.671515e+14 2.300100e+33
2.692224e+14 2.334004e+33
2.713093e+14 2.368407e+33
2.734124e+14 2.403318e+33
2.755318e+14 2.438743e+33
2.776676e+14 2.474691e+33
2.798200e+14 2.511168e+33
2.819891e+14 2.548183e+33
2.841750e+14 2.585744e+33
2.863778e+14 2.623858e+33
2.885977e+14 2.662534e+33
2.908349e+14 2.701780e+33
2.930893e+14 2.741605e+33
