# epsilon [g/cm^3]   P [dyn/cm^2]
1.364583e+14 6.539610e+32
1.375161e+14 6.670460e+32
1.385821e+14 6.803929e+32
1.396563e+14 6.940067e+32
1.407389e+14 7.078930e+32
1.418299e+14 7.220571e+32
1.429293e+14 7.365046e+32
1.440372e+14 7.512412e+32
1.451538e+14 7.662727e+32
1.462789e+14 7.816049e+32
1.474129e+14 7.972439e+32
1.485556e+14 8.131959e+32
1.497071e+14 8.294670e+32
1.508676e+14 8.460637e+32
1.520371e+14 8.629924e+32
1.532156e+14 8.802599e+32
1.544033e+14 8.978729e+32
1.556002e+14 9.158383e+32
1.568063e+14 9.341631e+32
1.580219e+14 9.528546e+32
1.592468e+14 9.719202e+32
1.604812e+14 9.913671e+32
1.617252e+14 1.011203e+33
1.629789e+14 1.031436e+33
1.642422e+14 1.052074e+33
1.655154e+14 1.073125e+33
1.667984e+14 1.094597e+33
1.680914e+14 1.116498e+33
1.693944e+14 1.138838e+33
1.707075e+14 1.161625e+33
1.720307e+14 1.184868e+33
1.733643e+14 1.208576e+33
1.747081e+14 1.232758e+33
1.760624e+14 1.257424e+33
1.774272e+14 1.282584e+33
1.788026e+14 1.308247e+33
1.801886e+14 1.334423e+33
1.815854e+14 1.361123e+33
1.829929e+14 1.388358e+33
1.844114e+14 1.416137e+33
1.858409e+14 1.444473e+33
1.872815e+14 1.473375e+33
1.887333e+14 1.502855e+33
1.901963e+14 1.532926e+33
1.916706e+14 1.563598e+33
1.931564e+14 1.594884e+33
1.946537e+14 1.626795e+33
1.961626e+14 1.659346e+33
1.976832e+14 1.692547e+33
1.992155e+14 1.726413e+33
2.007598e+14 1.760957e+33
2.023160e+14 1.796191e+33
2.038843e+14 1.832131e+33
2.054648e+14 1.868790e+33
2.070575e+14 1.906182e+33
2.086625e+14 1.944323e+33
2.102800e+14 1.983226e+33
2.119100e+14 2.022908e+33
2.135527e+14 2.063384e+33
2.152081e+14 2.104670e+33
2.168763e+14 2.146782e+33
2.185575e+14 2.189737e+33
2.202517e+14 2.233551e+33
2.219590e+14 2.278242e+33
2.236795e+14 2.323827e+33
2.254134e+14 2.370324e+33
2.271608e+14 2.417751e+33
2.289217e+14 2.466128e+33
2.306962e+14 2.515472e+33
2.324845e+14 2.565804e+33
2.342866e+14 2.617142e+33
2.361027e+14 2.669508e+33
2.379329e+14 2.722922e+33
2.397773e+14 2.777405e+33
2.416360e+14 2.832977e+33
2.435091e+14 2.889662e+33
2.453967e+14 2.947481e+33
2.472989e+14 3.006456e+33
2.492159e+14 3.066612e+33
2.511478e+14 3.127971e+33
2.530946e+14 3.190559e+33
2.550565e+14 3.254398e+33
2.570336e+14 3.319515e+33
2.590260e+14 3.385934e+33
2.610339e+14 3.453683e+33
2.630574e+14 3.522787e+33
2.650965e+14 3.593274e+33
2.671515e+14 3.665171e+33
2.692224e+14 3.738507e+33
2.713093e+14 3.813310e+33
2.734124e+14 3.889610e+33
2.755318e+14 3.967437e+33
2.776676e+14 4.046821e+33
2.798200e+14 4.127793e+33
2.819891e+14 4.210385e+33
2.841750e+14 4.294630e+33
2.863778e+14 4.380561e+33
2.885977e+14 4.468211e+33
2.908349e+14 4.557614e+33
2.930893e+14 4.648807e+33
