# epsilon [g/cm^3]   P [dyn/cm^2]
1.364583e+14 6.492095e+32
1.375161e+14 6.605747e+32
1.385821e+14 6.721388e+32
1.396563e+14 6.839054e+32
1.407389e+14 6.958779e+32
1.418299e+14 7.080601e+32
1.429293e+14 7.204555e+32
1.440372e+14 7.330679e+32
1.451538e+14 7.459011e+32
1.462789e+14 7.589590e+32
1.474129e+14 7.722454e+32
1.485556e+14 7.857645e+32
1.497071e+14 7.995202e+32
1.508676e+14 8.135168e+32
1.520371e+14 8.277583e+32
1.532156e+14 8.422492e+32
1.544033e+14 8.569937e+32
1.556002e+14 8.719964e+32
1.568063e+14 8.872617e+32
1.580219e+14 9.027943e+32
1.592468e+14 9.185988e+32
1.604812e+14 9.346799e+32
1.617252e+14 9.510426e+32
1.629789e+14 9.676917e+32
1.642422e+14 9.846322e+32
1.655154e+14 1.001869e+33
1.667984e+14 1.019408e+33
1.680914e+14 1.037254e+33
1.693944e+14 1.055413e+33
1.707075e+14 1.073889e+33
1.720307e+14 1.092688e+33
1.733643e+14 1.111817e+33
1.747081e+14 1.131281e+33
1.760624e+14 1.151085e+33
1.774272e+14 1.171236e+33
1.788026e+14 1.191740e+33
1.801886e+14 1.212603e+33
1.815854e+14 1.233831e+33
1.829929e+14 1.255431e+33
1.844114e+14 1.277408e+33
1.858409e+14 1.299771e+33
1.872815e+14 1.322525e+33
1.887333e+14 1.345677e+33
1.901963e+14 1.369235e+33
1.916706e+14 1.393205e+33
1.931564e+14 1.417595e+33
1.946537e+14 1.442411e+33
1.961626e+14 1.467662e+33
1.976832e+14 1.493356e+33
1.992155e+14 1.519499e+33
2.007598e+14 1.546099e+33
2.023160e+14 1.573165e+33
2.038843e+14 1.600706e+33
2.054648e+14 1.628728e+33
2.070575e+14 1.657241e+33
2.086625e+14 1.686252e+33
2.102800e+14 1.715772e+33
2.119100e+14 1.745809e+33
2.135527e+14 1.776371e+33
2.152081e+14 1.807469e+33
2.168763e+14 1.839111e+33
2.185575e+14 1.871306e+33
2.202517e+14 1.904066e+33
2.219590e+14 1.937399e+33
2.236795e+14 1.971315e+33
2.254134e+14 2.005825e+33
2.271608e+14 2.040940e+33
2.289217e+14 2.076669e+33
2.306962e+14 2.113023e+33
2.324845e+14 2.150014e+33
2.342866e+14 2.187653e+33
2.361027e+14 2.225950e+33
2.379329e+14 2.264918e+33
2.397773e+14 2.304568e+33
2.416360e+14 2.344912e+33
2.435091e+14 2.385962e+33
2.453967e+14 2.427731e+33
2.472989e+14 2.470232e+33
2.492159e+14 2.513476e+33
2.511478e+14 2.557477e+33
2.530946e+14 2.602249e+33
2.550565e+14 2.647804e+33
2.570336e+14 2.694157e+33
2.590260e+14 2.741322e+33
2.610339e+14 2.789312e+33
2.630574e+14 2.838142e+33
2.650965e+14 2.887827e+33
2.671515e+14 2.938382e+33
2.692224e+14 2.989821e+33
2.713093e+14 3.042162e+33
2.734124e+14 3.095418e+33
2.755318e+14 3.149607e+33
2.776676e+14 3.204745e+33
2.798200e+14 3.260847e+33
2.819891e+14 3.317932e+33
2.841750e+14 3.376017e+33
2.863778e+14 3.435118e+33
2.885977e+14 3.495254e+33
2.908349e+14 3.556442e+33
2.930893e+14 3.618702e+33
