# epsilon [g/cm^3]   P [dyn/cm^2]
1.364583e+14 6.492377e+32
1.375161e+14 6.606130e+32
1.385821e+14 6.721877e+32
1.396563e+14 6.839651e+32
1.407389e+14 6.959489e+32
1.418299e+14 7.081427e+32
1.429293e+14 7.205501e+32
1.440372e+14 7.331749e+32
1.451538e+14 7.460209e+32
1.462789e+14 7.590920e+32
1.474129e+14 7.723921e+32
1.485556e+14 7.859253e+32
1.497071e+14 7.996955e+32
1.508676e+14 8.137070e+32
1.520371e+14 8.279641e+32
1.532156e+14 8.424709e+32
1.544033e+14 8.572319e+32
1.556002e+14 8.722515e+32
1.568063e+14 8.875343e+32
1.580219e+14 9.030848e+32
1.592468e+14 9.189078e+32
1.604812e+14 9.350081e+32
1.617252e+14 9.513904e+32
1.629789e+14 9.680598e+32
1.642422e+14 9.850212e+32
1.655154e+14 1.002280e+33
1.667984e+14 1.019841e+33
1.680914e+14 1.037710e+33
1.693944e+14 1.055891e+33
1.707075e+14 1.074392e+33
1.720307e+14 1.093216e+33
1.733643e+14 1.112370e+33
1.747081e+14 1.131860e+33
1.760624e+14 1.151692e+33
1.774272e+14 1.171871e+33
1.788026e+14 1.192403e+33
1.801886e+14 1.213295e+33
1.815854e+14 1.234554e+33
1.829929e+14 1.256184e+33
1.844114e+14 1.278194e+33
1.858409e+14 1.300589e+33
1.872815e+14 1.323377e+33
1.887333e+14 1.346564e+33
1.901963e+14 1.370157e+33
1.916706e+14 1.394164e+33
1.931564e+14 1.418591e+33
1.946537e+14 1.443446e+33
1.961626e+14 1.468737e+33
1.976832e+14 1.494471e+33
1.992155e+14 1.520656e+33
2.007598e+14 1.547299e+33
2.023160e+14 1.574409e+33
2.038843e+14 1.601995e+33
2.054648e+14 1.630063e+33
2.070575e+14 1.658624e+33
2.086625e+14 1.687685e+33
2.102800e+14 1.717255e+33
2.119100e+14 1.747343e+33
2.135527e+14 1.777958e+33
2.152081e+14 1.809110e+33
2.168763e+14 1.840807e+33
2.185575e+14 1.873060e+33
2.202517e+14 1.905878e+33
2.219590e+14 1.939271e+33
2.236795e+14 1.973249e+33
2.254134e+14 2.007823e+33
2.271608e+14 2.043002e+33
2.289217e+14 2.078798e+33
2.306962e+14 2.115220e+33
2.324845e+14 2.152281e+33
2.342866e+14 2.189992e+33
2.361027e+14 2.228363e+33
2.379329e+14 2.267406e+33
2.397773e+14 2.307133e+33
2.416360e+14 2.347557e+33
2.435091e+14 2.388688e+33
2.453967e+14 2.430541e+33
2.472989e+14 2.473127e+33
2.492159e+14 2.516458e+33
2.511478e+14 2.560549e+33
2.530946e+14 2.605413e+33
2.550565e+14 2.651063e+33
2.570336e+14 2.697512e+33
2.590260e+14 2.744775e+33
2.610339e+14 2.792867e+33
2.630574e+14 2.841801e+33
2.650965e+14 2.891592e+33
2.671515e+14 2.942256e+33
2.692224e+14 2.993807e+33
2.713093e+14 3.046262e+33
2.734124e+14 3.099636e+33
2.755318e+14 3.153945e+33
2.776676e+14 3.209205e+33
2.798200e+14 3.265434e+33
2.819891e+14 3.322648e+33
2.841750e+14 3.380864e+33
2.863778e+14 3.440100e+33
2.885977e+14 3.500375e+33
2.908349e+14 3.561705e+33
2.930893e+14 3.624110e+33
