# epsilon [g/cm^3]   P [dyn/cm^2]
1.364583e+14 6.562984e+32
1.375161e+14 6.702352e+32
1.385821e+14 6.844680e+32
1.396563e+14 6.990030e+32
1.407389e+14 7.138467e+32
1.418299e+14 7.290056e+32
1.429293e+14 7.444863e+32
1.440372e+14 7.602959e+32
1.451538e+14 7.764411e+32
1.462789e+14 7.929293e+32
1.474129e+14 8.097675e+32
1.485556e+14 8.269633e+32
1.497071e+14 8.445243e+32
1.508676e+14 8.624582e+32
1.520371e+14 8.807729e+32
1.532156e+14 8.994766e+32
1.544033e+14 9.185774e+32
1.556002e+14 9.380839e+32
1.568063e+14 9.580046e+32
1.580219e+14 9.783483e+32
1.592468e+14 9.991240e+32
1.604812e+14 1.020341e+33
1.617252e+14 1.042008e+33
1.629789e+14 1.064136e+33
1.642422e+14 1.086733e+33
1.655154e+14 1.109811e+33
1.667984e+14 1.133378e+33
1.680914e+14 1.157446e+33
1.693944e+14 1.182025e+33
1.707075e+14 1.207126e+33
1.720307e+14 1.232760e+33
1.733643e+14 1.258938e+33
1.747081e+14 1.285672e+33
1.760624e+14 1.312974e+33
1.774272e+14 1.340856e+33
1.788026e+14 1.369329e+33
1.801886e+14 1.398408e+33
1.815854e+14 1.428104e+33
1.829929e+14 1.458430e+33
1.844114e+14 1.489401e+33
1.858409e+14 1.521029e+33
1.872815e+14 1.553329e+33
1.887333e+14 1.586314e+33
1.901963e+14 1.620000e+33
1.916706e+14 1.654402e+33
1.931564e+14 1.689534e+33
1.946537e+14 1.725412e+33
1.961626e+14 1.762052e+33
1.976832e+14 1.799470e+33
1.992155e+14 1.837683e+33
2.007598e+14 1.876707e+33
2.023160e+14 1.916560e+33
2.038843e+14 1.957259e+33
2.054648e+14 1.998822e+33
2.070575e+14 2.041268e+33
2.086625e+14 2.084616e+33
2.102800e+14 2.128883e+33
2.119100e+14 2.174091e+33
2.135527e+14 2.220259e+33
2.152081e+14 2.267408e+33
2.168763e+14 2.315557e+33
2.185575e+14 2.364729e+33
2.202517e+14 2.414945e+33
2.219590e+14 2.466228e+33
2.236795e+14 2.518599e+33
2.254134e+14 2.572083e+33
2.271608e+14 2.626703e+33
2.289217e+14 2.682482e+33
2.306962e+14 2.739446e+33
2.324845e+14 2.797619e+33
2.342866e+14 2.857028e+33
2.361027e+14 2.917699e+33
2.379329e+14 2.979657e+33
2.397773e+14 3.042932e+33
2.416360e+14 3.107550e+33
2.435091e+14 3.173540e+33
2.453967e+14 3.240932e+33
2.472989e+14 3.309755e+33
2.492159e+14 3.380039e+33
2.511478e+14 3.451816e+33
2.530946e+14 3.525117e+33
2.550565e+14 3.599975e+33
2.570336e+14 3.676422e+33
2.590260e+14 3.754493e+33
2.610339e+14 3.834221e+33
2.630574e+14 3.915643e+33
2.650965e+14 3.998793e+33
2.671515e+14 4.083710e+33
2.692224e+14 4.170429e+33
2.713093e+14 4.258991e+33
2.734124e+14 4.349432e+33
2.755318e+14 4.441795e+33
2.776676e+14 4.536118e+33
2.798200e+14 4.632445e+33
2.819891e+14 4.730817e+33
2.841750e+14 4.831279e+33
2.863778e+14 4.933873e+33
2.885977e+14 5.038647e+33
2.908349e+14 5.145645e+33
2.930893e+14 5.254915e+33
