# epsilon [g/cm^3]   P [dyn/cm^2]
1.364583e+14 6.622308e+32
1.375161e+14 6.783468e+32
1.385821e+14 6.948551e+32
1.396563e+14 7.117650e+32
1.407389e+14 7.290865e+32
1.418299e+14 7.468296e+32
1.429293e+14 7.650044e+32
1.440372e+14 7.836215e+32
1.451538e+14 8.026917e+32
1.462789e+14 8.222260e+32
1.474129e+14 8.422356e+32
1.485556e+14 8.627323e+32
1.497071e+14 8.837277e+32
1.508676e+14 9.052341e+32
1.520371e+14 9.272638e+32
1.532156e+14 9.498297e+32
1.544033e+14 9.729447e+32
1.556002e+14 9.966223e+32
1.568063e+14 1.020876e+33
1.580219e+14 1.045720e+33
1.592468e+14 1.071169e+33
1.604812e+14 1.097237e+33
1.617252e+14 1.123939e+33
1.629789e+14 1.151291e+33
1.642422e+14 1.179309e+33
1.655154e+14 1.208008e+33
1.667984e+14 1.237407e+33
1.680914e+14 1.267520e+33
1.693944e+14 1.298366e+33
1.707075e+14 1.329963e+33
1.720307e+14 1.362329e+33
1.733643e+14 1.395483e+33
1.747081e+14 1.429443e+33
1.760624e+14 1.464230e+33
1.774272e+14 1.499864e+33
1.788026e+14 1.536364e+33
1.801886e+14 1.573753e+33
1.815854e+14 1.612052e+33
1.829929e+14 1.651283e+33
1.844114e+14 1.691468e+33
1.858409e+14 1.732632e+33
1.872815e+14 1.774797e+33
1.887333e+14 1.817989e+33
1.901963e+14 1.862231e+33
1.916706e+14 1.907550e+33
1.931564e+14 1.953973e+33
1.946537e+14 2.001524e+33
1.961626e+14 2.050233e+33
1.976832e+14 2.100128e+33
1.992155e+14 2.151236e+33
2.007598e+14 2.203589e+33
2.023160e+14 2.257215e+33
2.038843e+14 2.312147e+33
2.054648e+14 2.368415e+33
2.070575e+14 2.426053e+33
2.086625e+14 2.485093e+33
2.102800e+14 2.545570e+33
2.119100e+14 2.607519e+33
2.135527e+14 2.670976e+33
2.152081e+14 2.735977e+33
2.168763e+14 2.802559e+33
2.185575e+14 2.870762e+33
2.202517e+14 2.940625e+33
2.219590e+14 3.012188e+33
2.236795e+14 3.085493e+33
2.254134e+14 3.160581e+33
2.271608e+14 3.237497e+33
2.289217e+14 3.316284e+33
2.306962e+14 3.396989e+33
2.324845e+14 3.479658e+33
2.342866e+14 3.564339e+33
2.361027e+14 3.651081e+33
2.379329e+14 3.739934e+33
2.397773e+14 3.830949e+33
2.416360e+14 3.924178e+33
2.435091e+14 4.019677e+33
2.453967e+14 4.117500e+33
2.472989e+14 4.217703e+33
2.492159e+14 4.320345e+33
2.511478e+14 4.425485e+33
2.530946e+14 4.533183e+33
2.550565e+14 4.643503e+33
2.570336e+14 4.756507e+33
2.590260e+14 4.872261e+33
2.610339e+14 4.990832e+33
2.630574e+14 5.112289e+33
2.650965e+14 5.236702e+33
2.671515e+14 5.364142e+33
2.692224e+14 5.494683e+33
2.713093e+14 5.628402e+33
2.734124e+14 5.765374e+33
2.755318e+14 5.905680e+33
2.776676e+14 6.049401e+33
2.798200e+14 6.196619e+33
2.819891e+14 6.347420e+33
2.841750e+14 6.501890e+33
2.863778e+14 6.660120e+33
2.885977e+14 6.822201e+33
2.908349e+14 6.988226e+33
2.930893e+14 7.158291e+33
