# epsilon [g/cm^3]   P [dyn/cm^2]
1.364583e+14 6.577066e+32
1.375161e+14 6.721585e+32
1.385821e+14 6.869280e+32
1.396563e+14 7.020220e+32
1.407389e+14 7.174476e+32
1.418299e+14 7.332122e+32
1.429293e+14 7.493232e+32
1.440372e+14 7.657882e+32
1.451538e+14 7.826150e+32
1.462789e+14 7.998115e+32
1.474129e+14 8.173859e+32
1.485556e+14 8.353465e+32
1.497071e+14 8.537017e+32
1.508676e+14 8.724603e+32
1.520371e+14 8.916310e+32
1.532156e+14 9.112229e+32
1.544033e+14 9.312454e+32
1.556002e+14 9.517078e+32
1.568063e+14 9.726199e+32
1.580219e+14 9.939914e+32
1.592468e+14 1.015833e+33
1.604812e+14 1.038154e+33
1.617252e+14 1.060965e+33
1.629789e+14 1.084278e+33
1.642422e+14 1.108103e+33
1.655154e+14 1.132451e+33
1.667984e+14 1.157335e+33
1.680914e+14 1.182765e+33
1.693944e+14 1.208754e+33
1.707075e+14 1.235315e+33
1.720307e+14 1.262458e+33
1.733643e+14 1.290199e+33
1.747081e+14 1.318548e+33
1.760624e+14 1.347521e+33
1.774272e+14 1.377130e+33
1.788026e+14 1.407390e+33
1.801886e+14 1.438315e+33
1.815854e+14 1.469919e+33
1.829929e+14 1.502218e+33
1.844114e+14 1.535227e+33
1.858409e+14 1.568961e+33
1.872815e+14 1.603436e+33
1.887333e+14 1.638668e+33
1.901963e+14 1.674675e+33
1.916706e+14 1.711473e+33
1.931564e+14 1.749079e+33
1.946537e+14 1.787512e+33
1.961626e+14 1.826789e+33
1.976832e+14 1.866930e+33
1.992155e+14 1.907952e+33
2.007598e+14 1.949876e+33
2.023160e+14 1.992721e+33
2.038843e+14 2.036507e+33
2.054648e+14 2.081256e+33
2.070575e+14 2.126988e+33
2.086625e+14 2.173724e+33
2.102800e+14 2.221488e+33
2.119100e+14 2.270301e+33
2.135527e+14 2.320187e+33
2.152081e+14 2.371169e+33
2.168763e+14 2.423271e+33
2.185575e+14 2.476518e+33
2.202517e+14 2.530935e+33
2.219590e+14 2.586547e+33
2.236795e+14 2.643382e+33
2.254134e+14 2.701465e+33
2.271608e+14 2.760825e+33
2.289217e+14 2.821489e+33
2.306962e+14 2.883486e+33
2.324845e+14 2.946846e+33
2.342866e+14 3.011597e+33
2.361027e+14 3.077772e+33
2.379329e+14 3.145400e+33
2.397773e+14 3.214514e+33
2.416360e+14 3.285147e+33
2.435091e+14 3.357333e+33
2.453967e+14 3.431104e+33
2.472989e+14 3.506496e+33
2.492159e+14 3.583545e+33
2.511478e+14 3.662287e+33
2.530946e+14 3.742759e+33
2.550565e+14 3.824999e+33
2.570336e+14 3.909046e+33
2.590260e+14 3.994941e+33
2.610339e+14 4.082722e+33
2.630574e+14 4.172433e+33
2.650965e+14 4.264114e+33
2.671515e+14 4.357810e+33
2.692224e+14 4.453565e+33
2.713093e+14 4.551424e+33
2.734124e+14 4.651433e+33
2.755318e+14 4.753640e+33
2.776676e+14 4.858093e+33
2.798200e+14 4.964840e+33
2.819891e+14 5.073934e+33
2.841750e+14 5.185424e+33
2.863778e+14 5.299364e+33
2.885977e+14 5.415808e+33
2.908349e+14 5.534811e+33
2.930893e+14 5.656428e+33
