# epsilon [g/cm^3]   P [dyn/cm^2]
1.364583e+14 6.562748e+32
1.375161e+14 6.702030e+32
1.385821e+14 6.844268e+32
1.396563e+14 6.989525e+32
1.407389e+14 7.137864e+32
1.418299e+14 7.289352e+32
1.429293e+14 7.444055e+32
1.440372e+14 7.602041e+32
1.451538e+14 7.763380e+32
1.462789e+14 7.928143e+32
1.474129e+14 8.096403e+32
1.485556e+14 8.268234e+32
1.497071e+14 8.443712e+32
1.508676e+14 8.622914e+32
1.520371e+14 8.805919e+32
1.532156e+14 8.992809e+32
1.544033e+14 9.183664e+32
1.556002e+14 9.378570e+32
1.568063e+14 9.577613e+32
1.580219e+14 9.780880e+32
1.592468e+14 9.988461e+32
1.604812e+14 1.020045e+33
1.617252e+14 1.041693e+33
1.629789e+14 1.063801e+33
1.642422e+14 1.086378e+33
1.655154e+14 1.109435e+33
1.667984e+14 1.132980e+33
1.680914e+14 1.157026e+33
1.693944e+14 1.181582e+33
1.707075e+14 1.206658e+33
1.720307e+14 1.232267e+33
1.733643e+14 1.258420e+33
1.747081e+14 1.285128e+33
1.760624e+14 1.312402e+33
1.774272e+14 1.340255e+33
1.788026e+14 1.368700e+33
1.801886e+14 1.397748e+33
1.815854e+14 1.427412e+33
1.829929e+14 1.457707e+33
1.844114e+14 1.488644e+33
1.858409e+14 1.520237e+33
1.872815e+14 1.552502e+33
1.887333e+14 1.585451e+33
1.901963e+14 1.619099e+33
1.916706e+14 1.653461e+33
1.931564e+14 1.688553e+33
1.946537e+14 1.724389e+33
1.961626e+14 1.760986e+33
1.976832e+14 1.798360e+33
1.992155e+14 1.836527e+33
2.007598e+14 1.875503e+33
2.023160e+14 1.915307e+33
2.038843e+14 1.955956e+33
2.054648e+14 1.997468e+33
2.070575e+14 2.039860e+33
2.086625e+14 2.083152e+33
2.102800e+14 2.127364e+33
2.119100e+14 2.172513e+33
2.135527e+14 2.218620e+33
2.152081e+14 2.265706e+33
2.168763e+14 2.313792e+33
2.185575e+14 2.362898e+33
2.202517e+14 2.413046e+33
2.219590e+14 2.464258e+33
2.236795e+14 2.516557e+33
2.254134e+14 2.569967e+33
2.271608e+14 2.624509e+33
2.289217e+14 2.680210e+33
2.306962e+14 2.737092e+33
2.324845e+14 2.795182e+33
2.342866e+14 2.854504e+33
2.361027e+14 2.915086e+33
2.379329e+14 2.976953e+33
2.397773e+14 3.040133e+33
2.416360e+14 3.104655e+33
2.435091e+14 3.170545e+33
2.453967e+14 3.237834e+33
2.472989e+14 3.306551e+33
2.492159e+14 3.376726e+33
2.511478e+14 3.448391e+33
2.530946e+14 3.521577e+33
2.550565e+14 3.596315e+33
2.570336e+14 3.672641e+33
2.590260e+14 3.750585e+33
2.610339e+14 3.830185e+33
2.630574e+14 3.911473e+33
2.650965e+14 3.994487e+33
2.671515e+14 4.079262e+33
2.692224e+14 4.165837e+33
2.713093e+14 4.254249e+33
2.734124e+14 4.344538e+33
2.755318e+14 4.436742e+33
2.776676e+14 4.530904e+33
2.798200e+14 4.627064e+33
2.819891e+14 4.725265e+33
2.841750e+14 4.825550e+33
2.863778e+14 4.927963e+33
2.885977e+14 5.032550e+33
2.908349e+14 5.139356e+33
2.930893e+14 5.248429e+33
