# epsilon [g/cm^3]   P [dyn/cm^2]
1.364583e+14 6.547390e+32
1.375161e+14 6.681071e+32
1.385821e+14 6.817481e+32
1.396563e+14 6.956676e+32
1.407389e+14 7.098714e+32
1.418299e+14 7.243651e+32
1.429293e+14 7.391548e+32
1.440372e+14 7.542464e+32
1.451538e+14 7.696462e+32
1.462789e+14 7.853604e+32
1.474129e+14 8.013954e+32
1.485556e+14 8.177579e+32
1.497071e+14 8.344544e+32
1.508676e+14 8.514918e+32
1.520371e+14 8.688771e+32
1.532156e+14 8.866173e+32
1.544033e+14 9.047198e+32
1.556002e+14 9.231918e+32
1.568063e+14 9.420410e+32
1.580219e+14 9.612751e+32
1.592468e+14 9.809018e+32
1.604812e+14 1.000929e+33
1.617252e+14 1.021366e+33
1.629789e+14 1.042219e+33
1.642422e+14 1.063499e+33
1.655154e+14 1.085213e+33
1.667984e+14 1.107370e+33
1.680914e+14 1.129980e+33
1.693944e+14 1.153051e+33
1.707075e+14 1.176593e+33
1.720307e+14 1.200616e+33
1.733643e+14 1.225130e+33
1.747081e+14 1.250144e+33
1.760624e+14 1.275668e+33
1.774272e+14 1.301714e+33
1.788026e+14 1.328292e+33
1.801886e+14 1.355412e+33
1.815854e+14 1.383086e+33
1.829929e+14 1.411325e+33
1.844114e+14 1.440141e+33
1.858409e+14 1.469545e+33
1.872815e+14 1.499549e+33
1.887333e+14 1.530166e+33
1.901963e+14 1.561408e+33
1.916706e+14 1.593288e+33
1.931564e+14 1.625819e+33
1.946537e+14 1.659014e+33
1.961626e+14 1.692887e+33
1.976832e+14 1.727451e+33
1.992155e+14 1.762722e+33
2.007598e+14 1.798712e+33
2.023160e+14 1.835437e+33
2.038843e+14 1.872912e+33
2.054648e+14 1.911152e+33
2.070575e+14 1.950173e+33
2.086625e+14 1.989990e+33
2.102800e+14 2.030621e+33
2.119100e+14 2.072081e+33
2.135527e+14 2.114387e+33
2.152081e+14 2.157558e+33
2.168763e+14 2.201609e+33
2.185575e+14 2.246561e+33
2.202517e+14 2.292430e+33
2.219590e+14 2.339235e+33
2.236795e+14 2.386996e+33
2.254134e+14 2.435733e+33
2.271608e+14 2.485464e+33
2.289217e+14 2.536211e+33
2.306962e+14 2.587994e+33
2.324845e+14 2.640834e+33
2.342866e+14 2.694753e+33
2.361027e+14 2.749773e+33
2.379329e+14 2.805916e+33
2.397773e+14 2.863206e+33
2.416360e+14 2.921665e+33
2.435091e+14 2.981318e+33
2.453967e+14 3.042189e+33
2.472989e+14 3.104302e+33
2.492159e+14 3.167684e+33
2.511478e+14 3.232360e+33
2.530946e+14 3.298357e+33
2.550565e+14 3.365701e+33
2.570336e+14 3.434420e+33
2.590260e+14 3.504542e+33
2.610339e+14 3.576095e+33
2.630574e+14 3.649110e+33
2.650965e+14 3.723615e+33
2.671515e+14 3.799642e+33
2.692224e+14 3.877221e+33
2.713093e+14 3.956384e+33
2.734124e+14 4.037163e+33
2.755318e+14 4.119592e+33
2.776676e+14 4.203703e+33
2.798200e+14 4.289532e+33
2.819891e+14 4.377113e+33
2.841750e+14 4.466482e+33
2.863778e+14 4.557677e+33
2.885977e+14 4.650733e+33
2.908349e+14 4.745689e+33
2.930893e+14 4.842583e+33
