# epsilon [g/cm^3]   P [dyn/cm^2]
1.364583e+14 6.543419e+32
1.375161e+14 6.675654e+32
1.385821e+14 6.810562e+32
1.396563e+14 6.948196e+32
1.407389e+14 7.088611e+32
1.418299e+14 7.231865e+32
1.429293e+14 7.378013e+32
1.440372e+14 7.527114e+32
1.451538e+14 7.679229e+32
1.462789e+14 7.834418e+32
1.474129e+14 7.992743e+32
1.485556e+14 8.154268e+32
1.497071e+14 8.319056e+32
1.508676e+14 8.487175e+32
1.520371e+14 8.658692e+32
1.532156e+14 8.833675e+32
1.544033e+14 9.012194e+32
1.556002e+14 9.194320e+32
1.568063e+14 9.380128e+32
1.580219e+14 9.569690e+32
1.592468e+14 9.763083e+32
1.604812e+14 9.960384e+32
1.617252e+14 1.016167e+33
1.629789e+14 1.036703e+33
1.642422e+14 1.057654e+33
1.655154e+14 1.079028e+33
1.667984e+14 1.100834e+33
1.680914e+14 1.123080e+33
1.693944e+14 1.145776e+33
1.707075e+14 1.168931e+33
1.720307e+14 1.192554e+33
1.733643e+14 1.216654e+33
1.747081e+14 1.241242e+33
1.760624e+14 1.266326e+33
1.774272e+14 1.291917e+33
1.788026e+14 1.318025e+33
1.801886e+14 1.344661e+33
1.815854e+14 1.371835e+33
1.829929e+14 1.399558e+33
1.844114e+14 1.427842e+33
1.858409e+14 1.456697e+33
1.872815e+14 1.486135e+33
1.887333e+14 1.516168e+33
1.901963e+14 1.546809e+33
1.916706e+14 1.578068e+33
1.931564e+14 1.609959e+33
1.946537e+14 1.642494e+33
1.961626e+14 1.675687e+33
1.976832e+14 1.709551e+33
1.992155e+14 1.744099e+33
2.007598e+14 1.779346e+33
2.023160e+14 1.815304e+33
2.038843e+14 1.851990e+33
2.054648e+14 1.889416e+33
2.070575e+14 1.927599e+33
2.086625e+14 1.966554e+33
2.102800e+14 2.006296e+33
2.119100e+14 2.046841e+33
2.135527e+14 2.088206e+33
2.152081e+14 2.130406e+33
2.168763e+14 2.173459e+33
2.185575e+14 2.217382e+33
2.202517e+14 2.262193e+33
2.219590e+14 2.307910e+33
2.236795e+14 2.354550e+33
2.254134e+14 2.402133e+33
2.271608e+14 2.450677e+33
2.289217e+14 2.500203e+33
2.306962e+14 2.550729e+33
2.324845e+14 2.602277e+33
2.342866e+14 2.654866e+33
2.361027e+14 2.708518e+33
2.379329e+14 2.763254e+33
2.397773e+14 2.819096e+33
2.416360e+14 2.876067e+33
2.435091e+14 2.934189e+33
2.453967e+14 2.993486e+33
2.472989e+14 3.053981e+33
2.492159e+14 3.115699e+33
2.511478e+14 3.178664e+33
2.530946e+14 3.242901e+33
2.550565e+14 3.308437e+33
2.570336e+14 3.375297e+33
2.590260e+14 3.443508e+33
2.610339e+14 3.513097e+33
2.630574e+14 3.584093e+33
2.650965e+14 3.656524e+33
2.671515e+14 3.730418e+33
2.692224e+14 3.805806e+33
2.713093e+14 3.882717e+33
2.734124e+14 3.961182e+33
2.755318e+14 4.041233e+33
2.776676e+14 4.122902e+33
2.798200e+14 4.206222e+33
2.819891e+14 4.291225e+33
2.841750e+14 4.377946e+33
2.863778e+14 4.466419e+33
2.885977e+14 4.556681e+33
2.908349e+14 4.648766e+33
2.930893e+14 4.742713e+33
