# epsilon [g/cm^3]   P [dyn/cm^2]
1.364583e+14 6.528924e+32
1.375161e+14 6.655892e+32
1.385821e+14 6.785330e+32
1.396563e+14 6.917284e+32
1.407389e+14 7.051805e+32
1.418299e+14 7.188941e+32
1.429293e+14 7.328745e+32
1.440372e+14 7.471267e+32
1.451538e+14 7.616561e+32
1.462789e+14 7.764681e+32
1.474129e+14 7.915681e+32
1.485556e+14 8.069617e+32
1.497071e+14 8.226547e+32
1.508676e+14 8.386529e+32
1.520371e+14 8.549622e+32
1.532156e+14 8.715887e+32
1.544033e+14 8.885385e+32
1.556002e+14 9.058180e+32
1.568063e+14 9.234334e+32
1.580219e+14 9.413915e+32
1.592468e+14 9.596987e+32
1.604812e+14 9.783620e+32
1.617252e+14 9.973883e+32
1.629789e+14 1.016785e+33
1.642422e+14 1.036558e+33
1.655154e+14 1.056716e+33
1.667984e+14 1.077266e+33
1.680914e+14 1.098216e+33
1.693944e+14 1.119573e+33
1.707075e+14 1.141345e+33
1.720307e+14 1.163541e+33
1.733643e+14 1.186168e+33
1.747081e+14 1.209236e+33
1.760624e+14 1.232752e+33
1.774272e+14 1.256725e+33
1.788026e+14 1.281165e+33
1.801886e+14 1.306079e+33
1.815854e+14 1.331479e+33
1.829929e+14 1.357372e+33
1.844114e+14 1.383769e+33
1.858409e+14 1.410679e+33
1.872815e+14 1.438113e+33
1.887333e+14 1.466080e+33
1.901963e+14 1.494591e+33
1.916706e+14 1.523656e+33
1.931564e+14 1.553287e+33
1.946537e+14 1.583493e+33
1.961626e+14 1.614288e+33
1.976832e+14 1.645681e+33
1.992155e+14 1.677684e+33
2.007598e+14 1.710310e+33
2.023160e+14 1.743571e+33
2.038843e+14 1.777478e+33
2.054648e+14 1.812045e+33
2.070575e+14 1.847284e+33
2.086625e+14 1.883208e+33
2.102800e+14 1.919831e+33
2.119100e+14 1.957166e+33
2.135527e+14 1.995227e+33
2.152081e+14 2.034028e+33
2.168763e+14 2.073584e+33
2.185575e+14 2.113909e+33
2.202517e+14 2.155018e+33
2.219590e+14 2.196927e+33
2.236795e+14 2.239650e+33
2.254134e+14 2.283205e+33
2.271608e+14 2.327606e+33
2.289217e+14 2.372871e+33
2.306962e+14 2.419017e+33
2.324845e+14 2.466059e+33
2.342866e+14 2.514017e+33
2.361027e+14 2.562907e+33
2.379329e+14 2.612748e+33
2.397773e+14 2.663558e+33
2.416360e+14 2.715357e+33
2.435091e+14 2.768162e+33
2.453967e+14 2.821995e+33
2.472989e+14 2.876874e+33
2.492159e+14 2.932821e+33
2.511478e+14 2.989856e+33
2.530946e+14 3.047999e+33
2.550565e+14 3.107274e+33
2.570336e+14 3.167701e+33
2.590260e+14 3.229304e+33
2.610339e+14 3.292104e+33
2.630574e+14 3.356126e+33
2.650965e+14 3.421392e+33
2.671515e+14 3.487928e+33
2.692224e+14 3.555758e+33
2.713093e+14 3.624907e+33
2.734124e+14 3.695401e+33
2.755318e+14 3.767265e+33
2.776676e+14 3.840527e+33
2.798200e+14 3.915214e+33
2.819891e+14 3.991353e+33
2.841750e+14 4.068973e+33
2.863778e+14 4.148103e+33
2.885977e+14 4.228771e+33
2.908349e+14 4.311008e+33
2.930893e+14 4.394845e+33
