# epsilon [g/cm^3]   P [dyn/cm^2]
1.364583e+14 6.446208e+32
1.375161e+14 6.543403e+32
1.385821e+14 6.642062e+32
1.396563e+14 6.742210e+32
1.407389e+14 6.843867e+32
1.418299e+14 6.947057e+32
1.429293e+14 7.051803e+32
1.440372e+14 7.158128e+32
1.451538e+14 7.266057e+32
1.462789e+14 7.375612e+32
1.474129e+14 7.486820e+32
1.485556e+14 7.599704e+32
1.497071e+14 7.714291e+32
1.508676e+14 7.830605e+32
1.520371e+14 7.948673e+32
1.532156e+14 8.068521e+32
1.544033e+14 8.190176e+32
1.556002e+14 8.313665e+32
1.568063e+14 8.439016e+32
1.580219e+14 8.566258e+32
1.592468e+14 8.695417e+32
1.604812e+14 8.826525e+32
1.617252e+14 8.959609e+32
1.629789e+14 9.094699e+32
1.642422e+14 9.231827e+32
1.655154e+14 9.371022e+32
1.667984e+14 9.512316e+32
1.680914e+14 9.655740e+32
1.693944e+14 9.801327e+32
1.707075e+14 9.949109e+32
1.720307e+14 1.009912e+33
1.733643e+14 1.025139e+33
1.747081e+14 1.040596e+33
1.760624e+14 1.056286e+33
1.774272e+14 1.072212e+33
1.788026e+14 1.088379e+33
1.801886e+14 1.104789e+33
1.815854e+14 1.121447e+33
1.829929e+14 1.138356e+33
1.844114e+14 1.155519e+33
1.858409e+14 1.172942e+33
1.872815e+14 1.190627e+33
1.887333e+14 1.208579e+33
1.901963e+14 1.226802e+33
1.916706e+14 1.245299e+33
1.931564e+14 1.264076e+33
1.946537e+14 1.283135e+33
1.961626e+14 1.302482e+33
1.976832e+14 1.322120e+33
1.992155e+14 1.342055e+33
2.007598e+14 1.362290e+33
2.023160e+14 1.382830e+33
2.038843e+14 1.403680e+33
2.054648e+14 1.424845e+33
2.070575e+14 1.446328e+33
2.086625e+14 1.468135e+33
2.102800e+14 1.490272e+33
2.119100e+14 1.512741e+33
2.135527e+14 1.535550e+33
2.152081e+14 1.558703e+33
2.168763e+14 1.582205e+33
2.185575e+14 1.606061e+33
2.202517e+14 1.630276e+33
2.219590e+14 1.654857e+33
2.236795e+14 1.679809e+33
2.254134e+14 1.705136e+33
2.271608e+14 1.730846e+33
2.289217e+14 1.756943e+33
2.306962e+14 1.783434e+33
2.324845e+14 1.810324e+33
2.342866e+14 1.837620e+33
2.361027e+14 1.865327e+33
2.379329e+14 1.893452e+33
2.397773e+14 1.922001e+33
2.416360e+14 1.950980e+33
2.435091e+14 1.980397e+33
2.453967e+14 2.010257e+33
2.472989e+14 2.040567e+33
2.492159e+14 2.071334e+33
2.511478e+14 2.102565e+33
2.530946e+14 2.134267e+33
2.550565e+14 2.166447e+33
2.570336e+14 2.199112e+33
2.590260e+14 2.232269e+33
2.610339e+14 2.265927e+33
2.630574e+14 2.300092e+33
2.650965e+14 2.334772e+33
2.671515e+14 2.369975e+33
2.692224e+14 2.405709e+33
2.713093e+14 2.441982e+33
2.734124e+14 2.478802e+33
2.755318e+14 2.516176e+33
2.776676e+14 2.554115e+33
2.798200e+14 2.592625e+33
2.819891e+14 2.631716e+33
2.841750e+14 2.671396e+33
2.863778e+14 2.711675e+33
2.885977e+14 2.752561e+33
2.908349e+14 2.794063e+33
2.930893e+14 2.836191e+33
