# epsilon [g/cm^3]   P [dyn/cm^2]
1.364583e+14 6.493908e+32
1.375161e+14 6.608213e+32
1.385821e+14 6.724530e+32
1.396563e+14 6.842895e+32
1.407389e+14 6.963343e+32
1.418299e+14 7.085911e+32
1.429293e+14 7.210636e+32
1.440372e+14 7.337557e+32
1.451538e+14 7.466712e+32
1.462789e+14 7.598140e+32
1.474129e+14 7.731882e+32
1.485556e+14 7.867977e+32
1.497071e+14 8.006469e+32
1.508676e+14 8.147398e+32
1.520371e+14 8.290807e+32
1.532156e+14 8.436741e+32
1.544033e+14 8.585244e+32
1.556002e+14 8.736360e+32
1.568063e+14 8.890137e+32
1.580219e+14 9.046620e+32
1.592468e+14 9.205858e+32
1.604812e+14 9.367898e+32
1.617252e+14 9.532791e+32
1.629789e+14 9.700586e+32
1.642422e+14 9.871335e+32
1.655154e+14 1.004509e+33
1.667984e+14 1.022190e+33
1.680914e+14 1.040183e+33
1.693944e+14 1.058492e+33
1.707075e+14 1.077123e+33
1.720307e+14 1.096083e+33
1.733643e+14 1.115376e+33
1.747081e+14 1.135009e+33
1.760624e+14 1.154987e+33
1.774272e+14 1.175317e+33
1.788026e+14 1.196005e+33
1.801886e+14 1.217057e+33
1.815854e+14 1.238479e+33
1.829929e+14 1.260279e+33
1.844114e+14 1.282462e+33
1.858409e+14 1.305036e+33
1.872815e+14 1.328007e+33
1.887333e+14 1.351382e+33
1.901963e+14 1.375169e+33
1.916706e+14 1.399375e+33
1.931564e+14 1.424006e+33
1.946537e+14 1.449071e+33
1.961626e+14 1.474578e+33
1.976832e+14 1.500533e+33
1.992155e+14 1.526945e+33
2.007598e+14 1.553823e+33
2.023160e+14 1.581173e+33
2.038843e+14 1.609004e+33
2.054648e+14 1.637326e+33
2.070575e+14 1.666146e+33
2.086625e+14 1.695473e+33
2.102800e+14 1.725317e+33
2.119100e+14 1.755686e+33
2.135527e+14 1.786589e+33
2.152081e+14 1.818036e+33
2.168763e+14 1.850037e+33
2.185575e+14 1.882601e+33
2.202517e+14 1.915739e+33
2.219590e+14 1.949459e+33
2.236795e+14 1.983774e+33
2.254134e+14 2.018692e+33
2.271608e+14 2.054225e+33
2.289217e+14 2.090383e+33
2.306962e+14 2.127178e+33
2.324845e+14 2.164620e+33
2.342866e+14 2.202721e+33
2.361027e+14 2.241493e+33
2.379329e+14 2.280948e+33
2.397773e+14 2.321097e+33
2.416360e+14 2.361953e+33
2.435091e+14 2.403527e+33
2.453967e+14 2.445834e+33
2.472989e+14 2.488885e+33
2.492159e+14 2.532694e+33
2.511478e+14 2.577275e+33
2.530946e+14 2.622640e+33
2.550565e+14 2.668803e+33
2.570336e+14 2.715779e+33
2.590260e+14 2.763582e+33
2.610339e+14 2.812226e+33
2.630574e+14 2.861727e+33
2.650965e+14 2.912098e+33
2.671515e+14 2.963357e+33
2.692224e+14 3.015517e+33
2.713093e+14 3.068596e+33
2.734124e+14 3.122609e+33
2.755318e+14 3.177573e+33
2.776676e+14 3.233505e+33
2.798200e+14 3.290420e+33
2.819891e+14 3.348338e+33
2.841750e+14 3.407275e+33
2.863778e+14 3.467249e+33
2.885977e+14 3.528280e+33
2.908349e+14 3.590384e+33
2.930893e+14 3.653582e+33
