# epsilon [g/cm^3]   P [dyn/cm^2]
1.364583e+14 6.490415e+32
1.375161e+14 6.603462e+32
1.385821e+14 6.718477e+32
1.396563e+14 6.835496e+32
1.407389e+14 6.954553e+32
1.418299e+14 7.075684e+32
1.429293e+14 7.198924e+32
1.440372e+14 7.324311e+32
1.451538e+14 7.451882e+32
1.462789e+14 7.581675e+32
1.474129e+14 7.713729e+32
1.485556e+14 7.848083e+32
1.497071e+14 7.984776e+32
1.508676e+14 8.123851e+32
1.520371e+14 8.265348e+32
1.532156e+14 8.409309e+32
1.544033e+14 8.555778e+32
1.556002e+14 8.704798e+32
1.568063e+14 8.856414e+32
1.580219e+14 9.010670e+32
1.592468e+14 9.167613e+32
1.604812e+14 9.327290e+32
1.617252e+14 9.489747e+32
1.629789e+14 9.655035e+32
1.642422e+14 9.823201e+32
1.655154e+14 9.994296e+32
1.667984e+14 1.016837e+33
1.680914e+14 1.034548e+33
1.693944e+14 1.052567e+33
1.707075e+14 1.070900e+33
1.720307e+14 1.089553e+33
1.733643e+14 1.108530e+33
1.747081e+14 1.127838e+33
1.760624e+14 1.147482e+33
1.774272e+14 1.167468e+33
1.788026e+14 1.187802e+33
1.801886e+14 1.208491e+33
1.815854e+14 1.229540e+33
1.829929e+14 1.250955e+33
1.844114e+14 1.272744e+33
1.858409e+14 1.294911e+33
1.872815e+14 1.317466e+33
1.887333e+14 1.340412e+33
1.901963e+14 1.363759e+33
1.916706e+14 1.387512e+33
1.931564e+14 1.411679e+33
1.946537e+14 1.436267e+33
1.961626e+14 1.461283e+33
1.976832e+14 1.486735e+33
1.992155e+14 1.512630e+33
2.007598e+14 1.538976e+33
2.023160e+14 1.565782e+33
2.038843e+14 1.593053e+33
2.054648e+14 1.620800e+33
2.070575e+14 1.649031e+33
2.086625e+14 1.677753e+33
2.102800e+14 1.706975e+33
2.119100e+14 1.736706e+33
2.135527e+14 1.766955e+33
2.152081e+14 1.797731e+33
2.168763e+14 1.829043e+33
2.185575e+14 1.860900e+33
2.202517e+14 1.893312e+33
2.219590e+14 1.926289e+33
2.236795e+14 1.959840e+33
2.254134e+14 1.993976e+33
2.271608e+14 2.028706e+33
2.289217e+14 2.064040e+33
2.306962e+14 2.099991e+33
2.324845e+14 2.136567e+33
2.342866e+14 2.173781e+33
2.361027e+14 2.211643e+33
2.379329e+14 2.250164e+33
2.397773e+14 2.289356e+33
2.416360e+14 2.329231e+33
2.435091e+14 2.369800e+33
2.453967e+14 2.411076e+33
2.472989e+14 2.453071e+33
2.492159e+14 2.495797e+33
2.511478e+14 2.539268e+33
2.530946e+14 2.583495e+33
2.550565e+14 2.628493e+33
2.570336e+14 2.674275e+33
2.590260e+14 2.720854e+33
2.610339e+14 2.768244e+33
2.630574e+14 2.816460e+33
2.650965e+14 2.865516e+33
2.671515e+14 2.915426e+33
2.692224e+14 2.966205e+33
2.713093e+14 3.017869e+33
2.734124e+14 3.070433e+33
2.755318e+14 3.123912e+33
2.776676e+14 3.178323e+33
2.798200e+14 3.233681e+33
2.819891e+14 3.290003e+33
2.841750e+14 3.347307e+33
2.863778e+14 3.405609e+33
2.885977e+14 3.464926e+33
2.908349e+14 3.525276e+33
2.930893e+14 3.586677e+33
