# epsilon [g/cm^3]   P [dyn/cm^2]
1.364583e+14 6.439814e+32
1.375161e+14 6.534727e+32
1.385821e+14 6.631038e+32
1.396563e+14 6.728769e+32
1.407389e+14 6.827941e+32
1.418299e+14 6.928574e+32
1.429293e+14 7.030690e+32
1.440372e+14 7.134312e+32
1.451538e+14 7.239460e+32
1.462789e+14 7.346158e+32
1.474129e+14 7.454429e+32
1.485556e+14 7.564296e+32
1.497071e+14 7.675782e+32
1.508676e+14 7.788911e+32
1.520371e+14 7.903707e+32
1.532156e+14 8.020195e+32
1.544033e+14 8.138400e+32
1.556002e+14 8.258347e+32
1.568063e+14 8.380062e+32
1.580219e+14 8.503571e+32
1.592468e+14 8.628901e+32
1.604812e+14 8.756077e+32
1.617252e+14 8.885128e+32
1.629789e+14 9.016081e+32
1.642422e+14 9.148964e+32
1.655154e+14 9.283805e+32
1.667984e+14 9.420634e+32
1.680914e+14 9.559479e+32
1.693944e+14 9.700371e+32
1.707075e+14 9.843339e+32
1.720307e+14 9.988414e+32
1.733643e+14 1.013563e+33
1.747081e+14 1.028501e+33
1.760624e+14 1.043660e+33
1.774272e+14 1.059041e+33
1.788026e+14 1.074650e+33
1.801886e+14 1.090489e+33
1.815854e+14 1.106561e+33
1.829929e+14 1.122870e+33
1.844114e+14 1.139419e+33
1.858409e+14 1.156212e+33
1.872815e+14 1.173253e+33
1.887333e+14 1.190545e+33
1.901963e+14 1.208092e+33
1.916706e+14 1.225897e+33
1.931564e+14 1.243965e+33
1.946537e+14 1.262299e+33
1.961626e+14 1.280903e+33
1.976832e+14 1.299782e+33
1.992155e+14 1.318939e+33
2.007598e+14 1.338378e+33
2.023160e+14 1.358103e+33
2.038843e+14 1.378120e+33
2.054648e+14 1.398431e+33
2.070575e+14 1.419042e+33
2.086625e+14 1.439956e+33
2.102800e+14 1.461179e+33
2.119100e+14 1.482714e+33
2.135527e+14 1.504567e+33
2.152081e+14 1.526742e+33
2.168763e+14 1.549244e+33
2.185575e+14 1.572077e+33
2.202517e+14 1.595247e+33
2.219590e+14 1.618759e+33
2.236795e+14 1.642617e+33
2.254134e+14 1.666826e+33
2.271608e+14 1.691393e+33
2.289217e+14 1.716321e+33
2.306962e+14 1.741617e+33
2.324845e+14 1.767286e+33
2.342866e+14 1.793333e+33
2.361027e+14 1.819763e+33
2.379329e+14 1.846584e+33
2.397773e+14 1.873800e+33
2.416360e+14 1.901417e+33
2.435091e+14 1.929440e+33
2.453967e+14 1.957877e+33
2.472989e+14 1.986733e+33
2.492159e+14 2.016015e+33
2.511478e+14 2.045728e+33
2.530946e+14 2.075878e+33
2.550565e+14 2.106474e+33
2.570336e+14 2.137520e+33
2.590260e+14 2.169023e+33
2.610339e+14 2.200991e+33
2.630574e+14 2.233431e+33
2.650965e+14 2.266348e+33
2.671515e+14 2.299750e+33
2.692224e+14 2.333645e+33
2.713093e+14 2.368039e+33
2.734124e+14 2.402940e+33
2.755318e+14 2.438356e+33
2.776676e+14 2.474293e+33
2.798200e+14 2.510761e+33
2.819891e+14 2.547765e+33
2.841750e+14 2.585315e+33
2.863778e+14 2.623419e+33
2.885977e+14 2.662084e+33
2.908349e+14 2.701319e+33
2.930893e+14 2.741132e+33
