# epsilon [g/cm^3]   P [dyn/cm^2]
1.364583e+14 6.500343e+32
1.375161e+14 6.616969e+32
1.385821e+14 6.735687e+32
1.396563e+14 6.856535e+32
1.407389e+14 6.979551e+32
1.418299e+14 7.104775e+32
1.429293e+14 7.232245e+32
1.440372e+14 7.362002e+32
1.451538e+14 7.494087e+32
1.462789e+14 7.628542e+32
1.474129e+14 7.765409e+32
1.485556e+14 7.904732e+32
1.497071e+14 8.046555e+32
1.508676e+14 8.190922e+32
1.520371e+14 8.337879e+32
1.532156e+14 8.487473e+32
1.544033e+14 8.639750e+32
1.556002e+14 8.794760e+32
1.568063e+14 8.952551e+32
1.580219e+14 9.113173e+32
1.592468e+14 9.276677e+32
1.604812e+14 9.443114e+32
1.617252e+14 9.612537e+32
1.629789e+14 9.785000e+32
1.642422e+14 9.960558e+32
1.655154e+14 1.013926e+33
1.667984e+14 1.032118e+33
1.680914e+14 1.050636e+33
1.693944e+14 1.069485e+33
1.707075e+14 1.088674e+33
1.720307e+14 1.108206e+33
1.733643e+14 1.128089e+33
1.747081e+14 1.148328e+33
1.760624e+14 1.168931e+33
1.774272e+14 1.189903e+33
1.788026e+14 1.211252e+33
1.801886e+14 1.232984e+33
1.815854e+14 1.255105e+33
1.829929e+14 1.277624e+33
1.844114e+14 1.300546e+33
1.858409e+14 1.323880e+33
1.872815e+14 1.347632e+33
1.887333e+14 1.371811e+33
1.901963e+14 1.396423e+33
1.916706e+14 1.421477e+33
1.931564e+14 1.446980e+33
1.946537e+14 1.472941e+33
1.961626e+14 1.499368e+33
1.976832e+14 1.526269e+33
1.992155e+14 1.553652e+33
2.007598e+14 1.581527e+33
2.023160e+14 1.609902e+33
2.038843e+14 1.638786e+33
2.054648e+14 1.668188e+33
2.070575e+14 1.698118e+33
2.086625e+14 1.728585e+33
2.102800e+14 1.759598e+33
2.119100e+14 1.791168e+33
2.135527e+14 1.823304e+33
2.152081e+14 1.856017e+33
2.168763e+14 1.889316e+33
2.185575e+14 1.923214e+33
2.202517e+14 1.957719e+33
2.219590e+14 1.992843e+33
2.236795e+14 2.028598e+33
2.254134e+14 2.064994e+33
2.271608e+14 2.102043e+33
2.289217e+14 2.139757e+33
2.306962e+14 2.178147e+33
2.324845e+14 2.217226e+33
2.342866e+14 2.257006e+33
2.361027e+14 2.297500e+33
2.379329e+14 2.338721e+33
2.397773e+14 2.380681e+33
2.416360e+14 2.423394e+33
2.435091e+14 2.466873e+33
2.453967e+14 2.511133e+33
2.472989e+14 2.556186e+33
2.492159e+14 2.602048e+33
2.511478e+14 2.648732e+33
2.530946e+14 2.696254e+33
2.550565e+14 2.744629e+33
2.570336e+14 2.793872e+33
2.590260e+14 2.843998e+33
2.610339e+14 2.895024e+33
2.630574e+14 2.946964e+33
2.650965e+14 2.999837e+33
2.671515e+14 3.053659e+33
2.692224e+14 3.108446e+33
2.713093e+14 3.164216e+33
2.734124e+14 3.220987e+33
2.755318e+14 3.278776e+33
2.776676e+14 3.337602e+33
2.798200e+14 3.397484e+33
2.819891e+14 3.458439e+33
2.841750e+14 3.520489e+33
2.863778e+14 3.583652e+33
2.885977e+14 3.647948e+33
2.908349e+14 3.713397e+33
2.930893e+14 3.780021e+33
