# epsilon [g/cm^3]   P [dyn/cm^2]
1.364583e+14 6.455181e+32
1.375161e+14 6.555582e+32
1.385821e+14 6.657544e+32
1.396563e+14 6.761092e+32
1.407389e+14 6.866251e+32
1.418299e+14 6.973045e+32
1.429293e+14 7.081500e+32
1.440372e+14 7.191642e+32
1.451538e+14 7.303497e+32
1.462789e+14 7.417092e+32
1.474129e+14 7.532454e+32
1.485556e+14 7.649610e+32
1.497071e+14 7.768588e+32
1.508676e+14 7.889417e+32
1.520371e+14 8.012125e+32
1.532156e+14 8.136741e+32
1.544033e+14 8.263296e+32
1.556002e+14 8.391819e+32
1.568063e+14 8.522341e+32
1.580219e+14 8.654894e+32
1.592468e+14 8.789508e+32
1.604812e+14 8.926215e+32
1.617252e+14 9.065049e+32
1.629789e+14 9.206042e+32
1.642422e+14 9.349228e+32
1.655154e+14 9.494642e+32
1.667984e+14 9.642316e+32
1.680914e+14 9.792288e+32
1.693944e+14 9.944592e+32
1.707075e+14 1.009927e+33
1.720307e+14 1.025634e+33
1.733643e+14 1.041587e+33
1.747081e+14 1.057787e+33
1.760624e+14 1.074239e+33
1.774272e+14 1.090947e+33
1.788026e+14 1.107915e+33
1.801886e+14 1.125147e+33
1.815854e+14 1.142647e+33
1.829929e+14 1.160420e+33
1.844114e+14 1.178468e+33
1.858409e+14 1.196797e+33
1.872815e+14 1.215412e+33
1.887333e+14 1.234316e+33
1.901963e+14 1.253514e+33
1.916706e+14 1.273010e+33
1.931564e+14 1.292810e+33
1.946537e+14 1.312918e+33
1.961626e+14 1.333338e+33
1.976832e+14 1.354076e+33
1.992155e+14 1.375137e+33
2.007598e+14 1.396525e+33
2.023160e+14 1.418246e+33
2.038843e+14 1.440305e+33
2.054648e+14 1.462706e+33
2.070575e+14 1.485457e+33
2.086625e+14 1.508561e+33
2.102800e+14 1.532024e+33
2.119100e+14 1.555852e+33
2.135527e+14 1.580051e+33
2.152081e+14 1.604627e+33
2.168763e+14 1.629584e+33
2.185575e+14 1.654930e+33
2.202517e+14 1.680670e+33
2.219590e+14 1.706810e+33
2.236795e+14 1.733357e+33
2.254134e+14 1.760317e+33
2.271608e+14 1.787696e+33
2.289217e+14 1.815501e+33
2.306962e+14 1.843738e+33
2.324845e+14 1.872415e+33
2.342866e+14 1.901537e+33
2.361027e+14 1.931113e+33
2.379329e+14 1.961148e+33
2.397773e+14 1.991651e+33
2.416360e+14 2.022628e+33
2.435091e+14 2.054087e+33
2.453967e+14 2.086035e+33
2.472989e+14 2.118481e+33
2.492159e+14 2.151430e+33
2.511478e+14 2.184893e+33
2.530946e+14 2.218875e+33
2.550565e+14 2.253387e+33
2.570336e+14 2.288435e+33
2.590260e+14 2.324028e+33
2.610339e+14 2.360175e+33
2.630574e+14 2.396883e+33
2.650965e+14 2.434163e+33
2.671515e+14 2.472023e+33
2.692224e+14 2.510472e+33
2.713093e+14 2.549518e+33
2.734124e+14 2.589172e+33
2.755318e+14 2.629443e+33
2.776676e+14 2.670340e+33
2.798200e+14 2.711873e+33
2.819891e+14 2.754052e+33
2.841750e+14 2.796887e+33
2.863778e+14 2.840389e+33
2.885977e+14 2.884567e+33
2.908349e+14 2.929432e+33
2.930893e+14 2.974995e+33
