# epsilon [g/cm^3]   P [dyn/cm^2]
1.364583e+14 6.635765e+32
1.375161e+14 6.801902e+32
1.385821e+14 6.972199e+32
1.396563e+14 7.146760e+32
1.407389e+14 7.325691e+32
1.418299e+14 7.509102e+32
1.429293e+14 7.697105e+32
1.440372e+14 7.889815e+32
1.451538e+14 8.087350e+32
1.462789e+14 8.289830e+32
1.474129e+14 8.497380e+32
1.485556e+14 8.710126e+32
1.497071e+14 8.928199e+32
1.508676e+14 9.151732e+32
1.520371e+14 9.380861e+32
1.532156e+14 9.615726e+32
1.544033e+14 9.856472e+32
1.556002e+14 1.010325e+33
1.568063e+14 1.035620e+33
1.580219e+14 1.061548e+33
1.592468e+14 1.088126e+33
1.604812e+14 1.115369e+33
1.617252e+14 1.143294e+33
1.629789e+14 1.171918e+33
1.642422e+14 1.201259e+33
1.655154e+14 1.231335e+33
1.667984e+14 1.262163e+33
1.680914e+14 1.293764e+33
1.693944e+14 1.326155e+33
1.707075e+14 1.359358e+33
1.720307e+14 1.393392e+33
1.733643e+14 1.428278e+33
1.747081e+14 1.464037e+33
1.760624e+14 1.500692e+33
1.774272e+14 1.538264e+33
1.788026e+14 1.576777e+33
1.801886e+14 1.616254e+33
1.815854e+14 1.656720e+33
1.829929e+14 1.698199e+33
1.844114e+14 1.740716e+33
1.858409e+14 1.784298e+33
1.872815e+14 1.828970e+33
1.887333e+14 1.874762e+33
1.901963e+14 1.921700e+33
1.916706e+14 1.969813e+33
1.931564e+14 2.019130e+33
1.946537e+14 2.069683e+33
1.961626e+14 2.121501e+33
1.976832e+14 2.174616e+33
1.992155e+14 2.229061e+33
2.007598e+14 2.284869e+33
2.023160e+14 2.342075e+33
2.038843e+14 2.400713e+33
2.054648e+14 2.460819e+33
2.070575e+14 2.522429e+33
2.086625e+14 2.585583e+33
2.102800e+14 2.650317e+33
2.119100e+14 2.716672e+33
2.135527e+14 2.784689e+33
2.152081e+14 2.854408e+33
2.168763e+14 2.925873e+33
2.185575e+14 2.999127e+33
2.202517e+14 3.074215e+33
2.219590e+14 3.151183e+33
2.236795e+14 3.230079e+33
2.254134e+14 3.310949e+33
2.271608e+14 3.393844e+33
2.289217e+14 3.478815e+33
2.306962e+14 3.565913e+33
2.324845e+14 3.655191e+33
2.342866e+14 3.746705e+33
2.361027e+14 3.840510e+33
2.379329e+14 3.936664e+33
2.397773e+14 4.035225e+33
2.416360e+14 4.136254e+33
2.435091e+14 4.239812e+33
2.453967e+14 4.345963e+33
2.472989e+14 4.454771e+33
2.492159e+14 4.566304e+33
2.511478e+14 4.680629e+33
2.530946e+14 4.797816e+33
2.550565e+14 4.917938e+33
2.570336e+14 5.041067e+33
2.590260e+14 5.167278e+33
2.610339e+14 5.296650e+33
2.630574e+14 5.429260e+33
2.650965e+14 5.565191e+33
2.671515e+14 5.704525e+33
2.692224e+14 5.847347e+33
2.713093e+14 5.993745e+33
2.734124e+14 6.143809e+33
2.755318e+14 6.297629e+33
2.776676e+14 6.455301e+33
2.798200e+14 6.616921e+33
2.819891e+14 6.782586e+33
2.841750e+14 6.952400e+33
2.863778e+14 7.126465e+33
2.885977e+14 7.304888e+33
2.908349e+14 7.487778e+33
2.930893e+14 7.675247e+33
