# epsilon [g/cm^3]   P [dyn/cm^2]
1.364583e+14 6.502800e+32
1.375161e+14 6.620313e+32
1.385821e+14 6.739949e+32
1.396563e+14 6.861747e+32
1.407389e+14 6.985746e+32
1.418299e+14 7.111986e+32
1.429293e+14 7.240508e+32
1.440372e+14 7.371351e+32
1.451538e+14 7.504560e+32
1.462789e+14 7.640175e+32
1.474129e+14 7.778241e+32
1.485556e+14 7.918802e+32
1.497071e+14 8.061904e+32
1.508676e+14 8.207591e+32
1.520371e+14 8.355911e+32
1.532156e+14 8.506911e+32
1.544033e+14 8.660640e+32
1.556002e+14 8.817148e+32
1.568063e+14 8.976483e+32
1.580219e+14 9.138698e+32
1.592468e+14 9.303844e+32
1.604812e+14 9.471974e+32
1.617252e+14 9.643143e+32
1.629789e+14 9.817405e+32
1.642422e+14 9.994816e+32
1.655154e+14 1.017543e+33
1.667984e+14 1.035931e+33
1.680914e+14 1.054652e+33
1.693944e+14 1.073711e+33
1.707075e+14 1.093114e+33
1.720307e+14 1.112867e+33
1.733643e+14 1.132978e+33
1.747081e+14 1.153452e+33
1.760624e+14 1.174296e+33
1.774272e+14 1.195517e+33
1.788026e+14 1.217121e+33
1.801886e+14 1.239116e+33
1.815854e+14 1.261508e+33
1.829929e+14 1.284305e+33
1.844114e+14 1.307514e+33
1.858409e+14 1.331142e+33
1.872815e+14 1.355197e+33
1.887333e+14 1.379687e+33
1.901963e+14 1.404620e+33
1.916706e+14 1.430003e+33
1.931564e+14 1.455844e+33
1.946537e+14 1.482153e+33
1.961626e+14 1.508937e+33
1.976832e+14 1.536205e+33
1.992155e+14 1.563966e+33
2.007598e+14 1.592229e+33
2.023160e+14 1.621002e+33
2.038843e+14 1.650295e+33
2.054648e+14 1.680118e+33
2.070575e+14 1.710479e+33
2.086625e+14 1.741389e+33
2.102800e+14 1.772858e+33
2.119100e+14 1.804896e+33
2.135527e+14 1.837512e+33
2.152081e+14 1.870718e+33
2.168763e+14 1.904524e+33
2.185575e+14 1.938941e+33
2.202517e+14 1.973979e+33
2.219590e+14 2.009651e+33
2.236795e+14 2.045968e+33
2.254134e+14 2.082941e+33
2.271608e+14 2.120582e+33
2.289217e+14 2.158903e+33
2.306962e+14 2.197917e+33
2.324845e+14 2.237635e+33
2.342866e+14 2.278072e+33
2.361027e+14 2.319239e+33
2.379329e+14 2.361150e+33
2.397773e+14 2.403819e+33
2.416360e+14 2.447258e+33
2.435091e+14 2.491483e+33
2.453967e+14 2.536507e+33
2.472989e+14 2.582344e+33
2.492159e+14 2.629010e+33
2.511478e+14 2.676519e+33
2.530946e+14 2.724886e+33
2.550565e+14 2.774128e+33
2.570336e+14 2.824260e+33
2.590260e+14 2.875297e+33
2.610339e+14 2.927257e+33
2.630574e+14 2.980155e+33
2.650965e+14 3.034010e+33
2.671515e+14 3.088838e+33
2.692224e+14 3.144657e+33
2.713093e+14 3.201484e+33
2.734124e+14 3.259338e+33
2.755318e+14 3.318238e+33
2.776676e+14 3.378202e+33
2.798200e+14 3.439250e+33
2.819891e+14 3.501401e+33
2.841750e+14 3.564675e+33
2.863778e+14 3.629092e+33
2.885977e+14 3.694674e+33
2.908349e+14 3.761441e+33
2.930893e+14 3.829414e+33
