# epsilon [g/cm^3]   P [dyn/cm^2]
1.364583e+14 6.548165e+32
1.375161e+14 6.682128e+32
1.385821e+14 6.818832e+32
1.396563e+14 6.958332e+32
1.407389e+14 7.100686e+32
1.418299e+14 7.245953e+32
1.429293e+14 7.394192e+32
1.440372e+14 7.545463e+32
1.451538e+14 7.699829e+32
1.462789e+14 7.857353e+32
1.474129e+14 8.018099e+32
1.485556e+14 8.182134e+32
1.497071e+14 8.349526e+32
1.508676e+14 8.520341e+32
1.520371e+14 8.694651e+32
1.532156e+14 8.872527e+32
1.544033e+14 9.054043e+32
1.556002e+14 9.239271e+32
1.568063e+14 9.428289e+32
1.580219e+14 9.621174e+32
1.592468e+14 9.818005e+32
1.604812e+14 1.001886e+33
1.617252e+14 1.022383e+33
1.629789e+14 1.043299e+33
1.642422e+14 1.064643e+33
1.655154e+14 1.086424e+33
1.667984e+14 1.108650e+33
1.680914e+14 1.131331e+33
1.693944e+14 1.154476e+33
1.707075e+14 1.178094e+33
1.720307e+14 1.202196e+33
1.733643e+14 1.226790e+33
1.747081e+14 1.251888e+33
1.760624e+14 1.277499e+33
1.774272e+14 1.303634e+33
1.788026e+14 1.330304e+33
1.801886e+14 1.357520e+33
1.815854e+14 1.385292e+33
1.829929e+14 1.413633e+33
1.844114e+14 1.442553e+33
1.858409e+14 1.472065e+33
1.872815e+14 1.502181e+33
1.887333e+14 1.532912e+33
1.901963e+14 1.564273e+33
1.916706e+14 1.596275e+33
1.931564e+14 1.628932e+33
1.946537e+14 1.662257e+33
1.961626e+14 1.696263e+33
1.976832e+14 1.730966e+33
1.992155e+14 1.766378e+33
2.007598e+14 1.802515e+33
2.023160e+14 1.839391e+33
2.038843e+14 1.877021e+33
2.054648e+14 1.915421e+33
2.070575e+14 1.954607e+33
2.086625e+14 1.994595e+33
2.102800e+14 2.035401e+33
2.119100e+14 2.077041e+33
2.135527e+14 2.119533e+33
2.152081e+14 2.162895e+33
2.168763e+14 2.207144e+33
2.185575e+14 2.252298e+33
2.202517e+14 2.298376e+33
2.219590e+14 2.345396e+33
2.236795e+14 2.393378e+33
2.254134e+14 2.442342e+33
2.271608e+14 2.492308e+33
2.289217e+14 2.543296e+33
2.306962e+14 2.595327e+33
2.324845e+14 2.648423e+33
2.342866e+14 2.702604e+33
2.361027e+14 2.757894e+33
2.379329e+14 2.814316e+33
2.397773e+14 2.871891e+33
2.416360e+14 2.930645e+33
2.435091e+14 2.990600e+33
2.453967e+14 3.051782e+33
2.472989e+14 3.114216e+33
2.492159e+14 3.177927e+33
2.511478e+14 3.242941e+33
2.530946e+14 3.309286e+33
2.550565e+14 3.376988e+33
2.570336e+14 3.446075e+33
2.590260e+14 3.516575e+33
2.610339e+14 3.588517e+33
2.630574e+14 3.661931e+33
2.650965e+14 3.736848e+33
2.671515e+14 3.813297e+33
2.692224e+14 3.891309e+33
2.713093e+14 3.970918e+33
2.734124e+14 4.052156e+33
2.755318e+14 4.135055e+33
2.776676e+14 4.219651e+33
2.798200e+14 4.305977e+33
2.819891e+14 4.394069e+33
2.841750e+14 4.483963e+33
2.863778e+14 4.575697e+33
2.885977e+14 4.669307e+33
2.908349e+14 4.764832e+33
2.930893e+14 4.862312e+33
