# epsilon [g/cm^3]   P [dyn/cm^2]
1.364583e+14 6.483654e+32
1.375161e+14 6.594267e+32
1.385821e+14 6.706767e+32
1.396563e+14 6.821187e+32
1.407389e+14 6.937558e+32
1.418299e+14 7.055915e+32
1.429293e+14 7.176291e+32
1.440372e+14 7.298721e+32
1.451538e+14 7.423239e+32
1.462789e+14 7.549882e+32
1.474129e+14 7.678685e+32
1.485556e+14 7.809686e+32
1.497071e+14 7.942922e+32
1.508676e+14 8.078430e+32
1.520371e+14 8.216251e+32
1.532156e+14 8.356423e+32
1.544033e+14 8.498986e+32
1.556002e+14 8.643981e+32
1.568063e+14 8.791450e+32
1.580219e+14 8.941435e+32
1.592468e+14 9.093978e+32
1.604812e+14 9.249124e+32
1.617252e+14 9.406917e+32
1.629789e+14 9.567402e+32
1.642422e+14 9.730625e+32
1.655154e+14 9.896632e+32
1.667984e+14 1.006547e+33
1.680914e+14 1.023719e+33
1.693944e+14 1.041184e+33
1.707075e+14 1.058947e+33
1.720307e+14 1.077013e+33
1.733643e+14 1.095387e+33
1.747081e+14 1.114075e+33
1.760624e+14 1.133081e+33
1.774272e+14 1.152412e+33
1.788026e+14 1.172073e+33
1.801886e+14 1.192068e+33
1.815854e+14 1.212405e+33
1.829929e+14 1.233090e+33
1.844114e+14 1.254126e+33
1.858409e+14 1.275522e+33
1.872815e+14 1.297283e+33
1.887333e+14 1.319415e+33
1.901963e+14 1.341925e+33
1.916706e+14 1.364818e+33
1.931564e+14 1.388102e+33
1.946537e+14 1.411784e+33
1.961626e+14 1.435869e+33
1.976832e+14 1.460366e+33
1.992155e+14 1.485280e+33
2.007598e+14 1.510619e+33
2.023160e+14 1.536391e+33
2.038843e+14 1.562602e+33
2.054648e+14 1.589261e+33
2.070575e+14 1.616374e+33
2.086625e+14 1.643950e+33
2.102800e+14 1.671996e+33
2.119100e+14 1.700521e+33
2.135527e+14 1.729532e+33
2.152081e+14 1.759039e+33
2.168763e+14 1.789048e+33
2.185575e+14 1.819570e+33
2.202517e+14 1.850613e+33
2.219590e+14 1.882185e+33
2.236795e+14 1.914295e+33
2.254134e+14 1.946954e+33
2.271608e+14 1.980169e+33
2.289217e+14 2.013952e+33
2.306962e+14 2.048310e+33
2.324845e+14 2.083255e+33
2.342866e+14 2.118796e+33
2.361027e+14 2.154943e+33
2.379329e+14 2.191707e+33
2.397773e+14 2.229099e+33
2.416360e+14 2.267128e+33
2.435091e+14 2.305806e+33
2.453967e+14 2.345143e+33
2.472989e+14 2.385152e+33
2.492159e+14 2.425844e+33
2.511478e+14 2.467229e+33
2.530946e+14 2.509321e+33
2.550565e+14 2.552131e+33
2.570336e+14 2.595671e+33
2.590260e+14 2.639954e+33
2.610339e+14 2.684992e+33
2.630574e+14 2.730799e+33
2.650965e+14 2.777387e+33
2.671515e+14 2.824770e+33
2.692224e+14 2.872962e+33
2.713093e+14 2.921975e+33
2.734124e+14 2.971825e+33
2.755318e+14 3.022525e+33
2.776676e+14 3.074091e+33
2.798200e+14 3.126535e+33
2.819891e+14 3.179875e+33
2.841750e+14 3.234125e+33
2.863778e+14 3.289300e+33
2.885977e+14 3.345416e+33
2.908349e+14 3.402490e+33
2.930893e+14 3.460538e+33
