# epsilon [g/cm^3]   P [dyn/cm^2]
1.364583e+14 6.635798e+32
1.375161e+14 6.801948e+32
1.385821e+14 6.972258e+32
1.396563e+14 7.146833e+32
1.407389e+14 7.325778e+32
1.418299e+14 7.509204e+32
1.429293e+14 7.697223e+32
1.440372e+14 7.889949e+32
1.451538e+14 8.087501e+32
1.462789e+14 8.290000e+32
1.474129e+14 8.497568e+32
1.485556e+14 8.710334e+32
1.497071e+14 8.928427e+32
1.508676e+14 9.151981e+32
1.520371e+14 9.381132e+32
1.532156e+14 9.616021e+32
1.544033e+14 9.856791e+32
1.556002e+14 1.010359e+33
1.568063e+14 1.035657e+33
1.580219e+14 1.061588e+33
1.592468e+14 1.088169e+33
1.604812e+14 1.115415e+33
1.617252e+14 1.143343e+33
1.629789e+14 1.171970e+33
1.642422e+14 1.201315e+33
1.655154e+14 1.231394e+33
1.667984e+14 1.262226e+33
1.680914e+14 1.293830e+33
1.693944e+14 1.326225e+33
1.707075e+14 1.359432e+33
1.720307e+14 1.393470e+33
1.733643e+14 1.428360e+33
1.747081e+14 1.464124e+33
1.760624e+14 1.500784e+33
1.774272e+14 1.538361e+33
1.788026e+14 1.576879e+33
1.801886e+14 1.616362e+33
1.815854e+14 1.656833e+33
1.829929e+14 1.698317e+33
1.844114e+14 1.740841e+33
1.858409e+14 1.784429e+33
1.872815e+14 1.829108e+33
1.887333e+14 1.874906e+33
1.901963e+14 1.921851e+33
1.916706e+14 1.969971e+33
1.931564e+14 2.019296e+33
1.946537e+14 2.069856e+33
1.961626e+14 2.121682e+33
1.976832e+14 2.174805e+33
1.992155e+14 2.229259e+33
2.007598e+14 2.285076e+33
2.023160e+14 2.342291e+33
2.038843e+14 2.400938e+33
2.054648e+14 2.461054e+33
2.070575e+14 2.522675e+33
2.086625e+14 2.585839e+33
2.102800e+14 2.650584e+33
2.119100e+14 2.716950e+33
2.135527e+14 2.784979e+33
2.152081e+14 2.854710e+33
2.168763e+14 2.926188e+33
2.185575e+14 2.999455e+33
2.202517e+14 3.074556e+33
2.219590e+14 3.151539e+33
2.236795e+14 3.230448e+33
2.254134e+14 3.311333e+33
2.271608e+14 3.394244e+33
2.289217e+14 3.479231e+33
2.306962e+14 3.566345e+33
2.324845e+14 3.655641e+33
2.342866e+14 3.747172e+33
2.361027e+14 3.840996e+33
2.379329e+14 3.937168e+33
2.397773e+14 4.035749e+33
2.416360e+14 4.136798e+33
2.435091e+14 4.240377e+33
2.453967e+14 4.346549e+33
2.472989e+14 4.455380e+33
2.492159e+14 4.566935e+33
2.511478e+14 4.681284e+33
2.530946e+14 4.798496e+33
2.550565e+14 4.918643e+33
2.570336e+14 5.041798e+33
2.590260e+14 5.168037e+33
2.610339e+14 5.297437e+33
2.630574e+14 5.430076e+33
2.650965e+14 5.566037e+33
2.671515e+14 5.705402e+33
2.692224e+14 5.848256e+33
2.713093e+14 5.994687e+33
2.734124e+14 6.144785e+33
2.755318e+14 6.298640e+33
2.776676e+14 6.456349e+33
2.798200e+14 6.618005e+33
2.819891e+14 6.783710e+33
2.841750e+14 6.953563e+33
2.863778e+14 7.127670e+33
2.885977e+14 7.306135e+33
2.908349e+14 7.489070e+33
2.930893e+14 7.676584e+33
