# epsilon [g/cm^3]   P [dyn/cm^2]
1.364583e+14 6.566694e+32
1.375161e+14 6.707419e+32
1.385821e+14 6.851158e+32
1.396563e+14 6.997979e+32
1.407389e+14 7.147945e+32
1.418299e+14 7.301126e+32
1.429293e+14 7.457589e+32
1.440372e+14 7.617405e+32
1.451538e+14 7.780645e+32
1.462789e+14 7.947384e+32
1.474129e+14 8.117697e+32
1.485556e+14 8.291659e+32
1.497071e+14 8.469349e+32
1.508676e+14 8.650847e+32
1.520371e+14 8.836234e+32
1.532156e+14 9.025595e+32
1.544033e+14 9.219013e+32
1.556002e+14 9.416576e+32
1.568063e+14 9.618373e+32
1.580219e+14 9.824495e+32
1.592468e+14 1.003503e+33
1.604812e+14 1.025008e+33
1.617252e+14 1.046974e+33
1.629789e+14 1.069411e+33
1.642422e+14 1.092328e+33
1.655154e+14 1.115737e+33
1.667984e+14 1.139647e+33
1.680914e+14 1.164070e+33
1.693944e+14 1.189016e+33
1.707075e+14 1.214496e+33
1.720307e+14 1.240523e+33
1.733643e+14 1.267107e+33
1.747081e+14 1.294262e+33
1.760624e+14 1.321998e+33
1.774272e+14 1.350328e+33
1.788026e+14 1.379265e+33
1.801886e+14 1.408823e+33
1.815854e+14 1.439014e+33
1.829929e+14 1.469852e+33
1.844114e+14 1.501351e+33
1.858409e+14 1.533525e+33
1.872815e+14 1.566388e+33
1.887333e+14 1.599956e+33
1.901963e+14 1.634243e+33
1.916706e+14 1.669265e+33
1.931564e+14 1.705037e+33
1.946537e+14 1.741576e+33
1.961626e+14 1.778898e+33
1.976832e+14 1.817020e+33
1.992155e+14 1.855959e+33
2.007598e+14 1.895732e+33
2.023160e+14 1.936357e+33
2.038843e+14 1.977853e+33
2.054648e+14 2.020239e+33
2.070575e+14 2.063532e+33
2.086625e+14 2.107754e+33
2.102800e+14 2.152923e+33
2.119100e+14 2.199060e+33
2.135527e+14 2.246186e+33
2.152081e+14 2.294322e+33
2.168763e+14 2.343489e+33
2.185575e+14 2.393710e+33
2.202517e+14 2.445007e+33
2.219590e+14 2.497403e+33
2.236795e+14 2.550923e+33
2.254134e+14 2.605589e+33
2.271608e+14 2.661427e+33
2.289217e+14 2.718461e+33
2.306962e+14 2.776718e+33
2.324845e+14 2.836223e+33
2.342866e+14 2.897003e+33
2.361027e+14 2.959086e+33
2.379329e+14 3.022499e+33
2.397773e+14 3.087271e+33
2.416360e+14 3.153431e+33
2.435091e+14 3.221009e+33
2.453967e+14 3.290035e+33
2.472989e+14 3.360540e+33
2.492159e+14 3.432557e+33
2.511478e+14 3.506116e+33
2.530946e+14 3.581252e+33
2.550565e+14 3.657999e+33
2.570336e+14 3.736389e+33
2.590260e+14 3.816460e+33
2.610339e+14 3.898247e+33
2.630574e+14 3.981786e+33
2.650965e+14 4.067116e+33
2.671515e+14 4.154274e+33
2.692224e+14 4.243300e+33
2.713093e+14 4.334234e+33
2.734124e+14 4.427116e+33
2.755318e+14 4.521989e+33
2.776676e+14 4.618896e+33
2.798200e+14 4.717878e+33
2.819891e+14 4.818983e+33
2.841750e+14 4.922253e+33
2.863778e+14 5.027737e+33
2.885977e+14 5.135481e+33
2.908349e+14 5.245535e+33
2.930893e+14 5.357946e+33
