# epsilon [g/cm^3]   P [dyn/cm^2]
1.364583e+14 6.486781e+32
1.375161e+14 6.598520e+32
1.385821e+14 6.712183e+32
1.396563e+14 6.827804e+32
1.407389e+14 6.945417e+32
1.418299e+14 7.065055e+32
1.429293e+14 7.186755e+32
1.440372e+14 7.310551e+32
1.451538e+14 7.436479e+32
1.462789e+14 7.564576e+32
1.474129e+14 7.694880e+32
1.485556e+14 7.827429e+32
1.497071e+14 7.962261e+32
1.508676e+14 8.099415e+32
1.520371e+14 8.238932e+32
1.532156e+14 8.380852e+32
1.544033e+14 8.525217e+32
1.556002e+14 8.672068e+32
1.568063e+14 8.821449e+32
1.580219e+14 8.973404e+32
1.592468e+14 9.127976e+32
1.604812e+14 9.285210e+32
1.617252e+14 9.445153e+32
1.629789e+14 9.607851e+32
1.642422e+14 9.773351e+32
1.655154e+14 9.941703e+32
1.667984e+14 1.011295e+33
1.680914e+14 1.028716e+33
1.693944e+14 1.046436e+33
1.707075e+14 1.064461e+33
1.720307e+14 1.082797e+33
1.733643e+14 1.101449e+33
1.747081e+14 1.120422e+33
1.760624e+14 1.139722e+33
1.774272e+14 1.159354e+33
1.788026e+14 1.179325e+33
1.801886e+14 1.199639e+33
1.815854e+14 1.220304e+33
1.829929e+14 1.241324e+33
1.844114e+14 1.262706e+33
1.858409e+14 1.284457e+33
1.872815e+14 1.306583e+33
1.887333e+14 1.329089e+33
1.901963e+14 1.351984e+33
1.916706e+14 1.375272e+33
1.931564e+14 1.398962e+33
1.946537e+14 1.423060e+33
1.961626e+14 1.447573e+33
1.976832e+14 1.472508e+33
1.992155e+14 1.497873e+33
2.007598e+14 1.523675e+33
2.023160e+14 1.549921e+33
2.038843e+14 1.576619e+33
2.054648e+14 1.603777e+33
2.070575e+14 1.631403e+33
2.086625e+14 1.659505e+33
2.102800e+14 1.688091e+33
2.119100e+14 1.717169e+33
2.135527e+14 1.746748e+33
2.152081e+14 1.776837e+33
2.168763e+14 1.807444e+33
2.185575e+14 1.838578e+33
2.202517e+14 1.870249e+33
2.219590e+14 1.902465e+33
2.236795e+14 1.935236e+33
2.254134e+14 1.968571e+33
2.271608e+14 2.002481e+33
2.289217e+14 2.036975e+33
2.306962e+14 2.072063e+33
2.324845e+14 2.107755e+33
2.342866e+14 2.144063e+33
2.361027e+14 2.180995e+33
2.379329e+14 2.218564e+33
2.397773e+14 2.256780e+33
2.416360e+14 2.295654e+33
2.435091e+14 2.335198e+33
2.453967e+14 2.375423e+33
2.472989e+14 2.416341e+33
2.492159e+14 2.457964e+33
2.511478e+14 2.500304e+33
2.530946e+14 2.543373e+33
2.550565e+14 2.587184e+33
2.570336e+14 2.631750e+33
2.590260e+14 2.677083e+33
2.610339e+14 2.723197e+33
2.630574e+14 2.770106e+33
2.650965e+14 2.817823e+33
2.671515e+14 2.866361e+33
2.692224e+14 2.915736e+33
2.713093e+14 2.965961e+33
2.734124e+14 3.017051e+33
2.755318e+14 3.069022e+33
2.776676e+14 3.121887e+33
2.798200e+14 3.175663e+33
2.819891e+14 3.230366e+33
2.841750e+14 3.286011e+33
2.863778e+14 3.342614e+33
2.885977e+14 3.400193e+33
2.908349e+14 3.458763e+33
2.930893e+14 3.518342e+33
