# epsilon [g/cm^3]   P [dyn/cm^2]
1.364583e+14 6.487988e+32
1.375161e+14 6.600161e+32
1.385821e+14 6.714273e+32
1.396563e+14 6.830358e+32
1.407389e+14 6.948450e+32
1.418299e+14 7.068584e+32
1.429293e+14 7.190794e+32
1.440372e+14 7.315118e+32
1.451538e+14 7.441591e+32
1.462789e+14 7.570251e+32
1.474129e+14 7.701135e+32
1.485556e+14 7.834282e+32
1.497071e+14 7.969731e+32
1.508676e+14 8.107522e+32
1.520371e+14 8.247696e+32
1.532156e+14 8.390292e+32
1.544033e+14 8.535355e+32
1.556002e+14 8.682925e+32
1.568063e+14 8.833046e+32
1.580219e+14 8.985764e+32
1.592468e+14 9.141121e+32
1.604812e+14 9.299164e+32
1.617252e+14 9.459940e+32
1.629789e+14 9.623496e+32
1.642422e+14 9.789879e+32
1.655154e+14 9.959139e+32
1.667984e+14 1.013133e+33
1.680914e+14 1.030649e+33
1.693944e+14 1.048468e+33
1.707075e+14 1.066595e+33
1.720307e+14 1.085036e+33
1.733643e+14 1.103796e+33
1.747081e+14 1.122879e+33
1.760624e+14 1.142293e+33
1.774272e+14 1.162043e+33
1.788026e+14 1.182133e+33
1.801886e+14 1.202572e+33
1.815854e+14 1.223363e+33
1.829929e+14 1.244514e+33
1.844114e+14 1.266031e+33
1.858409e+14 1.287920e+33
1.872815e+14 1.310187e+33
1.887333e+14 1.332839e+33
1.901963e+14 1.355883e+33
1.916706e+14 1.379325e+33
1.931564e+14 1.403173e+33
1.946537e+14 1.427433e+33
1.961626e+14 1.452112e+33
1.976832e+14 1.477218e+33
1.992155e+14 1.502758e+33
2.007598e+14 1.528740e+33
2.023160e+14 1.555171e+33
2.038843e+14 1.582058e+33
2.054648e+14 1.609411e+33
2.070575e+14 1.637237e+33
2.086625e+14 1.665543e+33
2.102800e+14 1.694339e+33
2.119100e+14 1.723633e+33
2.135527e+14 1.753434e+33
2.152081e+14 1.783749e+33
2.168763e+14 1.814589e+33
2.185575e+14 1.845962e+33
2.202517e+14 1.877877e+33
2.219590e+14 1.910345e+33
2.236795e+14 1.943373e+33
2.254134e+14 1.976973e+33
2.271608e+14 2.011153e+33
2.289217e+14 2.045924e+33
2.306962e+14 2.081297e+33
2.324845e+14 2.117281e+33
2.342866e+14 2.153887e+33
2.361027e+14 2.191127e+33
2.379329e+14 2.229010e+33
2.397773e+14 2.267548e+33
2.416360e+14 2.306752e+33
2.435091e+14 2.346634e+33
2.453967e+14 2.387206e+33
2.472989e+14 2.428479e+33
2.492159e+14 2.470465e+33
2.511478e+14 2.513178e+33
2.530946e+14 2.556629e+33
2.550565e+14 2.600831e+33
2.570336e+14 2.645798e+33
2.590260e+14 2.691542e+33
2.610339e+14 2.738077e+33
2.630574e+14 2.785416e+33
2.650965e+14 2.833574e+33
2.671515e+14 2.882564e+33
2.692224e+14 2.932402e+33
2.713093e+14 2.983101e+33
2.734124e+14 3.034677e+33
2.755318e+14 3.087144e+33
2.776676e+14 3.140519e+33
2.798200e+14 3.194816e+33
2.819891e+14 3.250052e+33
2.841750e+14 3.306243e+33
2.863778e+14 3.363406e+33
2.885977e+14 3.421556e+33
2.908349e+14 3.480713e+33
2.930893e+14 3.540892e+33
