# epsilon [g/cm^3]   P [dyn/cm^2]
1.364583e+14 6.535087e+32
1.375161e+14 6.664292e+32
1.385821e+14 6.796053e+32
1.396563e+14 6.930418e+32
1.407389e+14 7.067440e+32
1.418299e+14 7.207171e+32
1.429293e+14 7.349665e+32
1.440372e+14 7.494976e+32
1.451538e+14 7.643159e+32
1.462789e+14 7.794273e+32
1.474129e+14 7.948374e+32
1.485556e+14 8.105522e+32
1.497071e+14 8.265777e+32
1.508676e+14 8.429201e+32
1.520371e+14 8.595855e+32
1.532156e+14 8.765805e+32
1.544033e+14 8.939114e+32
1.556002e+14 9.115850e+32
1.568063e+14 9.296080e+32
1.580219e+14 9.479874e+32
1.592468e+14 9.667301e+32
1.604812e+14 9.858435e+32
1.617252e+14 1.005335e+33
1.629789e+14 1.025211e+33
1.642422e+14 1.045481e+33
1.655154e+14 1.066151e+33
1.667984e+14 1.087230e+33
1.680914e+14 1.108726e+33
1.693944e+14 1.130646e+33
1.707075e+14 1.153001e+33
1.720307e+14 1.175797e+33
1.733643e+14 1.199043e+33
1.747081e+14 1.222750e+33
1.760624e+14 1.246925e+33
1.774272e+14 1.271578e+33
1.788026e+14 1.296718e+33
1.801886e+14 1.322356e+33
1.815854e+14 1.348500e+33
1.829929e+14 1.375162e+33
1.844114e+14 1.402350e+33
1.858409e+14 1.430076e+33
1.872815e+14 1.458350e+33
1.887333e+14 1.487184e+33
1.901963e+14 1.516587e+33
1.916706e+14 1.546571e+33
1.931564e+14 1.577149e+33
1.946537e+14 1.608331e+33
1.961626e+14 1.640129e+33
1.976832e+14 1.672556e+33
1.992155e+14 1.705625e+33
2.007598e+14 1.739347e+33
2.023160e+14 1.773735e+33
2.038843e+14 1.808804e+33
2.054648e+14 1.844566e+33
2.070575e+14 1.881035e+33
2.086625e+14 1.918225e+33
2.102800e+14 1.956151e+33
2.119100e+14 1.994826e+33
2.135527e+14 2.034266e+33
2.152081e+14 2.074485e+33
2.168763e+14 2.115500e+33
2.185575e+14 2.157326e+33
2.202517e+14 2.199979e+33
2.219590e+14 2.243475e+33
2.236795e+14 2.287831e+33
2.254134e+14 2.333064e+33
2.271608e+14 2.379191e+33
2.289217e+14 2.426230e+33
2.306962e+14 2.474199e+33
2.324845e+14 2.523117e+33
2.342866e+14 2.573002e+33
2.361027e+14 2.623873e+33
2.379329e+14 2.675749e+33
2.397773e+14 2.728652e+33
2.416360e+14 2.782600e+33
2.435091e+14 2.837615e+33
2.453967e+14 2.893718e+33
2.472989e+14 2.950930e+33
2.492159e+14 3.009273e+33
2.511478e+14 3.068770e+33
2.530946e+14 3.129443e+33
2.550565e+14 3.191315e+33
2.570336e+14 3.254411e+33
2.590260e+14 3.318754e+33
2.610339e+14 3.384370e+33
2.630574e+14 3.451282e+33
2.650965e+14 3.519518e+33
2.671515e+14 3.589103e+33
2.692224e+14 3.660063e+33
2.713093e+14 3.732426e+33
2.734124e+14 3.806221e+33
2.755318e+14 3.881474e+33
2.776676e+14 3.958215e+33
2.798200e+14 4.036473e+33
2.819891e+14 4.116278e+33
2.841750e+14 4.197662e+33
2.863778e+14 4.280654e+33
2.885977e+14 4.365287e+33
2.908349e+14 4.451594e+33
2.930893e+14 4.539607e+33
