# epsilon [g/cm^3]   P [dyn/cm^2]
1.364583e+14 6.438623e+32
1.375161e+14 6.533111e+32
1.385821e+14 6.628986e+32
1.396563e+14 6.726267e+32
1.407389e+14 6.824977e+32
1.418299e+14 6.925135e+32
1.429293e+14 7.026762e+32
1.440372e+14 7.129881e+32
1.451538e+14 7.234514e+32
1.462789e+14 7.340682e+32
1.474129e+14 7.448408e+32
1.485556e+14 7.557715e+32
1.497071e+14 7.668626e+32
1.508676e+14 7.781164e+32
1.520371e+14 7.895354e+32
1.532156e+14 8.011220e+32
1.544033e+14 8.128786e+32
1.556002e+14 8.248078e+32
1.568063e+14 8.369120e+32
1.580219e+14 8.491939e+32
1.592468e+14 8.616559e+32
1.604812e+14 8.743009e+32
1.617252e+14 8.871315e+32
1.629789e+14 9.001503e+32
1.642422e+14 9.133602e+32
1.655154e+14 9.267639e+32
1.667984e+14 9.403644e+32
1.680914e+14 9.541644e+32
1.693944e+14 9.681669e+32
1.707075e+14 9.823750e+32
1.720307e+14 9.967915e+32
1.733643e+14 1.011420e+33
1.747081e+14 1.026262e+33
1.760624e+14 1.041323e+33
1.774272e+14 1.056605e+33
1.788026e+14 1.072111e+33
1.801886e+14 1.087844e+33
1.815854e+14 1.103808e+33
1.829929e+14 1.120007e+33
1.844114e+14 1.136443e+33
1.858409e+14 1.153121e+33
1.872815e+14 1.170043e+33
1.887333e+14 1.187214e+33
1.901963e+14 1.204636e+33
1.916706e+14 1.222315e+33
1.931564e+14 1.240252e+33
1.946537e+14 1.258453e+33
1.961626e+14 1.276921e+33
1.976832e+14 1.295660e+33
1.992155e+14 1.314674e+33
2.007598e+14 1.333967e+33
2.023160e+14 1.353544e+33
2.038843e+14 1.373407e+33
2.054648e+14 1.393562e+33
2.070575e+14 1.414013e+33
2.086625e+14 1.434764e+33
2.102800e+14 1.455819e+33
2.119100e+14 1.477184e+33
2.135527e+14 1.498862e+33
2.152081e+14 1.520858e+33
2.168763e+14 1.543177e+33
2.185575e+14 1.565823e+33
2.202517e+14 1.588802e+33
2.219590e+14 1.612118e+33
2.236795e+14 1.635776e+33
2.254134e+14 1.659781e+33
2.271608e+14 1.684139e+33
2.289217e+14 1.708854e+33
2.306962e+14 1.733932e+33
2.324845e+14 1.759378e+33
2.342866e+14 1.785197e+33
2.361027e+14 1.811395e+33
2.379329e+14 1.837978e+33
2.397773e+14 1.864950e+33
2.416360e+14 1.892319e+33
2.435091e+14 1.920089e+33
2.453967e+14 1.948267e+33
2.472989e+14 1.976858e+33
2.492159e+14 2.005869e+33
2.511478e+14 2.035305e+33
2.530946e+14 2.065174e+33
2.550565e+14 2.095481e+33
2.570336e+14 2.126232e+33
2.590260e+14 2.157435e+33
2.610339e+14 2.189096e+33
2.630574e+14 2.221221e+33
2.650965e+14 2.253818e+33
2.671515e+14 2.286893e+33
2.692224e+14 2.320454e+33
2.713093e+14 2.354507e+33
2.734124e+14 2.389060e+33
2.755318e+14 2.424120e+33
2.776676e+14 2.459694e+33
2.798200e+14 2.495791e+33
2.819891e+14 2.532417e+33
2.841750e+14 2.569581e+33
2.863778e+14 2.607290e+33
2.885977e+14 2.645552e+33
2.908349e+14 2.684376e+33
2.930893e+14 2.723770e+33
