# epsilon [g/cm^3]   P [dyn/cm^2]
1.364583e+14 6.455132e+32
1.375161e+14 6.555515e+32
1.385821e+14 6.657460e+32
1.396563e+14 6.760989e+32
1.407389e+14 6.866129e+32
1.418299e+14 6.972903e+32
1.429293e+14 7.081338e+32
1.440372e+14 7.191459e+32
1.451538e+14 7.303293e+32
1.462789e+14 7.416866e+32
1.474129e+14 7.532205e+32
1.485556e+14 7.649338e+32
1.497071e+14 7.768292e+32
1.508676e+14 7.889096e+32
1.520371e+14 8.011778e+32
1.532156e+14 8.136369e+32
1.544033e+14 8.262897e+32
1.556002e+14 8.391392e+32
1.568063e+14 8.521886e+32
1.580219e+14 8.654409e+32
1.592468e+14 8.788993e+32
1.604812e+14 8.925670e+32
1.617252e+14 9.064472e+32
1.629789e+14 9.205433e+32
1.642422e+14 9.348586e+32
1.655154e+14 9.493965e+32
1.667984e+14 9.641605e+32
1.680914e+14 9.791540e+32
1.693944e+14 9.943808e+32
1.707075e+14 1.009844e+33
1.720307e+14 1.025548e+33
1.733643e+14 1.041496e+33
1.747081e+14 1.057693e+33
1.760624e+14 1.074141e+33
1.774272e+14 1.090845e+33
1.788026e+14 1.107808e+33
1.801886e+14 1.125036e+33
1.815854e+14 1.142531e+33
1.829929e+14 1.160298e+33
1.844114e+14 1.178342e+33
1.858409e+14 1.196666e+33
1.872815e+14 1.215276e+33
1.887333e+14 1.234174e+33
1.901963e+14 1.253367e+33
1.916706e+14 1.272858e+33
1.931564e+14 1.292652e+33
1.946537e+14 1.312754e+33
1.961626e+14 1.333168e+33
1.976832e+14 1.353900e+33
1.992155e+14 1.374955e+33
2.007598e+14 1.396337e+33
2.023160e+14 1.418051e+33
2.038843e+14 1.440103e+33
2.054648e+14 1.462498e+33
2.070575e+14 1.485241e+33
2.086625e+14 1.508338e+33
2.102800e+14 1.531794e+33
2.119100e+14 1.555615e+33
2.135527e+14 1.579806e+33
2.152081e+14 1.604373e+33
2.168763e+14 1.629323e+33
2.185575e+14 1.654660e+33
2.202517e+14 1.680392e+33
2.219590e+14 1.706523e+33
2.236795e+14 1.733061e+33
2.254134e+14 1.760012e+33
2.271608e+14 1.787382e+33
2.289217e+14 1.815177e+33
2.306962e+14 1.843405e+33
2.324845e+14 1.872071e+33
2.342866e+14 1.901184e+33
2.361027e+14 1.930749e+33
2.379329e+14 1.960774e+33
2.397773e+14 1.991265e+33
2.416360e+14 2.022231e+33
2.435091e+14 2.053679e+33
2.453967e+14 2.085616e+33
2.472989e+14 2.118049e+33
2.492159e+14 2.150986e+33
2.511478e+14 2.184436e+33
2.530946e+14 2.218406e+33
2.550565e+14 2.252904e+33
2.570336e+14 2.287939e+33
2.590260e+14 2.323519e+33
2.610339e+14 2.359651e+33
2.630574e+14 2.396346e+33
2.650965e+14 2.433612e+33
2.671515e+14 2.471456e+33
2.692224e+14 2.509890e+33
2.713093e+14 2.548921e+33
2.734124e+14 2.588559e+33
2.755318e+14 2.628813e+33
2.776676e+14 2.669694e+33
2.798200e+14 2.711210e+33
2.819891e+14 2.753372e+33
2.841750e+14 2.796189e+33
2.863778e+14 2.839672e+33
2.885977e+14 2.883832e+33
2.908349e+14 2.928678e+33
2.930893e+14 2.974222e+33
