# epsilon [g/cm^3]   P [dyn/cm^2]
1.364583e+14 6.474406e+32
1.375161e+14 6.581696e+32
1.385821e+14 6.690764e+32
1.396563e+14 6.801639e+32
1.407389e+14 6.914352e+32
1.418299e+14 7.028932e+32
1.429293e+14 7.145411e+32
1.440372e+14 7.263821e+32
1.451538e+14 7.384192e+32
1.462789e+14 7.506559e+32
1.474129e+14 7.630953e+32
1.485556e+14 7.757408e+32
1.497071e+14 7.885959e+32
1.508676e+14 8.016640e+32
1.520371e+14 8.149487e+32
1.532156e+14 8.284536e+32
1.544033e+14 8.421822e+32
1.556002e+14 8.561383e+32
1.568063e+14 8.703257e+32
1.580219e+14 8.847482e+32
1.592468e+14 8.994097e+32
1.604812e+14 9.143142e+32
1.617252e+14 9.294657e+32
1.629789e+14 9.448682e+32
1.642422e+14 9.605260e+32
1.655154e+14 9.764432e+32
1.667984e+14 9.926242e+32
1.680914e+14 1.009073e+33
1.693944e+14 1.025795e+33
1.707075e+14 1.042794e+33
1.720307e+14 1.060075e+33
1.733643e+14 1.077641e+33
1.747081e+14 1.095499e+33
1.760624e+14 1.113653e+33
1.774272e+14 1.132108e+33
1.788026e+14 1.150869e+33
1.801886e+14 1.169940e+33
1.815854e+14 1.189328e+33
1.829929e+14 1.209037e+33
1.844114e+14 1.229072e+33
1.858409e+14 1.249439e+33
1.872815e+14 1.270144e+33
1.887333e+14 1.291192e+33
1.901963e+14 1.312589e+33
1.916706e+14 1.334341e+33
1.931564e+14 1.356453e+33
1.946537e+14 1.378931e+33
1.961626e+14 1.401782e+33
1.976832e+14 1.425011e+33
1.992155e+14 1.448626e+33
2.007598e+14 1.472631e+33
2.023160e+14 1.497035e+33
2.038843e+14 1.521843e+33
2.054648e+14 1.547062e+33
2.070575e+14 1.572699e+33
2.086625e+14 1.598761e+33
2.102800e+14 1.625254e+33
2.119100e+14 1.652187e+33
2.135527e+14 1.679566e+33
2.152081e+14 1.707399e+33
2.168763e+14 1.735693e+33
2.185575e+14 1.764456e+33
2.202517e+14 1.793695e+33
2.219590e+14 1.823419e+33
2.236795e+14 1.853636e+33
2.254134e+14 1.884353e+33
2.271608e+14 1.915579e+33
2.289217e+14 1.947323e+33
2.306962e+14 1.979593e+33
2.324845e+14 2.012398e+33
2.342866e+14 2.045746e+33
2.361027e+14 2.079647e+33
2.379329e+14 2.114109e+33
2.397773e+14 2.149143e+33
2.416360e+14 2.184757e+33
2.435091e+14 2.220962e+33
2.453967e+14 2.257766e+33
2.472989e+14 2.295181e+33
2.492159e+14 2.333215e+33
2.511478e+14 2.371880e+33
2.530946e+14 2.411185e+33
2.550565e+14 2.451142e+33
2.570336e+14 2.491760e+33
2.590260e+14 2.533052e+33
2.610339e+14 2.575029e+33
2.630574e+14 2.617700e+33
2.650965e+14 2.661079e+33
2.671515e+14 2.705177e+33
2.692224e+14 2.750006e+33
2.713093e+14 2.795577e+33
2.734124e+14 2.841904e+33
2.755318e+14 2.888998e+33
2.776676e+14 2.936873e+33
2.798200e+14 2.985541e+33
2.819891e+14 3.035015e+33
2.841750e+14 3.085310e+33
2.863778e+14 3.136437e+33
2.885977e+14 3.188413e+33
2.908349e+14 3.241249e+33
2.930893e+14 3.294961e+33
