# epsilon [g/cm^3]   P [dyn/cm^2]
1.364583e+14 6.562836e+32
1.375161e+14 6.702150e+32
1.385821e+14 6.844422e+32
1.396563e+14 6.989713e+32
1.407389e+14 7.138089e+32
1.418299e+14 7.289615e+32
1.429293e+14 7.444357e+32
1.440372e+14 7.602384e+32
1.451538e+14 7.763765e+32
1.462789e+14 7.928573e+32
1.474129e+14 8.096879e+32
1.485556e+14 8.268757e+32
1.497071e+14 8.444284e+32
1.508676e+14 8.623537e+32
1.520371e+14 8.806596e+32
1.532156e+14 8.993540e+32
1.544033e+14 9.184453e+32
1.556002e+14 9.379418e+32
1.568063e+14 9.578522e+32
1.580219e+14 9.781852e+32
1.592468e+14 9.989499e+32
1.604812e+14 1.020155e+33
1.617252e+14 1.041811e+33
1.629789e+14 1.063926e+33
1.642422e+14 1.086511e+33
1.655154e+14 1.109575e+33
1.667984e+14 1.133129e+33
1.680914e+14 1.157183e+33
1.693944e+14 1.181747e+33
1.707075e+14 1.206833e+33
1.720307e+14 1.232451e+33
1.733643e+14 1.258614e+33
1.747081e+14 1.285331e+33
1.760624e+14 1.312616e+33
1.774272e+14 1.340480e+33
1.788026e+14 1.368935e+33
1.801886e+14 1.397994e+33
1.815854e+14 1.427671e+33
1.829929e+14 1.457977e+33
1.844114e+14 1.488927e+33
1.858409e+14 1.520533e+33
1.872815e+14 1.552811e+33
1.887333e+14 1.585773e+33
1.901963e+14 1.619436e+33
1.916706e+14 1.653813e+33
1.931564e+14 1.688919e+33
1.946537e+14 1.724771e+33
1.961626e+14 1.761384e+33
1.976832e+14 1.798775e+33
1.992155e+14 1.836958e+33
2.007598e+14 1.875953e+33
2.023160e+14 1.915775e+33
2.038843e+14 1.956443e+33
2.054648e+14 1.997974e+33
2.070575e+14 2.040386e+33
2.086625e+14 2.083699e+33
2.102800e+14 2.127931e+33
2.119100e+14 2.173102e+33
2.135527e+14 2.219233e+33
2.152081e+14 2.266342e+33
2.168763e+14 2.314451e+33
2.185575e+14 2.363582e+33
2.202517e+14 2.413755e+33
2.219590e+14 2.464994e+33
2.236795e+14 2.517320e+33
2.254134e+14 2.570757e+33
2.271608e+14 2.625329e+33
2.289217e+14 2.681059e+33
2.306962e+14 2.737971e+33
2.324845e+14 2.796092e+33
2.342866e+14 2.855447e+33
2.361027e+14 2.916062e+33
2.379329e+14 2.977963e+33
2.397773e+14 3.041179e+33
2.416360e+14 3.105736e+33
2.435091e+14 3.171664e+33
2.453967e+14 3.238991e+33
2.472989e+14 3.307748e+33
2.492159e+14 3.377964e+33
2.511478e+14 3.449670e+33
2.530946e+14 3.522899e+33
2.550565e+14 3.597682e+33
2.570336e+14 3.674053e+33
2.590260e+14 3.752045e+33
2.610339e+14 3.831692e+33
2.630574e+14 3.913031e+33
2.650965e+14 3.996095e+33
2.671515e+14 4.080924e+33
2.692224e+14 4.167552e+33
2.713093e+14 4.256020e+33
2.734124e+14 4.346366e+33
2.755318e+14 4.438629e+33
2.776676e+14 4.532852e+33
2.798200e+14 4.629074e+33
2.819891e+14 4.727339e+33
2.841750e+14 4.827689e+33
2.863778e+14 4.930170e+33
2.885977e+14 5.034827e+33
2.908349e+14 5.141705e+33
2.930893e+14 5.250852e+33
