# epsilon [g/cm^3]   P [dyn/cm^2]
1.364583e+14 6.610686e+32
1.375161e+14 6.767558e+32
1.385821e+14 6.928152e+32
1.396563e+14 7.092558e+32
1.407389e+14 7.260864e+32
1.418299e+14 7.433165e+32
1.429293e+14 7.609554e+32
1.440372e+14 7.790129e+32
1.451538e+14 7.974989e+32
1.462789e+14 8.164236e+32
1.474129e+14 8.357974e+32
1.485556e+14 8.556309e+32
1.497071e+14 8.759350e+32
1.508676e+14 8.967210e+32
1.520371e+14 9.180002e+32
1.532156e+14 9.397844e+32
1.544033e+14 9.620855e+32
1.556002e+14 9.849158e+32
1.568063e+14 1.008288e+33
1.580219e+14 1.032215e+33
1.592468e+14 1.056709e+33
1.604812e+14 1.081785e+33
1.617252e+14 1.107456e+33
1.629789e+14 1.133736e+33
1.642422e+14 1.160639e+33
1.655154e+14 1.188181e+33
1.667984e+14 1.216377e+33
1.680914e+14 1.245241e+33
1.693944e+14 1.274791e+33
1.707075e+14 1.305042e+33
1.720307e+14 1.336011e+33
1.733643e+14 1.367714e+33
1.747081e+14 1.400170e+33
1.760624e+14 1.433396e+33
1.774272e+14 1.467411e+33
1.788026e+14 1.502232e+33
1.801886e+14 1.537880e+33
1.815854e+14 1.574374e+33
1.829929e+14 1.611734e+33
1.844114e+14 1.649981e+33
1.858409e+14 1.689135e+33
1.872815e+14 1.729218e+33
1.887333e+14 1.770253e+33
1.901963e+14 1.812261e+33
1.916706e+14 1.855266e+33
1.931564e+14 1.899291e+33
1.946537e+14 1.944362e+33
1.961626e+14 1.990501e+33
1.976832e+14 2.037736e+33
1.992155e+14 2.086092e+33
2.007598e+14 2.135595e+33
2.023160e+14 2.186272e+33
2.038843e+14 2.238153e+33
2.054648e+14 2.291264e+33
2.070575e+14 2.345636e+33
2.086625e+14 2.401298e+33
2.102800e+14 2.458281e+33
2.119100e+14 2.516616e+33
2.135527e+14 2.576335e+33
2.152081e+14 2.637472e+33
2.168763e+14 2.700059e+33
2.185575e+14 2.764132e+33
2.202517e+14 2.829724e+33
2.219590e+14 2.896874e+33
2.236795e+14 2.965617e+33
2.254134e+14 3.035991e+33
2.271608e+14 3.108035e+33
2.289217e+14 3.181789e+33
2.306962e+14 3.257293e+33
2.324845e+14 3.334589e+33
2.342866e+14 3.413719e+33
2.361027e+14 3.494726e+33
2.379329e+14 3.577656e+33
2.397773e+14 3.662554e+33
2.416360e+14 3.749467e+33
2.435091e+14 3.838442e+33
2.453967e+14 3.929528e+33
2.472989e+14 4.022776e+33
2.492159e+14 4.118236e+33
2.511478e+14 4.215962e+33
2.530946e+14 4.316007e+33
2.550565e+14 4.418426e+33
2.570336e+14 4.523276e+33
2.590260e+14 4.630613e+33
2.610339e+14 4.740498e+33
2.630574e+14 4.852990e+33
2.650965e+14 4.968152e+33
2.671515e+14 5.086046e+33
2.692224e+14 5.206738e+33
2.713093e+14 5.330294e+33
2.734124e+14 5.456782e+33
2.755318e+14 5.586272e+33
2.776676e+14 5.718834e+33
2.798200e+14 5.854542e+33
2.819891e+14 5.993471e+33
2.841750e+14 6.135696e+33
2.863778e+14 6.281297e+33
2.885977e+14 6.430352e+33
2.908349e+14 6.582944e+33
2.930893e+14 6.739158e+33
