# epsilon [g/cm^3]   P [dyn/cm^2]
1.364583e+14 6.428978e+32
1.375161e+14 6.520032e+32
1.385821e+14 6.612374e+32
1.396563e+14 6.706025e+32
1.407389e+14 6.801002e+32
1.418299e+14 6.897324e+32
1.429293e+14 6.995010e+32
1.440372e+14 7.094080e+32
1.451538e+14 7.194553e+32
1.462789e+14 7.296449e+32
1.474129e+14 7.399788e+32
1.485556e+14 7.504591e+32
1.497071e+14 7.610878e+32
1.508676e+14 7.718670e+32
1.520371e+14 7.827989e+32
1.532156e+14 7.938856e+32
1.544033e+14 8.051294e+32
1.556002e+14 8.165323e+32
1.568063e+14 8.280968e+32
1.580219e+14 8.398251e+32
1.592468e+14 8.517195e+32
1.604812e+14 8.637823e+32
1.617252e+14 8.760160e+32
1.629789e+14 8.884230e+32
1.642422e+14 9.010056e+32
1.655154e+14 9.137665e+32
1.667984e+14 9.267081e+32
1.680914e+14 9.398330e+32
1.693944e+14 9.531438e+32
1.707075e+14 9.666431e+32
1.720307e+14 9.803336e+32
1.733643e+14 9.942180e+32
1.747081e+14 1.008299e+33
1.760624e+14 1.022580e+33
1.774272e+14 1.037062e+33
1.788026e+14 1.051750e+33
1.801886e+14 1.066646e+33
1.815854e+14 1.081753e+33
1.829929e+14 1.097074e+33
1.844114e+14 1.112611e+33
1.858409e+14 1.128369e+33
1.872815e+14 1.144350e+33
1.887333e+14 1.160558e+33
1.901963e+14 1.176994e+33
1.916706e+14 1.193664e+33
1.931564e+14 1.210570e+33
1.946537e+14 1.227715e+33
1.961626e+14 1.245103e+33
1.976832e+14 1.262737e+33
1.992155e+14 1.280622e+33
2.007598e+14 1.298759e+33
2.023160e+14 1.317153e+33
2.038843e+14 1.335808e+33
2.054648e+14 1.354727e+33
2.070575e+14 1.373914e+33
2.086625e+14 1.393372e+33
2.102800e+14 1.413107e+33
2.119100e+14 1.433120e+33
2.135527e+14 1.453417e+33
2.152081e+14 1.474002e+33
2.168763e+14 1.494878e+33
2.185575e+14 1.516050e+33
2.202517e+14 1.537522e+33
2.219590e+14 1.559298e+33
2.236795e+14 1.581382e+33
2.254134e+14 1.603779e+33
2.271608e+14 1.626493e+33
2.289217e+14 1.649529e+33
2.306962e+14 1.672891e+33
2.324845e+14 1.696584e+33
2.342866e+14 1.720613e+33
2.361027e+14 1.744982e+33
2.379329e+14 1.769696e+33
2.397773e+14 1.794760e+33
2.416360e+14 1.820179e+33
2.435091e+14 1.845958e+33
2.453967e+14 1.872102e+33
2.472989e+14 1.898617e+33
2.492159e+14 1.925507e+33
2.511478e+14 1.952777e+33
2.530946e+14 1.980434e+33
2.550565e+14 2.008483e+33
2.570336e+14 2.036929e+33
2.590260e+14 2.065778e+33
2.610339e+14 2.095035e+33
2.630574e+14 2.124707e+33
2.650965e+14 2.154799e+33
2.671515e+14 2.185318e+33
2.692224e+14 2.216268e+33
2.713093e+14 2.247657e+33
2.734124e+14 2.279490e+33
2.755318e+14 2.311775e+33
2.776676e+14 2.344516e+33
2.798200e+14 2.377721e+33
2.819891e+14 2.411397e+33
2.841750e+14 2.445549e+33
2.863778e+14 2.480185e+33
2.885977e+14 2.515312e+33
2.908349e+14 2.550936e+33
2.930893e+14 2.587065e+33
