# epsilon [g/cm^3]   P [dyn/cm^2]
1.364583e+14 6.618988e+32
1.375161e+14 6.778922e+32
1.385821e+14 6.942720e+32
1.396563e+14 7.110477e+32
1.407389e+14 7.282287e+32
1.418299e+14 7.458248e+32
1.429293e+14 7.638461e+32
1.440372e+14 7.823029e+32
1.451538e+14 8.012056e+32
1.462789e+14 8.205651e+32
1.474129e+14 8.403923e+32
1.485556e+14 8.606986e+32
1.497071e+14 8.814956e+32
1.508676e+14 9.027951e+32
1.520371e+14 9.246093e+32
1.532156e+14 9.469506e+32
1.544033e+14 9.698317e+32
1.556002e+14 9.932656e+32
1.568063e+14 1.017266e+33
1.580219e+14 1.041846e+33
1.592468e+14 1.067020e+33
1.604812e+14 1.092802e+33
1.617252e+14 1.119208e+33
1.629789e+14 1.146251e+33
1.642422e+14 1.173948e+33
1.655154e+14 1.202314e+33
1.667984e+14 1.231365e+33
1.680914e+14 1.261119e+33
1.693944e+14 1.291591e+33
1.707075e+14 1.322799e+33
1.720307e+14 1.354762e+33
1.733643e+14 1.387497e+33
1.747081e+14 1.421023e+33
1.760624e+14 1.455359e+33
1.774272e+14 1.490525e+33
1.788026e+14 1.526540e+33
1.801886e+14 1.563426e+33
1.815854e+14 1.601203e+33
1.829929e+14 1.639893e+33
1.844114e+14 1.679517e+33
1.858409e+14 1.720099e+33
1.872815e+14 1.761662e+33
1.887333e+14 1.804229e+33
1.901963e+14 1.847824e+33
1.916706e+14 1.892473e+33
1.931564e+14 1.938201e+33
1.946537e+14 1.985034e+33
1.961626e+14 2.032998e+33
1.976832e+14 2.082121e+33
1.992155e+14 2.132431e+33
2.007598e+14 2.183957e+33
2.023160e+14 2.236728e+33
2.038843e+14 2.290774e+33
2.054648e+14 2.346125e+33
2.070575e+14 2.402815e+33
2.086625e+14 2.460874e+33
2.102800e+14 2.520335e+33
2.119100e+14 2.581234e+33
2.135527e+14 2.643604e+33
2.152081e+14 2.707482e+33
2.168763e+14 2.772902e+33
2.185575e+14 2.839904e+33
2.202517e+14 2.908524e+33
2.219590e+14 2.978802e+33
2.236795e+14 3.050779e+33
2.254134e+14 3.124495e+33
2.271608e+14 3.199992e+33
2.289217e+14 3.277313e+33
2.306962e+14 3.356502e+33
2.324845e+14 3.437605e+33
2.342866e+14 3.520668e+33
2.361027e+14 3.605737e+33
2.379329e+14 3.692863e+33
2.397773e+14 3.782093e+33
2.416360e+14 3.873479e+33
2.435091e+14 3.967074e+33
2.453967e+14 4.062930e+33
2.472989e+14 4.161102e+33
2.492159e+14 4.261647e+33
2.511478e+14 4.364621e+33
2.530946e+14 4.470083e+33
2.550565e+14 4.578093e+33
2.570336e+14 4.688713e+33
2.590260e+14 4.802006e+33
2.610339e+14 4.918036e+33
2.630574e+14 5.036871e+33
2.650965e+14 5.158576e+33
2.671515e+14 5.283222e+33
2.692224e+14 5.410881e+33
2.713093e+14 5.541623e+33
2.734124e+14 5.675525e+33
2.755318e+14 5.812662e+33
2.776676e+14 5.953113e+33
2.798200e+14 6.096958e+33
2.819891e+14 6.244278e+33
2.841750e+14 6.395158e+33
2.863778e+14 6.549684e+33
2.885977e+14 6.707943e+33
2.908349e+14 6.870027e+33
2.930893e+14 7.036027e+33
