# epsilon [g/cm^3]   P [dyn/cm^2]
1.364583e+14 6.621706e+32
1.375161e+14 6.782644e+32
1.385821e+14 6.947493e+32
1.396563e+14 7.116349e+32
1.407389e+14 7.289309e+32
1.418299e+14 7.466473e+32
1.429293e+14 7.647942e+32
1.440372e+14 7.833822e+32
1.451538e+14 8.024220e+32
1.462789e+14 8.219246e+32
1.474129e+14 8.419011e+32
1.485556e+14 8.623632e+32
1.497071e+14 8.833225e+32
1.508676e+14 9.047913e+32
1.520371e+14 9.267819e+32
1.532156e+14 9.493070e+32
1.544033e+14 9.723795e+32
1.556002e+14 9.960128e+32
1.568063e+14 1.020220e+33
1.580219e+14 1.045017e+33
1.592468e+14 1.070415e+33
1.604812e+14 1.096431e+33
1.617252e+14 1.123080e+33
1.629789e+14 1.150376e+33
1.642422e+14 1.178335e+33
1.655154e+14 1.206974e+33
1.667984e+14 1.236309e+33
1.680914e+14 1.266357e+33
1.693944e+14 1.297135e+33
1.707075e+14 1.328661e+33
1.720307e+14 1.360954e+33
1.733643e+14 1.394031e+33
1.747081e+14 1.427913e+33
1.760624e+14 1.462618e+33
1.774272e+14 1.498166e+33
1.788026e+14 1.534578e+33
1.801886e+14 1.571876e+33
1.815854e+14 1.610079e+33
1.829929e+14 1.649212e+33
1.844114e+14 1.689295e+33
1.858409e+14 1.730353e+33
1.872815e+14 1.772408e+33
1.887333e+14 1.815486e+33
1.901963e+14 1.859611e+33
1.916706e+14 1.904808e+33
1.931564e+14 1.951103e+33
1.946537e+14 1.998524e+33
1.961626e+14 2.047097e+33
1.976832e+14 2.096851e+33
1.992155e+14 2.147814e+33
2.007598e+14 2.200016e+33
2.023160e+14 2.253487e+33
2.038843e+14 2.308257e+33
2.054648e+14 2.364358e+33
2.070575e+14 2.421823e+33
2.086625e+14 2.480684e+33
2.102800e+14 2.540976e+33
2.119100e+14 2.602733e+33
2.135527e+14 2.665992e+33
2.152081e+14 2.730788e+33
2.168763e+14 2.797158e+33
2.185575e+14 2.865142e+33
2.202517e+14 2.934778e+33
2.219590e+14 3.006107e+33
2.236795e+14 3.079169e+33
2.254134e+14 3.154007e+33
2.271608e+14 3.230664e+33
2.289217e+14 3.309184e+33
2.306962e+14 3.389612e+33
2.324845e+14 3.471995e+33
2.342866e+14 3.556381e+33
2.361027e+14 3.642817e+33
2.379329e+14 3.731354e+33
2.397773e+14 3.822043e+33
2.416360e+14 3.914936e+33
2.435091e+14 4.010087e+33
2.453967e+14 4.107551e+33
2.472989e+14 4.207383e+33
2.492159e+14 4.309642e+33
2.511478e+14 4.414386e+33
2.530946e+14 4.521676e+33
2.550565e+14 4.631573e+33
2.570336e+14 4.744142e+33
2.590260e+14 4.859446e+33
2.610339e+14 4.977553e+33
2.630574e+14 5.098531e+33
2.650965e+14 5.222448e+33
2.671515e+14 5.349378e+33
2.692224e+14 5.479392e+33
2.713093e+14 5.612567e+33
2.734124e+14 5.748978e+33
2.755318e+14 5.888704e+33
2.776676e+14 6.031827e+33
2.798200e+14 6.178428e+33
2.819891e+14 6.328592e+33
2.841750e+14 6.482406e+33
2.863778e+14 6.639958e+33
2.885977e+14 6.801340e+33
2.908349e+14 6.966643e+33
2.930893e+14 7.135965e+33
