# epsilon [g/cm^3]   P [dyn/cm^2]
1.364583e+14 6.508783e+32
1.375161e+14 6.628456e+32
1.385821e+14 6.750330e+32
1.396563e+14 6.874445e+32
1.407389e+14 7.000842e+32
1.418299e+14 7.129563e+32
1.429293e+14 7.260651e+32
1.440372e+14 7.394149e+32
1.451538e+14 7.530101e+32
1.462789e+14 7.668553e+32
1.474129e+14 7.809551e+32
1.485556e+14 7.953142e+32
1.497071e+14 8.099372e+32
1.508676e+14 8.248291e+32
1.520371e+14 8.399948e+32
1.532156e+14 8.554394e+32
1.544033e+14 8.711679e+32
1.556002e+14 8.871856e+32
1.568063e+14 9.034979e+32
1.580219e+14 9.201100e+32
1.592468e+14 9.370276e+32
1.604812e+14 9.542563e+32
1.617252e+14 9.718017e+32
1.629789e+14 9.896697e+32
1.642422e+14 1.007866e+33
1.655154e+14 1.026397e+33
1.667984e+14 1.045269e+33
1.680914e+14 1.064488e+33
1.693944e+14 1.084060e+33
1.707075e+14 1.103992e+33
1.720307e+14 1.124291e+33
1.733643e+14 1.144963e+33
1.747081e+14 1.166015e+33
1.760624e+14 1.187453e+33
1.774272e+14 1.209287e+33
1.788026e+14 1.231521e+33
1.801886e+14 1.254165e+33
1.815854e+14 1.277224e+33
1.829929e+14 1.300708e+33
1.844114e+14 1.324623e+33
1.858409e+14 1.348979e+33
1.872815e+14 1.373782e+33
1.887333e+14 1.399041e+33
1.901963e+14 1.424764e+33
1.916706e+14 1.450960e+33
1.931564e+14 1.477638e+33
1.946537e+14 1.504807e+33
1.961626e+14 1.532475e+33
1.976832e+14 1.560652e+33
1.992155e+14 1.589347e+33
2.007598e+14 1.618569e+33
2.023160e+14 1.648329e+33
2.038843e+14 1.678636e+33
2.054648e+14 1.709501e+33
2.070575e+14 1.740932e+33
2.086625e+14 1.772942e+33
2.102800e+14 1.805540e+33
2.119100e+14 1.838738e+33
2.135527e+14 1.872546e+33
2.152081e+14 1.906975e+33
2.168763e+14 1.942038e+33
2.185575e+14 1.977745e+33
2.202517e+14 2.014109e+33
2.219590e+14 2.051141e+33
2.236795e+14 2.088855e+33
2.254134e+14 2.127261e+33
2.271608e+14 2.166374e+33
2.289217e+14 2.206206e+33
2.306962e+14 2.246771e+33
2.324845e+14 2.288081e+33
2.342866e+14 2.330151e+33
2.361027e+14 2.372994e+33
2.379329e+14 2.416625e+33
2.397773e+14 2.461058e+33
2.416360e+14 2.506308e+33
2.435091e+14 2.552391e+33
2.453967e+14 2.599320e+33
2.472989e+14 2.647113e+33
2.492159e+14 2.695784e+33
2.511478e+14 2.745350e+33
2.530946e+14 2.795827e+33
2.550565e+14 2.847233e+33
2.570336e+14 2.899583e+33
2.590260e+14 2.952896e+33
2.610339e+14 3.007190e+33
2.630574e+14 3.062481e+33
2.650965e+14 3.118790e+33
2.671515e+14 3.176133e+33
2.692224e+14 3.234531e+33
2.713093e+14 3.294003e+33
2.734124e+14 3.354568e+33
2.755318e+14 3.416247e+33
2.776676e+14 3.479060e+33
2.798200e+14 3.543027e+33
2.819891e+14 3.608171e+33
2.841750e+14 3.674513e+33
2.863778e+14 3.742074e+33
2.885977e+14 3.810878e+33
2.908349e+14 3.880947e+33
2.930893e+14 3.952304e+33
