# epsilon [g/cm^3]   P [dyn/cm^2]
1.364583e+14 6.545460e+32
1.375161e+14 6.678439e+32
1.385821e+14 6.814119e+32
1.396563e+14 6.952555e+32
1.407389e+14 7.093804e+32
1.418299e+14 7.237923e+32
1.429293e+14 7.384969e+32
1.440372e+14 7.535003e+32
1.451538e+14 7.688086e+32
1.462789e+14 7.844278e+32
1.474129e+14 8.003643e+32
1.485556e+14 8.166246e+32
1.497071e+14 8.332152e+32
1.508676e+14 8.501430e+32
1.520371e+14 8.674146e+32
1.532156e+14 8.850371e+32
1.544033e+14 9.030176e+32
1.556002e+14 9.213634e+32
1.568063e+14 9.400820e+32
1.580219e+14 9.591808e+32
1.592468e+14 9.786676e+32
1.604812e+14 9.985504e+32
1.617252e+14 1.018837e+33
1.629789e+14 1.039536e+33
1.642422e+14 1.060655e+33
1.655154e+14 1.082204e+33
1.667984e+14 1.104190e+33
1.680914e+14 1.126623e+33
1.693944e+14 1.149511e+33
1.707075e+14 1.172865e+33
1.720307e+14 1.196693e+33
1.733643e+14 1.221005e+33
1.747081e+14 1.245811e+33
1.760624e+14 1.271121e+33
1.774272e+14 1.296946e+33
1.788026e+14 1.323294e+33
1.801886e+14 1.350179e+33
1.815854e+14 1.377609e+33
1.829929e+14 1.405597e+33
1.844114e+14 1.434153e+33
1.858409e+14 1.463289e+33
1.872815e+14 1.493018e+33
1.887333e+14 1.523350e+33
1.901963e+14 1.554299e+33
1.916706e+14 1.585876e+33
1.931564e+14 1.618095e+33
1.946537e+14 1.650968e+33
1.961626e+14 1.684510e+33
1.976832e+14 1.718732e+33
1.992155e+14 1.753650e+33
2.007598e+14 1.789278e+33
2.023160e+14 1.825629e+33
2.038843e+14 1.862719e+33
2.054648e+14 1.900562e+33
2.070575e+14 1.939174e+33
2.086625e+14 1.978570e+33
2.102800e+14 2.018767e+33
2.119100e+14 2.059781e+33
2.135527e+14 2.101628e+33
2.152081e+14 2.144324e+33
2.168763e+14 2.187889e+33
2.185575e+14 2.232338e+33
2.202517e+14 2.277691e+33
2.219590e+14 2.323965e+33
2.236795e+14 2.371179e+33
2.254134e+14 2.419352e+33
2.271608e+14 2.468504e+33
2.289217e+14 2.518654e+33
2.306962e+14 2.569823e+33
2.324845e+14 2.622032e+33
2.342866e+14 2.675302e+33
2.361027e+14 2.729653e+33
2.379329e+14 2.785109e+33
2.397773e+14 2.841692e+33
2.416360e+14 2.899424e+33
2.435091e+14 2.958329e+33
2.453967e+14 3.018431e+33
2.472989e+14 3.079754e+33
2.492159e+14 3.142323e+33
2.511478e+14 3.206162e+33
2.530946e+14 3.271299e+33
2.550565e+14 3.337759e+33
2.570336e+14 3.405570e+33
2.590260e+14 3.474758e+33
2.610339e+14 3.545351e+33
2.630574e+14 3.617379e+33
2.650965e+14 3.690870e+33
2.671515e+14 3.765854e+33
2.692224e+14 3.842362e+33
2.713093e+14 3.920424e+33
2.734124e+14 4.000072e+33
2.755318e+14 4.081338e+33
2.776676e+14 4.164255e+33
2.798200e+14 4.248856e+33
2.819891e+14 4.335177e+33
2.841750e+14 4.423251e+33
2.863778e+14 4.513114e+33
2.885977e+14 4.604803e+33
2.908349e+14 4.698355e+33
2.930893e+14 4.793807e+33
