# epsilon [g/cm^3]   P [dyn/cm^2]
1.364583e+14 6.427230e+32
1.375161e+14 6.517661e+32
1.385821e+14 6.609364e+32
1.396563e+14 6.702358e+32
1.407389e+14 6.796660e+32
1.418299e+14 6.892289e+32
1.429293e+14 6.989264e+32
1.440372e+14 7.087603e+32
1.451538e+14 7.187325e+32
1.462789e+14 7.288451e+32
1.474129e+14 7.391000e+32
1.485556e+14 7.494991e+32
1.497071e+14 7.600446e+32
1.508676e+14 7.707384e+32
1.520371e+14 7.815827e+32
1.532156e+14 7.925795e+32
1.544033e+14 8.037311e+32
1.556002e+14 8.150396e+32
1.568063e+14 8.265072e+32
1.580219e+14 8.381362e+32
1.592468e+14 8.499288e+32
1.604812e+14 8.618873e+32
1.617252e+14 8.740140e+32
1.629789e+14 8.863114e+32
1.642422e+14 8.987818e+32
1.655154e+14 9.114277e+32
1.667984e+14 9.242515e+32
1.680914e+14 9.372557e+32
1.693944e+14 9.504429e+32
1.707075e+14 9.638156e+32
1.720307e+14 9.773765e+32
1.733643e+14 9.911282e+32
1.747081e+14 1.005073e+33
1.760624e+14 1.019215e+33
1.774272e+14 1.033555e+33
1.788026e+14 1.048097e+33
1.801886e+14 1.062844e+33
1.815854e+14 1.077798e+33
1.829929e+14 1.092963e+33
1.844114e+14 1.108341e+33
1.858409e+14 1.123935e+33
1.872815e+14 1.139749e+33
1.887333e+14 1.155785e+33
1.901963e+14 1.172047e+33
1.916706e+14 1.188538e+33
1.931564e+14 1.205260e+33
1.946537e+14 1.222218e+33
1.961626e+14 1.239415e+33
1.976832e+14 1.256854e+33
1.992155e+14 1.274538e+33
2.007598e+14 1.292470e+33
2.023160e+14 1.310655e+33
2.038843e+14 1.329096e+33
2.054648e+14 1.347797e+33
2.070575e+14 1.366760e+33
2.086625e+14 1.385991e+33
2.102800e+14 1.405491e+33
2.119100e+14 1.425267e+33
2.135527e+14 1.445320e+33
2.152081e+14 1.465656e+33
2.168763e+14 1.486278e+33
2.185575e+14 1.507190e+33
2.202517e+14 1.528396e+33
2.219590e+14 1.549900e+33
2.236795e+14 1.571707e+33
2.254134e+14 1.593821e+33
2.271608e+14 1.616246e+33
2.289217e+14 1.638987e+33
2.306962e+14 1.662047e+33
2.324845e+14 1.685432e+33
2.342866e+14 1.709146e+33
2.361027e+14 1.733194e+33
2.379329e+14 1.757580e+33
2.397773e+14 1.782309e+33
2.416360e+14 1.807386e+33
2.435091e+14 1.832816e+33
2.453967e+14 1.858604e+33
2.472989e+14 1.884755e+33
2.492159e+14 1.911273e+33
2.511478e+14 1.938165e+33
2.530946e+14 1.965435e+33
2.550565e+14 1.993088e+33
2.570336e+14 2.021131e+33
2.590260e+14 2.049569e+33
2.610339e+14 2.078406e+33
2.630574e+14 2.107649e+33
2.650965e+14 2.137304e+33
2.671515e+14 2.167376e+33
2.692224e+14 2.197871e+33
2.713093e+14 2.228795e+33
2.734124e+14 2.260154e+33
2.755318e+14 2.291954e+33
2.776676e+14 2.324202e+33
2.798200e+14 2.356903e+33
2.819891e+14 2.390065e+33
2.841750e+14 2.423693e+33
2.863778e+14 2.457795e+33
2.885977e+14 2.492376e+33
2.908349e+14 2.527444e+33
2.930893e+14 2.563005e+33
