# epsilon [g/cm^3]   P [dyn/cm^2]
1.364583e+14 6.525243e+32
1.375161e+14 6.650876e+32
1.385821e+14 6.778928e+32
1.396563e+14 6.909446e+32
1.407389e+14 7.042476e+32
1.418299e+14 7.178068e+32
1.429293e+14 7.316270e+32
1.440372e+14 7.457133e+32
1.451538e+14 7.600708e+32
1.462789e+14 7.747047e+32
1.474129e+14 7.896204e+32
1.485556e+14 8.048233e+32
1.497071e+14 8.203189e+32
1.508676e+14 8.361128e+32
1.520371e+14 8.522108e+32
1.532156e+14 8.686188e+32
1.544033e+14 8.853426e+32
1.556002e+14 9.023885e+32
1.568063e+14 9.197625e+32
1.580219e+14 9.374711e+32
1.592468e+14 9.555206e+32
1.604812e+14 9.739176e+32
1.617252e+14 9.926688e+32
1.629789e+14 1.011781e+33
1.642422e+14 1.031261e+33
1.655154e+14 1.051117e+33
1.667984e+14 1.071354e+33
1.680914e+14 1.091981e+33
1.693944e+14 1.113006e+33
1.707075e+14 1.134435e+33
1.720307e+14 1.156277e+33
1.733643e+14 1.178539e+33
1.747081e+14 1.201230e+33
1.760624e+14 1.224357e+33
1.774272e+14 1.247930e+33
1.788026e+14 1.271957e+33
1.801886e+14 1.296447e+33
1.815854e+14 1.321408e+33
1.829929e+14 1.346849e+33
1.844114e+14 1.372781e+33
1.858409e+14 1.399212e+33
1.872815e+14 1.426151e+33
1.887333e+14 1.453609e+33
1.901963e+14 1.481596e+33
1.916706e+14 1.510122e+33
1.931564e+14 1.539197e+33
1.946537e+14 1.568832e+33
1.961626e+14 1.599037e+33
1.976832e+14 1.629824e+33
1.992155e+14 1.661204e+33
2.007598e+14 1.693187e+33
2.023160e+14 1.725787e+33
2.038843e+14 1.759014e+33
2.054648e+14 1.792881e+33
2.070575e+14 1.827400e+33
2.086625e+14 1.862584e+33
2.102800e+14 1.898445e+33
2.119100e+14 1.934997e+33
2.135527e+14 1.972252e+33
2.152081e+14 2.010224e+33
2.168763e+14 2.048928e+33
2.185575e+14 2.088377e+33
2.202517e+14 2.128585e+33
2.219590e+14 2.169568e+33
2.236795e+14 2.211339e+33
2.254134e+14 2.253915e+33
2.271608e+14 2.297311e+33
2.289217e+14 2.341542e+33
2.306962e+14 2.386624e+33
2.324845e+14 2.432575e+33
2.342866e+14 2.479410e+33
2.361027e+14 2.527147e+33
2.379329e+14 2.575803e+33
2.397773e+14 2.625396e+33
2.416360e+14 2.675944e+33
2.435091e+14 2.727465e+33
2.453967e+14 2.779978e+33
2.472989e+14 2.833502e+33
2.492159e+14 2.888057e+33
2.511478e+14 2.943662e+33
2.530946e+14 3.000337e+33
2.550565e+14 3.058104e+33
2.570336e+14 3.116983e+33
2.590260e+14 3.176995e+33
2.610339e+14 3.238163e+33
2.630574e+14 3.300509e+33
2.650965e+14 3.364055e+33
2.671515e+14 3.428824e+33
2.692224e+14 3.494841e+33
2.713093e+14 3.562128e+33
2.734124e+14 3.630711e+33
2.755318e+14 3.700615e+33
2.776676e+14 3.771864e+33
2.798200e+14 3.844485e+33
2.819891e+14 3.918505e+33
2.841750e+14 3.993949e+33
2.863778e+14 4.070846e+33
2.885977e+14 4.149224e+33
2.908349e+14 4.229111e+33
2.930893e+14 4.310535e+33
