# epsilon [g/cm^3]   P [dyn/cm^2]
1.364583e+14 6.474292e+32
1.375161e+14 6.581541e+32
1.385821e+14 6.690566e+32
1.396563e+14 6.801397e+32
1.407389e+14 6.914065e+32
1.418299e+14 7.028599e+32
1.429293e+14 7.145030e+32
1.440372e+14 7.263390e+32
1.451538e+14 7.383710e+32
1.462789e+14 7.506024e+32
1.474129e+14 7.630364e+32
1.485556e+14 7.756763e+32
1.497071e+14 7.885256e+32
1.508676e+14 8.015878e+32
1.520371e+14 8.148664e+32
1.532156e+14 8.283650e+32
1.544033e+14 8.420871e+32
1.556002e+14 8.560366e+32
1.568063e+14 8.702171e+32
1.580219e+14 8.846325e+32
1.592468e+14 8.992868e+32
1.604812e+14 9.141837e+32
1.617252e+14 9.293275e+32
1.629789e+14 9.447221e+32
1.642422e+14 9.603718e+32
1.655154e+14 9.762807e+32
1.667984e+14 9.924531e+32
1.680914e+14 1.008893e+33
1.693944e+14 1.025606e+33
1.707075e+14 1.042596e+33
1.720307e+14 1.059867e+33
1.733643e+14 1.077424e+33
1.747081e+14 1.095271e+33
1.760624e+14 1.113415e+33
1.774272e+14 1.131859e+33
1.788026e+14 1.150609e+33
1.801886e+14 1.169669e+33
1.815854e+14 1.189045e+33
1.829929e+14 1.208742e+33
1.844114e+14 1.228765e+33
1.858409e+14 1.249120e+33
1.872815e+14 1.269812e+33
1.887333e+14 1.290847e+33
1.901963e+14 1.312230e+33
1.916706e+14 1.333968e+33
1.931564e+14 1.356065e+33
1.946537e+14 1.378529e+33
1.961626e+14 1.401365e+33
1.976832e+14 1.424579e+33
1.992155e+14 1.448178e+33
2.007598e+14 1.472167e+33
2.023160e+14 1.496554e+33
2.038843e+14 1.521345e+33
2.054648e+14 1.546547e+33
2.070575e+14 1.572166e+33
2.086625e+14 1.598209e+33
2.102800e+14 1.624684e+33
2.119100e+14 1.651597e+33
2.135527e+14 1.678957e+33
2.152081e+14 1.706769e+33
2.168763e+14 1.735042e+33
2.185575e+14 1.763784e+33
2.202517e+14 1.793002e+33
2.219590e+14 1.822703e+33
2.236795e+14 1.852897e+33
2.254134e+14 1.883591e+33
2.271608e+14 1.914793e+33
2.289217e+14 1.946512e+33
2.306962e+14 1.978757e+33
2.324845e+14 2.011536e+33
2.342866e+14 2.044857e+33
2.361027e+14 2.078731e+33
2.379329e+14 2.113166e+33
2.397773e+14 2.148171e+33
2.416360e+14 2.183757e+33
2.435091e+14 2.219931e+33
2.453967e+14 2.256705e+33
2.472989e+14 2.294088e+33
2.492159e+14 2.332091e+33
2.511478e+14 2.370722e+33
2.530946e+14 2.409994e+33
2.550565e+14 2.449917e+33
2.570336e+14 2.490500e+33
2.590260e+14 2.531756e+33
2.610339e+14 2.573696e+33
2.630574e+14 2.616330e+33
2.650965e+14 2.659670e+33
2.671515e+14 2.703729e+33
2.692224e+14 2.748517e+33
2.713093e+14 2.794047e+33
2.734124e+14 2.840331e+33
2.755318e+14 2.887382e+33
2.776676e+14 2.935213e+33
2.798200e+14 2.983835e+33
2.819891e+14 3.033264e+33
2.841750e+14 3.083511e+33
2.863778e+14 3.134590e+33
2.885977e+14 3.186516e+33
2.908349e+14 3.239301e+33
2.930893e+14 3.292961e+33
