# epsilon [g/cm^3]   P [dyn/cm^2]
1.364583e+14 6.477276e+32
1.375161e+14 6.585596e+32
1.385821e+14 6.695728e+32
1.396563e+14 6.807702e+32
1.407389e+14 6.921548e+32
1.418299e+14 7.037298e+32
1.429293e+14 7.154984e+32
1.440372e+14 7.274638e+32
1.451538e+14 7.396293e+32
1.462789e+14 7.519982e+32
1.474129e+14 7.645740e+32
1.485556e+14 7.773601e+32
1.497071e+14 7.903600e+32
1.508676e+14 8.035773e+32
1.520371e+14 8.170156e+32
1.532156e+14 8.306787e+32
1.544033e+14 8.445703e+32
1.556002e+14 8.586941e+32
1.568063e+14 8.730542e+32
1.580219e+14 8.876544e+32
1.592468e+14 9.024988e+32
1.604812e+14 9.175914e+32
1.617252e+14 9.329364e+32
1.629789e+14 9.485381e+32
1.642422e+14 9.644006e+32
1.655154e+14 9.805284e+32
1.667984e+14 9.969260e+32
1.680914e+14 1.013598e+33
1.693944e+14 1.030548e+33
1.707075e+14 1.047782e+33
1.720307e+14 1.065304e+33
1.733643e+14 1.083120e+33
1.747081e+14 1.101233e+33
1.760624e+14 1.119649e+33
1.774272e+14 1.138373e+33
1.788026e+14 1.157410e+33
1.801886e+14 1.176766e+33
1.815854e+14 1.196445e+33
1.829929e+14 1.216453e+33
1.844114e+14 1.236796e+33
1.858409e+14 1.257479e+33
1.872815e+14 1.278508e+33
1.887333e+14 1.299889e+33
1.901963e+14 1.321627e+33
1.916706e+14 1.343729e+33
1.931564e+14 1.366201e+33
1.946537e+14 1.389048e+33
1.961626e+14 1.412277e+33
1.976832e+14 1.435895e+33
1.992155e+14 1.459907e+33
2.007598e+14 1.484322e+33
2.023160e+14 1.509144e+33
2.038843e+14 1.534382e+33
2.054648e+14 1.560041e+33
2.070575e+14 1.586130e+33
2.086625e+14 1.612655e+33
2.102800e+14 1.639624e+33
2.119100e+14 1.667044e+33
2.135527e+14 1.694922e+33
2.152081e+14 1.723266e+33
2.168763e+14 1.752085e+33
2.185575e+14 1.781385e+33
2.202517e+14 1.811176e+33
2.219590e+14 1.841464e+33
2.236795e+14 1.872259e+33
2.254134e+14 1.903569e+33
2.271608e+14 1.935403e+33
2.289217e+14 1.967769e+33
2.306962e+14 2.000676e+33
2.324845e+14 2.034134e+33
2.342866e+14 2.068151e+33
2.361027e+14 2.102737e+33
2.379329e+14 2.137901e+33
2.397773e+14 2.173654e+33
2.416360e+14 2.210004e+33
2.435091e+14 2.246962e+33
2.453967e+14 2.284539e+33
2.472989e+14 2.322743e+33
2.492159e+14 2.361587e+33
2.511478e+14 2.401080e+33
2.530946e+14 2.441234e+33
2.550565e+14 2.482059e+33
2.570336e+14 2.523567e+33
2.590260e+14 2.565769e+33
2.610339e+14 2.608676e+33
2.630574e+14 2.652302e+33
2.650965e+14 2.696657e+33
2.671515e+14 2.741753e+33
2.692224e+14 2.787604e+33
2.713093e+14 2.834221e+33
2.734124e+14 2.881619e+33
2.755318e+14 2.929808e+33
2.776676e+14 2.978804e+33
2.798200e+14 3.028619e+33
2.819891e+14 3.079267e+33
2.841750e+14 3.130762e+33
2.863778e+14 3.183118e+33
2.885977e+14 3.236350e+33
2.908349e+14 3.290472e+33
2.930893e+14 3.345499e+33
