# epsilon [g/cm^3]   P [dyn/cm^2]
1.364583e+14 6.576296e+32
1.375161e+14 6.720533e+32
1.385821e+14 6.867933e+32
1.396563e+14 7.018567e+32
1.407389e+14 7.172504e+32
1.418299e+14 7.329817e+32
1.429293e+14 7.490581e+32
1.440372e+14 7.654871e+32
1.451538e+14 7.822764e+32
1.462789e+14 7.994340e+32
1.474129e+14 8.169679e+32
1.485556e+14 8.348863e+32
1.497071e+14 8.531977e+32
1.508676e+14 8.719108e+32
1.520371e+14 8.910343e+32
1.532156e+14 9.105772e+32
1.544033e+14 9.305488e+32
1.556002e+14 9.509584e+32
1.568063e+14 9.718156e+32
1.580219e+14 9.931303e+32
1.592468e+14 1.014912e+33
1.604812e+14 1.037172e+33
1.617252e+14 1.059921e+33
1.629789e+14 1.083168e+33
1.642422e+14 1.106925e+33
1.655154e+14 1.131203e+33
1.667984e+14 1.156013e+33
1.680914e+14 1.181368e+33
1.693944e+14 1.207279e+33
1.707075e+14 1.233758e+33
1.720307e+14 1.260817e+33
1.733643e+14 1.288471e+33
1.747081e+14 1.316731e+33
1.760624e+14 1.345610e+33
1.774272e+14 1.375123e+33
1.788026e+14 1.405284e+33
1.801886e+14 1.436106e+33
1.815854e+14 1.467603e+33
1.829929e+14 1.499792e+33
1.844114e+14 1.532687e+33
1.858409e+14 1.566303e+33
1.872815e+14 1.600657e+33
1.887333e+14 1.635764e+33
1.901963e+14 1.671641e+33
1.916706e+14 1.708304e+33
1.931564e+14 1.745772e+33
1.946537e+14 1.784062e+33
1.961626e+14 1.823192e+33
1.976832e+14 1.863180e+33
1.992155e+14 1.904044e+33
2.007598e+14 1.945806e+33
2.023160e+14 1.988483e+33
2.038843e+14 2.032096e+33
2.054648e+14 2.076665e+33
2.070575e+14 2.122213e+33
2.086625e+14 2.168759e+33
2.102800e+14 2.216326e+33
2.119100e+14 2.264936e+33
2.135527e+14 2.314613e+33
2.152081e+14 2.365379e+33
2.168763e+14 2.417258e+33
2.185575e+14 2.470276e+33
2.202517e+14 2.524456e+33
2.219590e+14 2.579824e+33
2.236795e+14 2.636407e+33
2.254134e+14 2.694231e+33
2.271608e+14 2.753323e+33
2.289217e+14 2.813712e+33
2.306962e+14 2.875424e+33
2.324845e+14 2.938491e+33
2.342866e+14 3.002940e+33
2.361027e+14 3.068803e+33
2.379329e+14 3.136111e+33
2.397773e+14 3.204895e+33
2.416360e+14 3.275187e+33
2.435091e+14 3.347021e+33
2.453967e+14 3.420431e+33
2.472989e+14 3.495451e+33
2.492159e+14 3.572116e+33
2.511478e+14 3.650463e+33
2.530946e+14 3.730528e+33
2.550565e+14 3.812349e+33
2.570336e+14 3.895965e+33
2.590260e+14 3.981414e+33
2.610339e+14 4.068738e+33
2.630574e+14 4.157977e+33
2.650965e+14 4.249173e+33
2.671515e+14 4.342370e+33
2.692224e+14 4.437611e+33
2.713093e+14 4.534940e+33
2.734124e+14 4.634404e+33
2.755318e+14 4.736050e+33
2.776676e+14 4.839925e+33
2.798200e+14 4.946078e+33
2.819891e+14 5.054560e+33
2.841750e+14 5.165421e+33
2.863778e+14 5.278713e+33
2.885977e+14 5.394491e+33
2.908349e+14 5.512807e+33
2.930893e+14 5.633719e+33
