# epsilon [g/cm^3]   P [dyn/cm^2]
1.364583e+14 6.487368e+32
1.375161e+14 6.599318e+32
1.385821e+14 6.713199e+32
1.396563e+14 6.829046e+32
1.407389e+14 6.946892e+32
1.418299e+14 7.066771e+32
1.429293e+14 7.188719e+32
1.440372e+14 7.312772e+32
1.451538e+14 7.438965e+32
1.462789e+14 7.567336e+32
1.474129e+14 7.697922e+32
1.485556e+14 7.830761e+32
1.497071e+14 7.965893e+32
1.508676e+14 8.103357e+32
1.520371e+14 8.243193e+32
1.532156e+14 8.385442e+32
1.544033e+14 8.530146e+32
1.556002e+14 8.677347e+32
1.568063e+14 8.827088e+32
1.580219e+14 8.979413e+32
1.592468e+14 9.134366e+32
1.604812e+14 9.291994e+32
1.617252e+14 9.452342e+32
1.629789e+14 9.615456e+32
1.642422e+14 9.781386e+32
1.655154e+14 9.950179e+32
1.667984e+14 1.012188e+33
1.680914e+14 1.029655e+33
1.693944e+14 1.047424e+33
1.707075e+14 1.065499e+33
1.720307e+14 1.083885e+33
1.733643e+14 1.102590e+33
1.747081e+14 1.121616e+33
1.760624e+14 1.140972e+33
1.774272e+14 1.160661e+33
1.788026e+14 1.180690e+33
1.801886e+14 1.201064e+33
1.815854e+14 1.221791e+33
1.829929e+14 1.242875e+33
1.844114e+14 1.264322e+33
1.858409e+14 1.286140e+33
1.872815e+14 1.308335e+33
1.887333e+14 1.330912e+33
1.901963e+14 1.353879e+33
1.916706e+14 1.377242e+33
1.931564e+14 1.401008e+33
1.946537e+14 1.425185e+33
1.961626e+14 1.449779e+33
1.976832e+14 1.474797e+33
1.992155e+14 1.500247e+33
2.007598e+14 1.526136e+33
2.023160e+14 1.552472e+33
2.038843e+14 1.579262e+33
2.054648e+14 1.606515e+33
2.070575e+14 1.634238e+33
2.086625e+14 1.662439e+33
2.102800e+14 1.691127e+33
2.119100e+14 1.720310e+33
2.135527e+14 1.749997e+33
2.152081e+14 1.780195e+33
2.168763e+14 1.810915e+33
2.185575e+14 1.842166e+33
2.202517e+14 1.873955e+33
2.219590e+14 1.906293e+33
2.236795e+14 1.939189e+33
2.254134e+14 1.972653e+33
2.271608e+14 2.006694e+33
2.289217e+14 2.041323e+33
2.306962e+14 2.076549e+33
2.324845e+14 2.112383e+33
2.342866e+14 2.148835e+33
2.361027e+14 2.185917e+33
2.379329e+14 2.223638e+33
2.397773e+14 2.262010e+33
2.416360e+14 2.301045e+33
2.435091e+14 2.340753e+33
2.453967e+14 2.381146e+33
2.472989e+14 2.422237e+33
2.492159e+14 2.464036e+33
2.511478e+14 2.506557e+33
2.530946e+14 2.549811e+33
2.550565e+14 2.593812e+33
2.570336e+14 2.638573e+33
2.590260e+14 2.684105e+33
2.610339e+14 2.730424e+33
2.630574e+14 2.777541e+33
2.650965e+14 2.825472e+33
2.671515e+14 2.874230e+33
2.692224e+14 2.923829e+33
2.713093e+14 2.974284e+33
2.734124e+14 3.025610e+33
2.755318e+14 3.077822e+33
2.776676e+14 3.130934e+33
2.798200e+14 3.184964e+33
2.819891e+14 3.239925e+33
2.841750e+14 3.295835e+33
2.863778e+14 3.352710e+33
2.885977e+14 3.410566e+33
2.908349e+14 3.469421e+33
2.930893e+14 3.529291e+33
