# epsilon [g/cm^3]   P [dyn/cm^2]
1.364583e+14 6.551983e+32
1.375161e+14 6.687338e+32
1.385821e+14 6.825488e+32
1.396563e+14 6.966493e+32
1.407389e+14 7.110410e+32
1.418299e+14 7.257301e+32
1.429293e+14 7.407226e+32
1.440372e+14 7.560249e+32
1.451538e+14 7.716432e+32
1.462789e+14 7.875843e+32
1.474129e+14 8.038546e+32
1.485556e+14 8.204611e+32
1.497071e+14 8.374106e+32
1.508676e+14 8.547103e+32
1.520371e+14 8.723673e+32
1.532156e+14 8.903892e+32
1.544033e+14 9.087833e+32
1.556002e+14 9.275574e+32
1.568063e+14 9.467194e+32
1.580219e+14 9.662773e+32
1.592468e+14 9.862391e+32
1.604812e+14 1.006613e+33
1.617252e+14 1.027409e+33
1.629789e+14 1.048633e+33
1.642422e+14 1.070297e+33
1.655154e+14 1.092407e+33
1.667984e+14 1.114975e+33
1.680914e+14 1.138009e+33
1.693944e+14 1.161518e+33
1.707075e+14 1.185513e+33
1.720307e+14 1.210004e+33
1.733643e+14 1.235001e+33
1.747081e+14 1.260515e+33
1.760624e+14 1.286555e+33
1.774272e+14 1.313133e+33
1.788026e+14 1.340261e+33
1.801886e+14 1.367949e+33
1.815854e+14 1.396208e+33
1.829929e+14 1.425052e+33
1.844114e+14 1.454492e+33
1.858409e+14 1.484539e+33
1.872815e+14 1.515208e+33
1.887333e+14 1.546510e+33
1.901963e+14 1.578458e+33
1.916706e+14 1.611067e+33
1.931564e+14 1.644349e+33
1.946537e+14 1.678319e+33
1.961626e+14 1.712991e+33
1.976832e+14 1.748379e+33
1.992155e+14 1.784498e+33
2.007598e+14 1.821363e+33
2.023160e+14 1.858989e+33
2.038843e+14 1.897393e+33
2.054648e+14 1.936591e+33
2.070575e+14 1.976598e+33
2.086625e+14 2.017431e+33
2.102800e+14 2.059109e+33
2.119100e+14 2.101647e+33
2.135527e+14 2.145064e+33
2.152081e+14 2.189378e+33
2.168763e+14 2.234607e+33
2.185575e+14 2.280771e+33
2.202517e+14 2.327888e+33
2.219590e+14 2.375979e+33
2.236795e+14 2.425063e+33
2.254134e+14 2.475161e+33
2.271608e+14 2.526295e+33
2.289217e+14 2.578484e+33
2.306962e+14 2.631752e+33
2.324845e+14 2.686120e+33
2.342866e+14 2.741611e+33
2.361027e+14 2.798249e+33
2.379329e+14 2.856057e+33
2.397773e+14 2.915059e+33
2.416360e+14 2.975280e+33
2.435091e+14 3.036744e+33
2.453967e+14 3.099479e+33
2.472989e+14 3.163510e+33
2.492159e+14 3.228863e+33
2.511478e+14 3.295567e+33
2.530946e+14 3.363649e+33
2.550565e+14 3.433137e+33
2.570336e+14 3.504060e+33
2.590260e+14 3.576449e+33
2.610339e+14 3.650333e+33
2.630574e+14 3.725744e+33
2.650965e+14 3.802712e+33
2.671515e+14 3.881271e+33
2.692224e+14 3.961452e+33
2.713093e+14 4.043290e+33
2.734124e+14 4.126818e+33
2.755318e+14 4.212072e+33
2.776676e+14 4.299088e+33
2.798200e+14 4.387900e+33
2.819891e+14 4.478548e+33
2.841750e+14 4.571068e+33
2.863778e+14 4.665500e+33
2.885977e+14 4.761882e+33
2.908349e+14 4.860256e+33
2.930893e+14 4.960662e+33
