# epsilon [g/cm^3]   P [dyn/cm^2]
1.364583e+14 6.564488e+32
1.375161e+14 6.704406e+32
1.385821e+14 6.847306e+32
1.396563e+14 6.993251e+32
1.407389e+14 7.142308e+32
1.418299e+14 7.294542e+32
1.429293e+14 7.450020e+32
1.440372e+14 7.608812e+32
1.451538e+14 7.770989e+32
1.462789e+14 7.936622e+32
1.474129e+14 8.105786e+32
1.485556e+14 8.278556e+32
1.497071e+14 8.455008e+32
1.508676e+14 8.635221e+32
1.520371e+14 8.819275e+32
1.532156e+14 9.007252e+32
1.544033e+14 9.199236e+32
1.556002e+14 9.395311e+32
1.568063e+14 9.595566e+32
1.580219e+14 9.800089e+32
1.592468e+14 1.000897e+33
1.604812e+14 1.022231e+33
1.617252e+14 1.044019e+33
1.629789e+14 1.066271e+33
1.642422e+14 1.088998e+33
1.655154e+14 1.112210e+33
1.667984e+14 1.135916e+33
1.680914e+14 1.160127e+33
1.693944e+14 1.184854e+33
1.707075e+14 1.210109e+33
1.720307e+14 1.235901e+33
1.733643e+14 1.262244e+33
1.747081e+14 1.289148e+33
1.760624e+14 1.316625e+33
1.774272e+14 1.344688e+33
1.788026e+14 1.373349e+33
1.801886e+14 1.402621e+33
1.815854e+14 1.432517e+33
1.829929e+14 1.463050e+33
1.844114e+14 1.494234e+33
1.858409e+14 1.526083e+33
1.872815e+14 1.558610e+33
1.887333e+14 1.591831e+33
1.901963e+14 1.625760e+33
1.916706e+14 1.660412e+33
1.931564e+14 1.695802e+33
1.946537e+14 1.731947e+33
1.961626e+14 1.768863e+33
1.976832e+14 1.806565e+33
1.992155e+14 1.845070e+33
2.007598e+14 1.884397e+33
2.023160e+14 1.924562e+33
2.038843e+14 1.965582e+33
2.054648e+14 2.007477e+33
2.070575e+14 2.050265e+33
2.086625e+14 2.093966e+33
2.102800e+14 2.138597e+33
2.119100e+14 2.184180e+33
2.135527e+14 2.230734e+33
2.152081e+14 2.278281e+33
2.168763e+14 2.326841e+33
2.185575e+14 2.376436e+33
2.202517e+14 2.427088e+33
2.219590e+14 2.478820e+33
2.236795e+14 2.531654e+33
2.254134e+14 2.585615e+33
2.271608e+14 2.640726e+33
2.289217e+14 2.697011e+33
2.306962e+14 2.754496e+33
2.324845e+14 2.813206e+33
2.342866e+14 2.873168e+33
2.361027e+14 2.934408e+33
2.379329e+14 2.996952e+33
2.397773e+14 3.060831e+33
2.416360e+14 3.126070e+33
2.435091e+14 3.192700e+33
2.453967e+14 3.260751e+33
2.472989e+14 3.330251e+33
2.492159e+14 3.401233e+33
2.511478e+14 3.473728e+33
2.530946e+14 3.547769e+33
2.550565e+14 3.623387e+33
2.570336e+14 3.700617e+33
2.590260e+14 3.779493e+33
2.610339e+14 3.860051e+33
2.630574e+14 3.942325e+33
2.650965e+14 4.026353e+33
2.671515e+14 4.112172e+33
2.692224e+14 4.199821e+33
2.713093e+14 4.289337e+33
2.734124e+14 4.380761e+33
2.755318e+14 4.474135e+33
2.776676e+14 4.569498e+33
2.798200e+14 4.666894e+33
2.819891e+14 4.766365e+33
2.841750e+14 4.867957e+33
2.863778e+14 4.971715e+33
2.885977e+14 5.077683e+33
2.908349e+14 5.185911e+33
2.930893e+14 5.296445e+33
