# epsilon [g/cm^3]   P [dyn/cm^2]
1.364583e+14 6.626163e+32
1.375161e+14 6.788748e+32
1.385821e+14 6.955322e+32
1.396563e+14 7.125984e+32
1.407389e+14 7.300832e+32
1.418299e+14 7.479972e+32
1.429293e+14 7.663506e+32
1.440372e+14 7.851544e+32
1.451538e+14 8.044196e+32
1.462789e+14 8.241575e+32
1.474129e+14 8.443797e+32
1.485556e+14 8.650981e+32
1.497071e+14 8.863248e+32
1.508676e+14 9.080724e+32
1.520371e+14 9.303536e+32
1.532156e+14 9.531815e+32
1.544033e+14 9.765695e+32
1.556002e+14 1.000531e+33
1.568063e+14 1.025081e+33
1.580219e+14 1.050233e+33
1.592468e+14 1.076003e+33
1.604812e+14 1.102405e+33
1.617252e+14 1.129454e+33
1.629789e+14 1.157167e+33
1.642422e+14 1.185560e+33
1.655154e+14 1.214650e+33
1.667984e+14 1.244454e+33
1.680914e+14 1.274989e+33
1.693944e+14 1.306273e+33
1.707075e+14 1.338325e+33
1.720307e+14 1.371163e+33
1.733643e+14 1.404807e+33
1.747081e+14 1.439276e+33
1.760624e+14 1.474592e+33
1.774272e+14 1.510773e+33
1.788026e+14 1.547843e+33
1.801886e+14 1.585822e+33
1.815854e+14 1.624733e+33
1.829929e+14 1.664599e+33
1.844114e+14 1.705443e+33
1.858409e+14 1.747289e+33
1.872815e+14 1.790162e+33
1.887333e+14 1.834087e+33
1.901963e+14 1.879089e+33
1.916706e+14 1.925196e+33
1.931564e+14 1.972434e+33
1.946537e+14 2.020832e+33
1.961626e+14 2.070416e+33
1.976832e+14 2.121218e+33
1.992155e+14 2.173266e+33
2.007598e+14 2.226591e+33
2.023160e+14 2.281224e+33
2.038843e+14 2.337198e+33
2.054648e+14 2.394545e+33
2.070575e+14 2.453300e+33
2.086625e+14 2.513496e+33
2.102800e+14 2.575169e+33
2.119100e+14 2.638356e+33
2.135527e+14 2.703093e+33
2.152081e+14 2.769418e+33
2.168763e+14 2.837370e+33
2.185575e+14 2.906991e+33
2.202517e+14 2.978319e+33
2.219590e+14 3.051397e+33
2.236795e+14 3.126269e+33
2.254134e+14 3.202977e+33
2.271608e+14 3.281568e+33
2.289217e+14 3.362087e+33
2.306962e+14 3.444582e+33
2.324845e+14 3.529101e+33
2.342866e+14 3.615694e+33
2.361027e+14 3.704412e+33
2.379329e+14 3.795306e+33
2.397773e+14 3.888431e+33
2.416360e+14 3.983841e+33
2.435091e+14 4.081591e+33
2.453967e+14 4.181741e+33
2.472989e+14 4.284347e+33
2.492159e+14 4.389471e+33
2.511478e+14 4.497175e+33
2.530946e+14 4.607521e+33
2.550565e+14 4.720575e+33
2.570336e+14 4.836403e+33
2.590260e+14 4.955073e+33
2.610339e+14 5.076655e+33
2.630574e+14 5.201220e+33
2.650965e+14 5.328841e+33
2.671515e+14 5.459594e+33
2.692224e+14 5.593555e+33
2.713093e+14 5.730803e+33
2.734124e+14 5.871418e+33
2.755318e+14 6.015484e+33
2.776676e+14 6.163085e+33
2.798200e+14 6.314307e+33
2.819891e+14 6.469240e+33
2.841750e+14 6.627975e+33
2.863778e+14 6.790604e+33
2.885977e+14 6.957224e+33
2.908349e+14 7.127932e+33
2.930893e+14 7.302829e+33
