# epsilon [g/cm^3]   P [dyn/cm^2]
1.364583e+14 6.584343e+32
1.375161e+14 6.731529e+32
1.385821e+14 6.882005e+32
1.396563e+14 7.035844e+32
1.407389e+14 7.193123e+32
1.418299e+14 7.353918e+32
1.429293e+14 7.518307e+32
1.440372e+14 7.686370e+32
1.451538e+14 7.858191e+32
1.462789e+14 8.033852e+32
1.474129e+14 8.213440e+32
1.485556e+14 8.397043e+32
1.497071e+14 8.584750e+32
1.508676e+14 8.776652e+32
1.520371e+14 8.972845e+32
1.532156e+14 9.173423e+32
1.544033e+14 9.378485e+32
1.556002e+14 9.588131e+32
1.568063e+14 9.802464e+32
1.580219e+14 1.002159e+33
1.592468e+14 1.024561e+33
1.604812e+14 1.047464e+33
1.617252e+14 1.070879e+33
1.629789e+14 1.094817e+33
1.642422e+14 1.119291e+33
1.655154e+14 1.144311e+33
1.667984e+14 1.169891e+33
1.680914e+14 1.196043e+33
1.693944e+14 1.222779e+33
1.707075e+14 1.250113e+33
1.720307e+14 1.278058e+33
1.733643e+14 1.306627e+33
1.747081e+14 1.335836e+33
1.760624e+14 1.365697e+33
1.774272e+14 1.396225e+33
1.788026e+14 1.427436e+33
1.801886e+14 1.459345e+33
1.815854e+14 1.491967e+33
1.829929e+14 1.525319e+33
1.844114e+14 1.559416e+33
1.858409e+14 1.594275e+33
1.872815e+14 1.629913e+33
1.887333e+14 1.666348e+33
1.901963e+14 1.703597e+33
1.916706e+14 1.741679e+33
1.931564e+14 1.780613e+33
1.946537e+14 1.820416e+33
1.961626e+14 1.861110e+33
1.976832e+14 1.902713e+33
1.992155e+14 1.945246e+33
2.007598e+14 1.988730e+33
2.023160e+14 2.033186e+33
2.038843e+14 2.078635e+33
2.054648e+14 2.125101e+33
2.070575e+14 2.172605e+33
2.086625e+14 2.221172e+33
2.102800e+14 2.270824e+33
2.119100e+14 2.321585e+33
2.135527e+14 2.373482e+33
2.152081e+14 2.426539e+33
2.168763e+14 2.480781e+33
2.185575e+14 2.536236e+33
2.202517e+14 2.592931e+33
2.219590e+14 2.650893e+33
2.236795e+14 2.710151e+33
2.254134e+14 2.770734e+33
2.271608e+14 2.832671e+33
2.289217e+14 2.895992e+33
2.306962e+14 2.960729e+33
2.324845e+14 3.026913e+33
2.342866e+14 3.094576e+33
2.361027e+14 3.163752e+33
2.379329e+14 3.234474e+33
2.397773e+14 3.306777e+33
2.416360e+14 3.380697e+33
2.435091e+14 3.456269e+33
2.453967e+14 3.533530e+33
2.472989e+14 3.612518e+33
2.492159e+14 3.693272e+33
2.511478e+14 3.775831e+33
2.530946e+14 3.860236e+33
2.550565e+14 3.946527e+33
2.570336e+14 4.034747e+33
2.590260e+14 4.124940e+33
2.610339e+14 4.217148e+33
2.630574e+14 4.311418e+33
2.650965e+14 4.407795e+33
2.671515e+14 4.506327e+33
2.692224e+14 4.607061e+33
2.713093e+14 4.710047e+33
2.734124e+14 4.815335e+33
2.755318e+14 4.922976e+33
2.776676e+14 5.033024e+33
2.798200e+14 5.145532e+33
2.819891e+14 5.260555e+33
2.841750e+14 5.378149e+33
2.863778e+14 5.498372e+33
2.885977e+14 5.621282e+33
2.908349e+14 5.746940e+33
2.930893e+14 5.875406e+33
