# epsilon [g/cm^3]   P [dyn/cm^2]
1.364583e+14 6.605696e+32
1.375161e+14 6.760730e+32
1.385821e+14 6.919402e+32
1.396563e+14 7.081798e+32
1.407389e+14 7.248006e+32
1.418299e+14 7.418114e+32
1.429293e+14 7.592214e+32
1.440372e+14 7.770401e+32
1.451538e+14 7.952770e+32
1.462789e+14 8.139419e+32
1.474129e+14 8.330448e+32
1.485556e+14 8.525961e+32
1.497071e+14 8.726062e+32
1.508676e+14 8.930860e+32
1.520371e+14 9.140464e+32
1.532156e+14 9.354988e+32
1.544033e+14 9.574547e+32
1.556002e+14 9.799258e+32
1.568063e+14 1.002924e+33
1.580219e+14 1.026463e+33
1.592468e+14 1.050553e+33
1.604812e+14 1.075209e+33
1.617252e+14 1.100444e+33
1.629789e+14 1.126271e+33
1.642422e+14 1.152705e+33
1.655154e+14 1.179758e+33
1.667984e+14 1.207447e+33
1.680914e+14 1.235785e+33
1.693944e+14 1.264789e+33
1.707075e+14 1.294473e+33
1.720307e+14 1.324854e+33
1.733643e+14 1.355947e+33
1.747081e+14 1.387771e+33
1.760624e+14 1.420342e+33
1.774272e+14 1.453676e+33
1.788026e+14 1.487794e+33
1.801886e+14 1.522712e+33
1.815854e+14 1.558449e+33
1.829929e+14 1.595026e+33
1.844114e+14 1.632460e+33
1.858409e+14 1.670774e+33
1.872815e+14 1.709986e+33
1.887333e+14 1.750119e+33
1.901963e+14 1.791194e+33
1.916706e+14 1.833232e+33
1.931564e+14 1.876258e+33
1.946537e+14 1.920293e+33
1.961626e+14 1.965361e+33
1.976832e+14 2.011488e+33
1.992155e+14 2.058697e+33
2.007598e+14 2.107014e+33
2.023160e+14 2.156465e+33
2.038843e+14 2.207076e+33
2.054648e+14 2.258875e+33
2.070575e+14 2.311891e+33
2.086625e+14 2.366150e+33
2.102800e+14 2.421683e+33
2.119100e+14 2.478519e+33
2.135527e+14 2.536689e+33
2.152081e+14 2.596224e+33
2.168763e+14 2.657156e+33
2.185575e+14 2.719519e+33
2.202517e+14 2.783345e+33
2.219590e+14 2.848669e+33
2.236795e+14 2.915527e+33
2.254134e+14 2.983953e+33
2.271608e+14 3.053985e+33
2.289217e+14 3.125661e+33
2.306962e+14 3.199020e+33
2.324845e+14 3.274100e+33
2.342866e+14 3.350942e+33
2.361027e+14 3.429587e+33
2.379329e+14 3.510078e+33
2.397773e+14 3.592459e+33
2.416360e+14 3.676773e+33
2.435091e+14 3.763065e+33
2.453967e+14 3.851383e+33
2.472989e+14 3.941774e+33
2.492159e+14 4.034286e+33
2.511478e+14 4.128969e+33
2.530946e+14 4.225875e+33
2.550565e+14 4.325055e+33
2.570336e+14 4.426562e+33
2.590260e+14 4.530452e+33
2.610339e+14 4.636780e+33
2.630574e+14 4.745604e+33
2.650965e+14 4.856982e+33
2.671515e+14 4.970973e+33
2.692224e+14 5.087641e+33
2.713093e+14 5.207046e+33
2.734124e+14 5.329253e+33
2.755318e+14 5.454329e+33
2.776676e+14 5.582340e+33
2.798200e+14 5.713356e+33
2.819891e+14 5.847447e+33
2.841750e+14 5.984684e+33
2.863778e+14 6.125143e+33
2.885977e+14 6.268898e+33
2.908349e+14 6.416027e+33
2.930893e+14 6.566609e+33
