# epsilon [g/cm^3]   P [dyn/cm^2]
1.364583e+14 6.453963e+32
1.375161e+14 6.553927e+32
1.385821e+14 6.655441e+32
1.396563e+14 6.758526e+32
1.407389e+14 6.863208e+32
1.418299e+14 6.969512e+32
1.429293e+14 7.077462e+32
1.440372e+14 7.187085e+32
1.451538e+14 7.298405e+32
1.462789e+14 7.411449e+32
1.474129e+14 7.526244e+32
1.485556e+14 7.642818e+32
1.497071e+14 7.761197e+32
1.508676e+14 7.881409e+32
1.520371e+14 8.003484e+32
1.532156e+14 8.127449e+32
1.544033e+14 8.253334e+32
1.556002e+14 8.381170e+32
1.568063e+14 8.510985e+32
1.580219e+14 8.642811e+32
1.592468e+14 8.776679e+32
1.604812e+14 8.912620e+32
1.617252e+14 9.050667e+32
1.629789e+14 9.190852e+32
1.642422e+14 9.333208e+32
1.655154e+14 9.477769e+32
1.667984e+14 9.624570e+32
1.680914e+14 9.773644e+32
1.693944e+14 9.925027e+32
1.707075e+14 1.007875e+33
1.720307e+14 1.023486e+33
1.733643e+14 1.039339e+33
1.747081e+14 1.055437e+33
1.760624e+14 1.071785e+33
1.774272e+14 1.088386e+33
1.788026e+14 1.105244e+33
1.801886e+14 1.122363e+33
1.815854e+14 1.139747e+33
1.829929e+14 1.157400e+33
1.844114e+14 1.175327e+33
1.858409e+14 1.193532e+33
1.872815e+14 1.212018e+33
1.887333e+14 1.230791e+33
1.901963e+14 1.249855e+33
1.916706e+14 1.269214e+33
1.931564e+14 1.288872e+33
1.946537e+14 1.308835e+33
1.961626e+14 1.329108e+33
1.976832e+14 1.349694e+33
1.992155e+14 1.370600e+33
2.007598e+14 1.391829e+33
2.023160e+14 1.413387e+33
2.038843e+14 1.435279e+33
2.054648e+14 1.457509e+33
2.070575e+14 1.480085e+33
2.086625e+14 1.503010e+33
2.102800e+14 1.526290e+33
2.119100e+14 1.549930e+33
2.135527e+14 1.573937e+33
2.152081e+14 1.598315e+33
2.168763e+14 1.623072e+33
2.185575e+14 1.648211e+33
2.202517e+14 1.673740e+33
2.219590e+14 1.699665e+33
2.236795e+14 1.725991e+33
2.254134e+14 1.752724e+33
2.271608e+14 1.779872e+33
2.289217e+14 1.807440e+33
2.306962e+14 1.835436e+33
2.324845e+14 1.863865e+33
2.342866e+14 1.892734e+33
2.361027e+14 1.922050e+33
2.379329e+14 1.951821e+33
2.397773e+14 1.982052e+33
2.416360e+14 2.012752e+33
2.435091e+14 2.043928e+33
2.453967e+14 2.075586e+33
2.472989e+14 2.107734e+33
2.492159e+14 2.140381e+33
2.511478e+14 2.173533e+33
2.530946e+14 2.207199e+33
2.550565e+14 2.241386e+33
2.570336e+14 2.276102e+33
2.590260e+14 2.311357e+33
2.610339e+14 2.347157e+33
2.630574e+14 2.383512e+33
2.650965e+14 2.420430e+33
2.671515e+14 2.457920e+33
2.692224e+14 2.495991e+33
2.713093e+14 2.534651e+33
2.734124e+14 2.573910e+33
2.755318e+14 2.613777e+33
2.776676e+14 2.654261e+33
2.798200e+14 2.695373e+33
2.819891e+14 2.737121e+33
2.841750e+14 2.779516e+33
2.863778e+14 2.822568e+33
2.885977e+14 2.866287e+33
2.908349e+14 2.910682e+33
2.930893e+14 2.955766e+33
