# epsilon [g/cm^3]   P [dyn/cm^2]
1.364583e+14 6.557266e+32
1.375161e+14 6.694547e+32
1.385821e+14 6.834702e+32
1.396563e+14 6.977791e+32
1.407389e+14 7.123876e+32
1.418299e+14 7.273020e+32
1.429293e+14 7.425286e+32
1.440372e+14 7.580739e+32
1.451538e+14 7.739447e+32
1.462789e+14 7.901478e+32
1.474129e+14 8.066901e+32
1.485556e+14 8.235787e+32
1.497071e+14 8.408209e+32
1.508676e+14 8.584241e+32
1.520371e+14 8.763958e+32
1.532156e+14 8.947438e+32
1.544033e+14 9.134759e+32
1.556002e+14 9.326002e+32
1.568063e+14 9.521248e+32
1.580219e+14 9.720582e+32
1.592468e+14 9.924089e+32
1.604812e+14 1.013186e+33
1.617252e+14 1.034397e+33
1.629789e+14 1.056053e+33
1.642422e+14 1.078163e+33
1.655154e+14 1.100735e+33
1.667984e+14 1.123779e+33
1.680914e+14 1.147306e+33
1.693944e+14 1.171326e+33
1.707075e+14 1.195849e+33
1.720307e+14 1.220885e+33
1.733643e+14 1.246445e+33
1.747081e+14 1.272540e+33
1.760624e+14 1.299181e+33
1.774272e+14 1.326381e+33
1.788026e+14 1.354149e+33
1.801886e+14 1.382499e+33
1.815854e+14 1.411443e+33
1.829929e+14 1.440993e+33
1.844114e+14 1.471161e+33
1.858409e+14 1.501961e+33
1.872815e+14 1.533405e+33
1.887333e+14 1.565508e+33
1.901963e+14 1.598283e+33
1.916706e+14 1.631744e+33
1.931564e+14 1.665906e+33
1.946537e+14 1.700783e+33
1.961626e+14 1.736390e+33
1.976832e+14 1.772742e+33
1.992155e+14 1.809856e+33
2.007598e+14 1.847747e+33
2.023160e+14 1.886431e+33
2.038843e+14 1.925924e+33
2.054648e+14 1.966245e+33
2.070575e+14 2.007410e+33
2.086625e+14 2.049436e+33
2.102800e+14 2.092343e+33
2.119100e+14 2.136147e+33
2.135527e+14 2.180869e+33
2.152081e+14 2.226527e+33
2.168763e+14 2.273141e+33
2.185575e+14 2.320731e+33
2.202517e+14 2.369317e+33
2.219590e+14 2.418920e+33
2.236795e+14 2.469562e+33
2.254134e+14 2.521264e+33
2.271608e+14 2.574048e+33
2.289217e+14 2.627938e+33
2.306962e+14 2.682956e+33
2.324845e+14 2.739125e+33
2.342866e+14 2.796471e+33
2.361027e+14 2.855017e+33
2.379329e+14 2.914789e+33
2.397773e+14 2.975812e+33
2.416360e+14 3.038113e+33
2.435091e+14 3.101718e+33
2.453967e+14 3.166654e+33
2.472989e+14 3.232950e+33
2.492159e+14 3.300634e+33
2.511478e+14 3.369736e+33
2.530946e+14 3.440283e+33
2.550565e+14 3.512308e+33
2.570336e+14 3.585841e+33
2.590260e+14 3.660913e+33
2.610339e+14 3.737557e+33
2.630574e+14 3.815805e+33
2.650965e+14 3.895692e+33
2.671515e+14 3.977251e+33
2.692224e+14 4.060517e+33
2.713093e+14 4.145527e+33
2.734124e+14 4.232317e+33
2.755318e+14 4.320923e+33
2.776676e+14 4.411385e+33
2.798200e+14 4.503740e+33
2.819891e+14 4.598029e+33
2.841750e+14 4.694292e+33
2.863778e+14 4.792570e+33
2.885977e+14 4.892906e+33
2.908349e+14 4.995343e+33
2.930893e+14 5.099924e+33
