# epsilon [g/cm^3]   P [dyn/cm^2]
1.364583e+14 6.557573e+32
1.375161e+14 6.694966e+32
1.385821e+14 6.835237e+32
1.396563e+14 6.978448e+32
1.407389e+14 7.124658e+32
1.418299e+14 7.273933e+32
1.429293e+14 7.426335e+32
1.440372e+14 7.581930e+32
1.451538e+14 7.740785e+32
1.462789e+14 7.902968e+32
1.474129e+14 8.068549e+32
1.485556e+14 8.237600e+32
1.497071e+14 8.410192e+32
1.508676e+14 8.586401e+32
1.520371e+14 8.766301e+32
1.532156e+14 8.949971e+32
1.544033e+14 9.137489e+32
1.556002e+14 9.328935e+32
1.568063e+14 9.524393e+32
1.580219e+14 9.723946e+32
1.592468e+14 9.927680e+32
1.604812e+14 1.013568e+33
1.617252e+14 1.034804e+33
1.629789e+14 1.056485e+33
1.642422e+14 1.078621e+33
1.655154e+14 1.101220e+33
1.667984e+14 1.124292e+33
1.680914e+14 1.147848e+33
1.693944e+14 1.171898e+33
1.707075e+14 1.196451e+33
1.720307e+14 1.221519e+33
1.733643e+14 1.247112e+33
1.747081e+14 1.273241e+33
1.760624e+14 1.299918e+33
1.774272e+14 1.327153e+33
1.788026e+14 1.354959e+33
1.801886e+14 1.383348e+33
1.815854e+14 1.412332e+33
1.829929e+14 1.441923e+33
1.844114e+14 1.472134e+33
1.858409e+14 1.502977e+33
1.872815e+14 1.534467e+33
1.887333e+14 1.566617e+33
1.901963e+14 1.599441e+33
1.916706e+14 1.632952e+33
1.931564e+14 1.667165e+33
1.946537e+14 1.702095e+33
1.961626e+14 1.737757e+33
1.976832e+14 1.774166e+33
1.992155e+14 1.811338e+33
2.007598e+14 1.849289e+33
2.023160e+14 1.888035e+33
2.038843e+14 1.927593e+33
2.054648e+14 1.967979e+33
2.070575e+14 2.009212e+33
2.086625e+14 2.051308e+33
2.102800e+14 2.094287e+33
2.119100e+14 2.138166e+33
2.135527e+14 2.182964e+33
2.152081e+14 2.228701e+33
2.168763e+14 2.275397e+33
2.185575e+14 2.323070e+33
2.202517e+14 2.371743e+33
2.219590e+14 2.421435e+33
2.236795e+14 2.472168e+33
2.254134e+14 2.523965e+33
2.271608e+14 2.576846e+33
2.289217e+14 2.630836e+33
2.306962e+14 2.685957e+33
2.324845e+14 2.742232e+33
2.342866e+14 2.799687e+33
2.361027e+14 2.858345e+33
2.379329e+14 2.918233e+33
2.397773e+14 2.979375e+33
2.416360e+14 3.041798e+33
2.435091e+14 3.105529e+33
2.453967e+14 3.170596e+33
2.472989e+14 3.237025e+33
2.492159e+14 3.304847e+33
2.511478e+14 3.374089e+33
2.530946e+14 3.444782e+33
2.550565e+14 3.516957e+33
2.570336e+14 3.590643e+33
2.590260e+14 3.665874e+33
2.610339e+14 3.742680e+33
2.630574e+14 3.821096e+33
2.650965e+14 3.901155e+33
2.671515e+14 3.982891e+33
2.692224e+14 4.066340e+33
2.713093e+14 4.151537e+33
2.734124e+14 4.238519e+33
2.755318e+14 4.327323e+33
2.776676e+14 4.417989e+33
2.798200e+14 4.510553e+33
2.819891e+14 4.605057e+33
2.841750e+14 4.701542e+33
2.863778e+14 4.800047e+33
2.885977e+14 4.900617e+33
2.908349e+14 5.003294e+33
2.930893e+14 5.108122e+33
