# epsilon [g/cm^3]   P [dyn/cm^2]
1.364583e+14 6.591620e+32
1.375161e+14 6.741477e+32
1.385821e+14 6.894741e+32
1.396563e+14 7.051489e+32
1.407389e+14 7.211800e+32
1.418299e+14 7.375757e+32
1.429293e+14 7.543440e+32
1.440372e+14 7.714936e+32
1.451538e+14 7.890331e+32
1.462789e+14 8.069713e+32
1.474129e+14 8.253174e+32
1.485556e+14 8.440805e+32
1.497071e+14 8.632702e+32
1.508676e+14 8.828961e+32
1.520371e+14 9.029683e+32
1.532156e+14 9.234968e+32
1.544033e+14 9.444919e+32
1.556002e+14 9.659644e+32
1.568063e+14 9.879251e+32
1.580219e+14 1.010385e+33
1.592468e+14 1.033356e+33
1.604812e+14 1.056848e+33
1.617252e+14 1.080875e+33
1.629789e+14 1.105448e+33
1.642422e+14 1.130580e+33
1.655154e+14 1.156283e+33
1.667984e+14 1.182571e+33
1.680914e+14 1.209456e+33
1.693944e+14 1.236952e+33
1.707075e+14 1.265073e+33
1.720307e+14 1.293834e+33
1.733643e+14 1.323249e+33
1.747081e+14 1.353332e+33
1.760624e+14 1.384099e+33
1.774272e+14 1.415566e+33
1.788026e+14 1.447748e+33
1.801886e+14 1.480662e+33
1.815854e+14 1.514324e+33
1.829929e+14 1.548751e+33
1.844114e+14 1.583961e+33
1.858409e+14 1.619972e+33
1.872815e+14 1.656801e+33
1.887333e+14 1.694467e+33
1.901963e+14 1.732990e+33
1.916706e+14 1.772388e+33
1.931564e+14 1.812683e+33
1.946537e+14 1.853893e+33
1.961626e+14 1.896040e+33
1.976832e+14 1.939146e+33
1.992155e+14 1.983231e+33
2.007598e+14 2.028319e+33
2.023160e+14 2.074431e+33
2.038843e+14 2.121592e+33
2.054648e+14 2.169826e+33
2.070575e+14 2.219155e+33
2.086625e+14 2.269607e+33
2.102800e+14 2.321205e+33
2.119100e+14 2.373976e+33
2.135527e+14 2.427947e+33
2.152081e+14 2.483145e+33
2.168763e+14 2.539598e+33
2.185575e+14 2.597334e+33
2.202517e+14 2.656383e+33
2.219590e+14 2.716775e+33
2.236795e+14 2.778539e+33
2.254134e+14 2.841708e+33
2.271608e+14 2.906312e+33
2.289217e+14 2.972386e+33
2.306962e+14 3.039961e+33
2.324845e+14 3.109073e+33
2.342866e+14 3.179756e+33
2.361027e+14 3.252046e+33
2.379329e+14 3.325979e+33
2.397773e+14 3.401594e+33
2.416360e+14 3.478927e+33
2.435091e+14 3.558019e+33
2.453967e+14 3.638908e+33
2.472989e+14 3.721637e+33
2.492159e+14 3.806246e+33
2.511478e+14 3.892779e+33
2.530946e+14 3.981279e+33
2.550565e+14 4.071791e+33
2.570336e+14 4.164361e+33
2.590260e+14 4.259035e+33
2.610339e+14 4.355862e+33
2.630574e+14 4.454890e+33
2.650965e+14 4.556170e+33
2.671515e+14 4.659752e+33
2.692224e+14 4.765689e+33
2.713093e+14 4.874034e+33
2.734124e+14 4.984842e+33
2.755318e+14 5.098170e+33
2.776676e+14 5.214074e+33
2.798200e+14 5.332613e+33
2.819891e+14 5.453847e+33
2.841750e+14 5.577837e+33
2.863778e+14 5.704646e+33
2.885977e+14 5.834338e+33
2.908349e+14 5.966978e+33
2.930893e+14 6.102634e+33
