# epsilon [g/cm^3]   P [dyn/cm^2]
1.364583e+14 6.477568e+32
1.375161e+14 6.585993e+32
1.385821e+14 6.696234e+32
1.396563e+14 6.808319e+32
1.407389e+14 6.922281e+32
1.418299e+14 7.038150e+32
1.429293e+14 7.155959e+32
1.440372e+14 7.275740e+32
1.451538e+14 7.397526e+32
1.462789e+14 7.521350e+32
1.474129e+14 7.647247e+32
1.485556e+14 7.775251e+32
1.497071e+14 7.905398e+32
1.508676e+14 8.037723e+32
1.520371e+14 8.172264e+32
1.532156e+14 8.309056e+32
1.544033e+14 8.448138e+32
1.556002e+14 8.589548e+32
1.568063e+14 8.733325e+32
1.580219e+14 8.879509e+32
1.592468e+14 9.028139e+32
1.604812e+14 9.179258e+32
1.617252e+14 9.332905e+32
1.629789e+14 9.489125e+32
1.642422e+14 9.647960e+32
1.655154e+14 9.809453e+32
1.667984e+14 9.973650e+32
1.680914e+14 1.014059e+33
1.693944e+14 1.031033e+33
1.707075e+14 1.048291e+33
1.720307e+14 1.065838e+33
1.733643e+14 1.083679e+33
1.747081e+14 1.101818e+33
1.760624e+14 1.120261e+33
1.774272e+14 1.139013e+33
1.788026e+14 1.158078e+33
1.801886e+14 1.177463e+33
1.815854e+14 1.197172e+33
1.829929e+14 1.217211e+33
1.844114e+14 1.237585e+33
1.858409e+14 1.258301e+33
1.872815e+14 1.279363e+33
1.887333e+14 1.300778e+33
1.901963e+14 1.322551e+33
1.916706e+14 1.344689e+33
1.931564e+14 1.367197e+33
1.946537e+14 1.390082e+33
1.961626e+14 1.413350e+33
1.976832e+14 1.437007e+33
1.992155e+14 1.461061e+33
2.007598e+14 1.485517e+33
2.023160e+14 1.510383e+33
2.038843e+14 1.535664e+33
2.054648e+14 1.561369e+33
2.070575e+14 1.587504e+33
2.086625e+14 1.614077e+33
2.102800e+14 1.641094e+33
2.119100e+14 1.668564e+33
2.135527e+14 1.696493e+33
2.152081e+14 1.724890e+33
2.168763e+14 1.753762e+33
2.185575e+14 1.783118e+33
2.202517e+14 1.812965e+33
2.219590e+14 1.843311e+33
2.236795e+14 1.874166e+33
2.254134e+14 1.905537e+33
2.271608e+14 1.937433e+33
2.289217e+14 1.969863e+33
2.306962e+14 2.002835e+33
2.324845e+14 2.036360e+33
2.342866e+14 2.070446e+33
2.361027e+14 2.105102e+33
2.379329e+14 2.140339e+33
2.397773e+14 2.176165e+33
2.416360e+14 2.212591e+33
2.435091e+14 2.249627e+33
2.453967e+14 2.287282e+33
2.472989e+14 2.325568e+33
2.492159e+14 2.364495e+33
2.511478e+14 2.404073e+33
2.530946e+14 2.444314e+33
2.550565e+14 2.485229e+33
2.570336e+14 2.526828e+33
2.590260e+14 2.569123e+33
2.610339e+14 2.612127e+33
2.630574e+14 2.655850e+33
2.650965e+14 2.700306e+33
2.671515e+14 2.745505e+33
2.692224e+14 2.791461e+33
2.713093e+14 2.838186e+33
2.734124e+14 2.885693e+33
2.755318e+14 2.933996e+33
2.776676e+14 2.983107e+33
2.798200e+14 3.033040e+33
2.819891e+14 3.083809e+33
2.841750e+14 3.135427e+33
2.863778e+14 3.187910e+33
2.885977e+14 3.241271e+33
2.908349e+14 3.295525e+33
2.930893e+14 3.350688e+33
