# epsilon [g/cm^3]   P [dyn/cm^2]
1.364583e+14 6.623730e+32
1.375161e+14 6.785416e+32
1.385821e+14 6.951049e+32
1.396563e+14 7.120725e+32
1.407389e+14 7.294542e+32
1.418299e+14 7.472603e+32
1.429293e+14 7.655009e+32
1.440372e+14 7.841869e+32
1.451538e+14 8.033290e+32
1.462789e+14 8.229383e+32
1.474129e+14 8.430263e+32
1.485556e+14 8.636046e+32
1.497071e+14 8.846853e+32
1.508676e+14 9.062805e+32
1.520371e+14 9.284029e+32
1.532156e+14 9.510653e+32
1.544033e+14 9.742809e+32
1.556002e+14 9.980632e+32
1.568063e+14 1.022426e+33
1.580219e+14 1.047384e+33
1.592468e+14 1.072950e+33
1.604812e+14 1.099141e+33
1.617252e+14 1.125971e+33
1.629789e+14 1.153456e+33
1.642422e+14 1.181612e+33
1.655154e+14 1.210455e+33
1.667984e+14 1.240003e+33
1.680914e+14 1.270271e+33
1.693944e+14 1.301279e+33
1.707075e+14 1.333043e+33
1.720307e+14 1.365583e+33
1.733643e+14 1.398917e+33
1.747081e+14 1.433064e+33
1.760624e+14 1.468046e+33
1.774272e+14 1.503881e+33
1.788026e+14 1.540591e+33
1.801886e+14 1.578197e+33
1.815854e+14 1.616721e+33
1.829929e+14 1.656185e+33
1.844114e+14 1.696612e+33
1.858409e+14 1.738027e+33
1.872815e+14 1.780452e+33
1.887333e+14 1.823913e+33
1.901963e+14 1.868435e+33
1.916706e+14 1.914044e+33
1.931564e+14 1.960766e+33
1.946537e+14 2.008628e+33
1.961626e+14 2.057659e+33
1.976832e+14 2.107887e+33
1.992155e+14 2.159340e+33
2.007598e+14 2.212050e+33
2.023160e+14 2.266046e+33
2.038843e+14 2.321361e+33
2.054648e+14 2.378025e+33
2.070575e+14 2.436073e+33
2.086625e+14 2.495538e+33
2.102800e+14 2.556454e+33
2.119100e+14 2.618858e+33
2.135527e+14 2.682784e+33
2.152081e+14 2.748271e+33
2.168763e+14 2.815357e+33
2.185575e+14 2.884080e+33
2.202517e+14 2.954480e+33
2.219590e+14 3.026600e+33
2.236795e+14 3.100479e+33
2.254134e+14 3.176162e+33
2.271608e+14 3.253692e+33
2.289217e+14 3.333115e+33
2.306962e+14 3.414477e+33
2.324845e+14 3.497825e+33
2.342866e+14 3.583207e+33
2.361027e+14 3.670673e+33
2.379329e+14 3.760275e+33
2.397773e+14 3.852063e+33
2.416360e+14 3.946093e+33
2.435091e+14 4.042417e+33
2.453967e+14 4.141093e+33
2.472989e+14 4.242177e+33
2.492159e+14 4.345729e+33
2.511478e+14 4.451809e+33
2.530946e+14 4.560478e+33
2.550565e+14 4.671800e+33
2.570336e+14 4.785839e+33
2.590260e+14 4.902661e+33
2.610339e+14 5.022336e+33
2.630574e+14 5.144931e+33
2.650965e+14 5.270520e+33
2.671515e+14 5.399173e+33
2.692224e+14 5.530968e+33
2.713093e+14 5.665979e+33
2.734124e+14 5.804286e+33
2.755318e+14 5.945969e+33
2.776676e+14 6.091111e+33
2.798200e+14 6.239795e+33
2.819891e+14 6.392109e+33
2.841750e+14 6.548141e+33
2.863778e+14 6.707982e+33
2.885977e+14 6.871725e+33
2.908349e+14 7.039464e+33
2.930893e+14 7.211298e+33
