# epsilon [g/cm^3]   P [dyn/cm^2]
1.364583e+14 6.517040e+32
1.375161e+14 6.639701e+32
1.385821e+14 6.764671e+32
1.396563e+14 6.891992e+32
1.407389e+14 7.021710e+32
1.418299e+14 7.153870e+32
1.429293e+14 7.288517e+32
1.440372e+14 7.425698e+32
1.451538e+14 7.565461e+32
1.462789e+14 7.707855e+32
1.474129e+14 7.852929e+32
1.485556e+14 8.000733e+32
1.497071e+14 8.151320e+32
1.508676e+14 8.304740e+32
1.520371e+14 8.461048e+32
1.532156e+14 8.620299e+32
1.544033e+14 8.782546e+32
1.556002e+14 8.947847e+32
1.568063e+14 9.116260e+32
1.580219e+14 9.287842e+32
1.592468e+14 9.462654e+32
1.604812e+14 9.640756e+32
1.617252e+14 9.822210e+32
1.629789e+14 1.000708e+33
1.642422e+14 1.019543e+33
1.655154e+14 1.038732e+33
1.667984e+14 1.058283e+33
1.680914e+14 1.078201e+33
1.693944e+14 1.098495e+33
1.707075e+14 1.119170e+33
1.720307e+14 1.140235e+33
1.733643e+14 1.161696e+33
1.747081e+14 1.183561e+33
1.760624e+14 1.205837e+33
1.774272e+14 1.228533e+33
1.788026e+14 1.251656e+33
1.801886e+14 1.275214e+33
1.815854e+14 1.299215e+33
1.829929e+14 1.323669e+33
1.844114e+14 1.348582e+33
1.858409e+14 1.373964e+33
1.872815e+14 1.399825e+33
1.887333e+14 1.426171e+33
1.901963e+14 1.453014e+33
1.916706e+14 1.480362e+33
1.931564e+14 1.508225e+33
1.946537e+14 1.536612e+33
1.961626e+14 1.565534e+33
1.976832e+14 1.594999e+33
1.992155e+14 1.625020e+33
2.007598e+14 1.655605e+33
2.023160e+14 1.686766e+33
2.038843e+14 1.718514e+33
2.054648e+14 1.750859e+33
2.070575e+14 1.783813e+33
2.086625e+14 1.817387e+33
2.102800e+14 1.851593e+33
2.119100e+14 1.886443e+33
2.135527e+14 1.921949e+33
2.152081e+14 1.958123e+33
2.168763e+14 1.994978e+33
2.185575e+14 2.032526e+33
2.202517e+14 2.070782e+33
2.219590e+14 2.109757e+33
2.236795e+14 2.149466e+33
2.254134e+14 2.189922e+33
2.271608e+14 2.231140e+33
2.289217e+14 2.273133e+33
2.306962e+14 2.315917e+33
2.324845e+14 2.359507e+33
2.342866e+14 2.403916e+33
2.361027e+14 2.449162e+33
2.379329e+14 2.495259e+33
2.397773e+14 2.542223e+33
2.416360e+14 2.590072e+33
2.435091e+14 2.638821e+33
2.453967e+14 2.688488e+33
2.472989e+14 2.739089e+33
2.492159e+14 2.790643e+33
2.511478e+14 2.843168e+33
2.530946e+14 2.896681e+33
2.550565e+14 2.951201e+33
2.570336e+14 3.006747e+33
2.590260e+14 3.063338e+33
2.610339e+14 3.120995e+33
2.630574e+14 3.179737e+33
2.650965e+14 3.239585e+33
2.671515e+14 3.300559e+33
2.692224e+14 3.362681e+33
2.713093e+14 3.425971e+33
2.734124e+14 3.490454e+33
2.755318e+14 3.556149e+33
2.776676e+14 3.623082e+33
2.798200e+14 3.691274e+33
2.819891e+14 3.760749e+33
2.841750e+14 3.831532e+33
2.863778e+14 3.903648e+33
2.885977e+14 3.977121e+33
2.908349e+14 4.051976e+33
2.930893e+14 4.128241e+33
