# epsilon [g/cm^3]   P [dyn/cm^2]
1.364583e+14 6.600739e+32
1.375161e+14 6.753948e+32
1.385821e+14 6.910713e+32
1.396563e+14 7.071116e+32
1.407389e+14 7.235243e+32
1.418299e+14 7.403179e+32
1.429293e+14 7.575013e+32
1.440372e+14 7.750835e+32
1.451538e+14 7.930739e+32
1.462789e+14 8.114818e+32
1.474129e+14 8.303170e+32
1.485556e+14 8.495894e+32
1.497071e+14 8.693090e+32
1.508676e+14 8.894864e+32
1.520371e+14 9.101322e+32
1.532156e+14 9.312571e+32
1.544033e+14 9.528724e+32
1.556002e+14 9.749894e+32
1.568063e+14 9.976197e+32
1.580219e+14 1.020775e+33
1.592468e+14 1.044468e+33
1.604812e+14 1.068711e+33
1.617252e+14 1.093517e+33
1.629789e+14 1.118899e+33
1.642422e+14 1.144869e+33
1.655154e+14 1.171442e+33
1.667984e+14 1.198633e+33
1.680914e+14 1.226454e+33
1.693944e+14 1.254921e+33
1.707075e+14 1.284049e+33
1.720307e+14 1.313853e+33
1.733643e+14 1.344348e+33
1.747081e+14 1.375552e+33
1.760624e+14 1.407479e+33
1.774272e+14 1.440148e+33
1.788026e+14 1.473575e+33
1.801886e+14 1.507778e+33
1.815854e+14 1.542775e+33
1.829929e+14 1.578584e+33
1.844114e+14 1.615224e+33
1.858409e+14 1.652715e+33
1.872815e+14 1.691076e+33
1.887333e+14 1.730327e+33
1.901963e+14 1.770490e+33
1.916706e+14 1.811584e+33
1.931564e+14 1.853633e+33
1.946537e+14 1.896657e+33
1.961626e+14 1.940680e+33
1.976832e+14 1.985725e+33
1.992155e+14 2.031815e+33
2.007598e+14 2.078976e+33
2.023160e+14 2.127230e+33
2.038843e+14 2.176605e+33
2.054648e+14 2.227126e+33
2.070575e+14 2.278819e+33
2.086625e+14 2.331713e+33
2.102800e+14 2.385834e+33
2.119100e+14 2.441211e+33
2.135527e+14 2.497874e+33
2.152081e+14 2.555851e+33
2.168763e+14 2.615175e+33
2.185575e+14 2.675875e+33
2.202517e+14 2.737985e+33
2.219590e+14 2.801536e+33
2.236795e+14 2.866562e+33
2.254134e+14 2.933097e+33
2.271608e+14 3.001177e+33
2.289217e+14 3.070836e+33
2.306962e+14 3.142113e+33
2.324845e+14 3.215044e+33
2.342866e+14 3.289668e+33
2.361027e+14 3.366024e+33
2.379329e+14 3.444152e+33
2.397773e+14 3.524094e+33
2.416360e+14 3.605891e+33
2.435091e+14 3.689587e+33
2.453967e+14 3.775226e+33
2.472989e+14 3.862852e+33
2.492159e+14 3.952512e+33
2.511478e+14 4.044253e+33
2.530946e+14 4.138124e+33
2.550565e+14 4.234173e+33
2.570336e+14 4.332452e+33
2.590260e+14 4.433012e+33
2.610339e+14 4.535906e+33
2.630574e+14 4.641188e+33
2.650965e+14 4.748914e+33
2.671515e+14 4.859140e+33
2.692224e+14 4.971925e+33
2.713093e+14 5.087327e+33
2.734124e+14 5.205409e+33
2.755318e+14 5.326230e+33
2.776676e+14 5.449857e+33
2.798200e+14 5.576353e+33
2.819891e+14 5.705784e+33
2.841750e+14 5.838221e+33
2.863778e+14 5.973731e+33
2.885977e+14 6.112386e+33
2.908349e+14 6.254260e+33
2.930893e+14 6.399426e+33
