# epsilon [g/cm^3]   P [dyn/cm^2]
1.364583e+14 6.559383e+32
1.375161e+14 6.697437e+32
1.385821e+14 6.838396e+32
1.396563e+14 6.982322e+32
1.407389e+14 7.129277e+32
1.418299e+14 7.279324e+32
1.429293e+14 7.432530e+32
1.440372e+14 7.588961e+32
1.451538e+14 7.748684e+32
1.462789e+14 7.911768e+32
1.474129e+14 8.078285e+32
1.485556e+14 8.248306e+32
1.497071e+14 8.421906e+32
1.508676e+14 8.599160e+32
1.520371e+14 8.780144e+32
1.532156e+14 8.964937e+32
1.544033e+14 9.153620e+32
1.556002e+14 9.346273e+32
1.568063e+14 9.542982e+32
1.580219e+14 9.743830e+32
1.592468e+14 9.948906e+32
1.604812e+14 1.015830e+33
1.617252e+14 1.037210e+33
1.629789e+14 1.059040e+33
1.642422e+14 1.081329e+33
1.655154e+14 1.104087e+33
1.667984e+14 1.127325e+33
1.680914e+14 1.151051e+33
1.693944e+14 1.175277e+33
1.707075e+14 1.200013e+33
1.720307e+14 1.225269e+33
1.733643e+14 1.251057e+33
1.747081e+14 1.277388e+33
1.760624e+14 1.304273e+33
1.774272e+14 1.331723e+33
1.788026e+14 1.359752e+33
1.801886e+14 1.388370e+33
1.815854e+14 1.417591e+33
1.829929e+14 1.447426e+33
1.844114e+14 1.477890e+33
1.858409e+14 1.508995e+33
1.872815e+14 1.540754e+33
1.887333e+14 1.573182e+33
1.901963e+14 1.606292e+33
1.916706e+14 1.640099e+33
1.931564e+14 1.674618e+33
1.946537e+14 1.709863e+33
1.961626e+14 1.745850e+33
1.976832e+14 1.782595e+33
1.992155e+14 1.820112e+33
2.007598e+14 1.858420e+33
2.023160e+14 1.897533e+33
2.038843e+14 1.937470e+33
2.054648e+14 1.978248e+33
2.070575e+14 2.019883e+33
2.086625e+14 2.062395e+33
2.102800e+14 2.105802e+33
2.119100e+14 2.150122e+33
2.135527e+14 2.195375e+33
2.152081e+14 2.241581e+33
2.168763e+14 2.288759e+33
2.185575e+14 2.336930e+33
2.202517e+14 2.386114e+33
2.219590e+14 2.436334e+33
2.236795e+14 2.487611e+33
2.254134e+14 2.539967e+33
2.271608e+14 2.593425e+33
2.289217e+14 2.648008e+33
2.306962e+14 2.703740e+33
2.324845e+14 2.760645e+33
2.342866e+14 2.818747e+33
2.361027e+14 2.878073e+33
2.379329e+14 2.938647e+33
2.397773e+14 3.000496e+33
2.416360e+14 3.063646e+33
2.435091e+14 3.128126e+33
2.453967e+14 3.193963e+33
2.472989e+14 3.261185e+33
2.492159e+14 3.329823e+33
2.511478e+14 3.399904e+33
2.530946e+14 3.471461e+33
2.550565e+14 3.544524e+33
2.570336e+14 3.619125e+33
2.590260e+14 3.695296e+33
2.610339e+14 3.773069e+33
2.630574e+14 3.852480e+33
2.650965e+14 3.933562e+33
2.671515e+14 4.016351e+33
2.692224e+14 4.100882e+33
2.713093e+14 4.187192e+33
2.734124e+14 4.275319e+33
2.755318e+14 4.365300e+33
2.776676e+14 4.457175e+33
2.798200e+14 4.550984e+33
2.819891e+14 4.646768e+33
2.841750e+14 4.744567e+33
2.863778e+14 4.844425e+33
2.885977e+14 4.946384e+33
2.908349e+14 5.050489e+33
2.930893e+14 5.156785e+33
