# epsilon [g/cm^3]   P [dyn/cm^2]
1.364583e+14 6.619072e+32
1.375161e+14 6.779038e+32
1.385821e+14 6.942869e+32
1.396563e+14 7.110660e+32
1.407389e+14 7.282506e+32
1.418299e+14 7.458505e+32
1.429293e+14 7.638757e+32
1.440372e+14 7.823365e+32
1.451538e+14 8.012435e+32
1.462789e+14 8.206075e+32
1.474129e+14 8.404394e+32
1.485556e+14 8.607506e+32
1.497071e+14 8.815526e+32
1.508676e+14 9.028574e+32
1.520371e+14 9.246771e+32
1.532156e+14 9.470241e+32
1.544033e+14 9.699111e+32
1.556002e+14 9.933513e+32
1.568063e+14 1.017358e+33
1.580219e+14 1.041945e+33
1.592468e+14 1.067126e+33
1.604812e+14 1.092915e+33
1.617252e+14 1.119328e+33
1.629789e+14 1.146380e+33
1.642422e+14 1.174084e+33
1.655154e+14 1.202459e+33
1.667984e+14 1.231519e+33
1.680914e+14 1.261282e+33
1.693944e+14 1.291764e+33
1.707075e+14 1.322982e+33
1.720307e+14 1.354955e+33
1.733643e+14 1.387701e+33
1.747081e+14 1.421238e+33
1.760624e+14 1.455585e+33
1.774272e+14 1.490763e+33
1.788026e+14 1.526791e+33
1.801886e+14 1.563689e+33
1.815854e+14 1.601479e+33
1.829929e+14 1.640183e+33
1.844114e+14 1.679822e+33
1.858409e+14 1.720419e+33
1.872815e+14 1.761997e+33
1.887333e+14 1.804579e+33
1.901963e+14 1.848191e+33
1.916706e+14 1.892857e+33
1.931564e+14 1.938603e+33
1.946537e+14 1.985453e+33
1.961626e+14 2.033437e+33
1.976832e+14 2.082579e+33
1.992155e+14 2.132910e+33
2.007598e+14 2.184457e+33
2.023160e+14 2.237249e+33
2.038843e+14 2.291317e+33
2.054648e+14 2.346693e+33
2.070575e+14 2.403406e+33
2.086625e+14 2.461490e+33
2.102800e+14 2.520977e+33
2.119100e+14 2.581903e+33
2.135527e+14 2.644301e+33
2.152081e+14 2.708206e+33
2.168763e+14 2.773656e+33
2.185575e+14 2.840688e+33
2.202517e+14 2.909340e+33
2.219590e+14 2.979651e+33
2.236795e+14 3.051662e+33
2.254134e+14 3.125412e+33
2.271608e+14 3.200945e+33
2.289217e+14 3.278303e+33
2.306962e+14 3.357531e+33
2.324845e+14 3.438674e+33
2.342866e+14 3.521778e+33
2.361027e+14 3.606890e+33
2.379329e+14 3.694059e+33
2.397773e+14 3.783334e+33
2.416360e+14 3.874767e+33
2.435091e+14 3.968410e+33
2.453967e+14 4.064316e+33
2.472989e+14 4.162540e+33
2.492159e+14 4.263137e+33
2.511478e+14 4.366166e+33
2.530946e+14 4.471685e+33
2.550565e+14 4.579753e+33
2.570336e+14 4.690434e+33
2.590260e+14 4.803789e+33
2.610339e+14 4.919884e+33
2.630574e+14 5.038785e+33
2.650965e+14 5.160559e+33
2.671515e+14 5.285276e+33
2.692224e+14 5.413007e+33
2.713093e+14 5.543825e+33
2.734124e+14 5.677804e+33
2.755318e+14 5.815022e+33
2.776676e+14 5.955556e+33
2.798200e+14 6.099486e+33
2.819891e+14 6.246894e+33
2.841750e+14 6.397865e+33
2.863778e+14 6.552484e+33
2.885977e+14 6.710840e+33
2.908349e+14 6.873024e+33
2.930893e+14 7.039126e+33
