# epsilon [g/cm^3]   P [dyn/cm^2]
1.364583e+14 6.638872e+32
1.375161e+14 6.806161e+32
1.385821e+14 6.977665e+32
1.396563e+14 7.153491e+32
1.407389e+14 7.333747e+32
1.418299e+14 7.518546e+32
1.429293e+14 7.708001e+32
1.440372e+14 7.902230e+32
1.451538e+14 8.101353e+32
1.462789e+14 8.305494e+32
1.474129e+14 8.514779e+32
1.485556e+14 8.729337e+32
1.497071e+14 8.949302e+32
1.508676e+14 9.174810e+32
1.520371e+14 9.406001e+32
1.532156e+14 9.643016e+32
1.544033e+14 9.886005e+32
1.556002e+14 1.013512e+33
1.568063e+14 1.039050e+33
1.580219e+14 1.065233e+33
1.592468e+14 1.092075e+33
1.604812e+14 1.119593e+33
1.617252e+14 1.147805e+33
1.629789e+14 1.176728e+33
1.642422e+14 1.206380e+33
1.655154e+14 1.236779e+33
1.667984e+14 1.267943e+33
1.680914e+14 1.299894e+33
1.693944e+14 1.332649e+33
1.707075e+14 1.366229e+33
1.720307e+14 1.400656e+33
1.733643e+14 1.435950e+33
1.747081e+14 1.472134e+33
1.760624e+14 1.509229e+33
1.774272e+14 1.547259e+33
1.788026e+14 1.586248e+33
1.801886e+14 1.626219e+33
1.815854e+14 1.667197e+33
1.829929e+14 1.709207e+33
1.844114e+14 1.752277e+33
1.858409e+14 1.796431e+33
1.872815e+14 1.841698e+33
1.887333e+14 1.888106e+33
1.901963e+14 1.935683e+33
1.916706e+14 1.984459e+33
1.931564e+14 2.034464e+33
1.946537e+14 2.085730e+33
1.961626e+14 2.138287e+33
1.976832e+14 2.192168e+33
1.992155e+14 2.247407e+33
2.007598e+14 2.304038e+33
2.023160e+14 2.362096e+33
2.038843e+14 2.421617e+33
2.054648e+14 2.482638e+33
2.070575e+14 2.545196e+33
2.086625e+14 2.609331e+33
2.102800e+14 2.675082e+33
2.119100e+14 2.742490e+33
2.135527e+14 2.811596e+33
2.152081e+14 2.882444e+33
2.168763e+14 2.955076e+33
2.185575e+14 3.029539e+33
2.202517e+14 3.105879e+33
2.219590e+14 3.184142e+33
2.236795e+14 3.264377e+33
2.254134e+14 3.346634e+33
2.271608e+14 3.430964e+33
2.289217e+14 3.517419e+33
2.306962e+14 3.606052e+33
2.324845e+14 3.696918e+33
2.342866e+14 3.790075e+33
2.361027e+14 3.885578e+33
2.379329e+14 3.983489e+33
2.397773e+14 4.083866e+33
2.416360e+14 4.186773e+33
2.435091e+14 4.292273e+33
2.453967e+14 4.400431e+33
2.472989e+14 4.511315e+33
2.492159e+14 4.624993e+33
2.511478e+14 4.741535e+33
2.530946e+14 4.861014e+33
2.550565e+14 4.983503e+33
2.570336e+14 5.109080e+33
2.590260e+14 5.237820e+33
2.610339e+14 5.369805e+33
2.630574e+14 5.505115e+33
2.650965e+14 5.643835e+33
2.671515e+14 5.786050e+33
2.692224e+14 5.931849e+33
2.713093e+14 6.081322e+33
2.734124e+14 6.234562e+33
2.755318e+14 6.391662e+33
2.776676e+14 6.552722e+33
2.798200e+14 6.717840e+33
2.819891e+14 6.887118e+33
2.841750e+14 7.060662e+33
2.863778e+14 7.238580e+33
2.885977e+14 7.420980e+33
2.908349e+14 7.607977e+33
2.930893e+14 7.799685e+33
