# epsilon [g/cm^3]   P [dyn/cm^2]
1.364583e+14 6.434181e+32
1.375161e+14 6.527087e+32
1.385821e+14 6.621334e+32
1.396563e+14 6.716942e+32
1.407389e+14 6.813930e+32
1.418299e+14 6.912319e+32
1.429293e+14 7.012128e+32
1.440372e+14 7.113379e+32
1.451538e+14 7.216091e+32
1.462789e+14 7.320287e+32
1.474129e+14 7.425987e+32
1.485556e+14 7.533214e+32
1.497071e+14 7.641988e+32
1.508676e+14 7.752334e+32
1.520371e+14 7.864272e+32
1.532156e+14 7.977827e+32
1.544033e+14 8.093022e+32
1.556002e+14 8.209880e+32
1.568063e+14 8.328425e+32
1.580219e+14 8.448682e+32
1.592468e+14 8.570676e+32
1.604812e+14 8.694431e+32
1.617252e+14 8.819973e+32
1.629789e+14 8.947328e+32
1.642422e+14 9.076521e+32
1.655154e+14 9.207580e+32
1.667984e+14 9.340532e+32
1.680914e+14 9.475403e+32
1.693944e+14 9.612222e+32
1.707075e+14 9.751016e+32
1.720307e+14 9.891814e+32
1.733643e+14 1.003465e+33
1.747081e+14 1.017954e+33
1.760624e+14 1.032653e+33
1.774272e+14 1.047563e+33
1.788026e+14 1.062690e+33
1.801886e+14 1.078034e+33
1.815854e+14 1.093600e+33
1.829929e+14 1.109391e+33
1.844114e+14 1.125410e+33
1.858409e+14 1.141660e+33
1.872815e+14 1.158145e+33
1.887333e+14 1.174868e+33
1.901963e+14 1.191832e+33
1.916706e+14 1.209041e+33
1.931564e+14 1.226499e+33
1.946537e+14 1.244209e+33
1.961626e+14 1.262175e+33
1.976832e+14 1.280400e+33
1.992155e+14 1.298888e+33
2.007598e+14 1.317643e+33
2.023160e+14 1.336669e+33
2.038843e+14 1.355969e+33
2.054648e+14 1.375549e+33
2.070575e+14 1.395411e+33
2.086625e+14 1.415560e+33
2.102800e+14 1.435999e+33
2.119100e+14 1.456734e+33
2.135527e+14 1.477769e+33
2.152081e+14 1.499107e+33
2.168763e+14 1.520753e+33
2.185575e+14 1.542711e+33
2.202517e+14 1.564987e+33
2.219590e+14 1.587585e+33
2.236795e+14 1.610508e+33
2.254134e+14 1.633763e+33
2.271608e+14 1.657353e+33
2.289217e+14 1.681285e+33
2.306962e+14 1.705561e+33
2.324845e+14 1.730188e+33
2.342866e+14 1.755171e+33
2.361027e+14 1.780515e+33
2.379329e+14 1.806224e+33
2.397773e+14 1.832305e+33
2.416360e+14 1.858762e+33
2.435091e+14 1.885602e+33
2.453967e+14 1.912828e+33
2.472989e+14 1.940448e+33
2.492159e+14 1.968467e+33
2.511478e+14 1.996891e+33
2.530946e+14 2.025724e+33
2.550565e+14 2.054975e+33
2.570336e+14 2.084647e+33
2.590260e+14 2.114748e+33
2.610339e+14 2.145284e+33
2.630574e+14 2.176260e+33
2.650965e+14 2.207684e+33
2.671515e+14 2.239561e+33
2.692224e+14 2.271899e+33
2.713093e+14 2.304704e+33
2.734124e+14 2.337983e+33
2.755318e+14 2.371741e+33
2.776676e+14 2.405988e+33
2.798200e+14 2.440729e+33
2.819891e+14 2.475971e+33
2.841750e+14 2.511723e+33
2.863778e+14 2.547990e+33
2.885977e+14 2.584782e+33
2.908349e+14 2.622104e+33
2.930893e+14 2.659966e+33
