# epsilon [g/cm^3]   P [dyn/cm^2]
1.364583e+14 6.553062e+32
1.375161e+14 6.688810e+32
1.385821e+14 6.827369e+32
1.396563e+14 6.968799e+32
1.407389e+14 7.113159e+32
1.418299e+14 7.260509e+32
1.429293e+14 7.410912e+32
1.440372e+14 7.564430e+32
1.451538e+14 7.721128e+32
1.462789e+14 7.881072e+32
1.474129e+14 8.044330e+32
1.485556e+14 8.210969e+32
1.497071e+14 8.381061e+32
1.508676e+14 8.554676e+32
1.520371e+14 8.731887e+32
1.532156e+14 8.912770e+32
1.544033e+14 9.097399e+32
1.556002e+14 9.285853e+32
1.568063e+14 9.478211e+32
1.580219e+14 9.674553e+32
1.592468e+14 9.874963e+32
1.604812e+14 1.007952e+33
1.617252e+14 1.028832e+33
1.629789e+14 1.050145e+33
1.642422e+14 1.071899e+33
1.655154e+14 1.094103e+33
1.667984e+14 1.116768e+33
1.680914e+14 1.139902e+33
1.693944e+14 1.163515e+33
1.707075e+14 1.187617e+33
1.720307e+14 1.212219e+33
1.733643e+14 1.237330e+33
1.747081e+14 1.262962e+33
1.760624e+14 1.289124e+33
1.774272e+14 1.315829e+33
1.788026e+14 1.343086e+33
1.801886e+14 1.370908e+33
1.815854e+14 1.399307e+33
1.829929e+14 1.428294e+33
1.844114e+14 1.457881e+33
1.858409e+14 1.488081e+33
1.872815e+14 1.518907e+33
1.887333e+14 1.550372e+33
1.901963e+14 1.582488e+33
1.916706e+14 1.615269e+33
1.931564e+14 1.648730e+33
1.946537e+14 1.682884e+33
1.961626e+14 1.717745e+33
1.976832e+14 1.753328e+33
1.992155e+14 1.789648e+33
2.007598e+14 1.826721e+33
2.023160e+14 1.864562e+33
2.038843e+14 1.903187e+33
2.054648e+14 1.942612e+33
2.070575e+14 1.982853e+33
2.086625e+14 2.023928e+33
2.102800e+14 2.065854e+33
2.119100e+14 2.108649e+33
2.135527e+14 2.152330e+33
2.152081e+14 2.196915e+33
2.168763e+14 2.242425e+33
2.185575e+14 2.288877e+33
2.202517e+14 2.336291e+33
2.219590e+14 2.384688e+33
2.236795e+14 2.434087e+33
2.254134e+14 2.484510e+33
2.271608e+14 2.535977e+33
2.289217e+14 2.588510e+33
2.306962e+14 2.642131e+33
2.324845e+14 2.696863e+33
2.342866e+14 2.752729e+33
2.361027e+14 2.809753e+33
2.379329e+14 2.867957e+33
2.397773e+14 2.927367e+33
2.416360e+14 2.988008e+33
2.435091e+14 3.049905e+33
2.453967e+14 3.113084e+33
2.472989e+14 3.177572e+33
2.492159e+14 3.243396e+33
2.511478e+14 3.310584e+33
2.530946e+14 3.379163e+33
2.550565e+14 3.449163e+33
2.570336e+14 3.520613e+33
2.590260e+14 3.593543e+33
2.610339e+14 3.667983e+33
2.630574e+14 3.743966e+33
2.650965e+14 3.821523e+33
2.671515e+14 3.900686e+33
2.692224e+14 3.981490e+33
2.713093e+14 4.063967e+33
2.734124e+14 4.148153e+33
2.755318e+14 4.234082e+33
2.776676e+14 4.321792e+33
2.798200e+14 4.411318e+33
2.819891e+14 4.502699e+33
2.841750e+14 4.595974e+33
2.863778e+14 4.691180e+33
2.885977e+14 4.788358e+33
2.908349e+14 4.887550e+33
2.930893e+14 4.988796e+33
