# epsilon [g/cm^3]   P [dyn/cm^2]
1.364583e+14 6.435797e+32
1.375161e+14 6.529278e+32
1.385821e+14 6.624116e+32
1.396563e+14 6.720332e+32
1.407389e+14 6.817946e+32
1.418299e+14 6.916978e+32
1.429293e+14 7.017448e+32
1.440372e+14 7.119377e+32
1.451538e+14 7.222787e+32
1.462789e+14 7.327699e+32
1.474129e+14 7.434135e+32
1.485556e+14 7.542117e+32
1.497071e+14 7.651667e+32
1.508676e+14 7.762809e+32
1.520371e+14 7.875564e+32
1.532156e+14 7.989958e+32
1.544033e+14 8.106013e+32
1.556002e+14 8.223754e+32
1.568063e+14 8.343205e+32
1.580219e+14 8.464392e+32
1.592468e+14 8.587338e+32
1.604812e+14 8.712070e+32
1.617252e+14 8.838614e+32
1.629789e+14 8.966996e+32
1.642422e+14 9.097243e+32
1.655154e+14 9.229382e+32
1.667984e+14 9.363440e+32
1.680914e+14 9.499445e+32
1.693944e+14 9.637426e+32
1.707075e+14 9.777411e+32
1.720307e+14 9.919429e+32
1.733643e+14 1.006351e+33
1.747081e+14 1.020968e+33
1.760624e+14 1.035798e+33
1.774272e+14 1.050843e+33
1.788026e+14 1.066107e+33
1.801886e+14 1.081592e+33
1.815854e+14 1.097303e+33
1.829929e+14 1.113241e+33
1.844114e+14 1.129411e+33
1.858409e+14 1.145816e+33
1.872815e+14 1.162459e+33
1.887333e+14 1.179344e+33
1.901963e+14 1.196474e+33
1.916706e+14 1.213853e+33
1.931564e+14 1.231484e+33
1.946537e+14 1.249372e+33
1.961626e+14 1.267519e+33
1.976832e+14 1.285930e+33
1.992155e+14 1.304608e+33
2.007598e+14 1.323558e+33
2.023160e+14 1.342783e+33
2.038843e+14 1.362287e+33
2.054648e+14 1.382074e+33
2.070575e+14 1.402149e+33
2.086625e+14 1.422515e+33
2.102800e+14 1.443178e+33
2.119100e+14 1.464140e+33
2.135527e+14 1.485407e+33
2.152081e+14 1.506983e+33
2.168763e+14 1.528872e+33
2.185575e+14 1.551079e+33
2.202517e+14 1.573608e+33
2.219590e+14 1.596465e+33
2.236795e+14 1.619654e+33
2.254134e+14 1.643180e+33
2.271608e+14 1.667047e+33
2.289217e+14 1.691261e+33
2.306962e+14 1.715827e+33
2.324845e+14 1.740750e+33
2.342866e+14 1.766034e+33
2.361027e+14 1.791686e+33
2.379329e+14 1.817711e+33
2.397773e+14 1.844113e+33
2.416360e+14 1.870899e+33
2.435091e+14 1.898074e+33
2.453967e+14 1.925644e+33
2.472989e+14 1.953614e+33
2.492159e+14 1.981991e+33
2.511478e+14 2.010780e+33
2.530946e+14 2.039987e+33
2.550565e+14 2.069618e+33
2.570336e+14 2.099679e+33
2.590260e+14 2.130177e+33
2.610339e+14 2.161118e+33
2.630574e+14 2.192509e+33
2.650965e+14 2.224355e+33
2.671515e+14 2.256664e+33
2.692224e+14 2.289443e+33
2.713093e+14 2.322697e+33
2.734124e+14 2.356435e+33
2.755318e+14 2.390662e+33
2.776676e+14 2.425387e+33
2.798200e+14 2.460616e+33
2.819891e+14 2.496357e+33
2.841750e+14 2.532617e+33
2.863778e+14 2.569403e+33
2.885977e+14 2.606724e+33
2.908349e+14 2.644587e+33
2.930893e+14 2.683000e+33
