# epsilon [g/cm^3]   P [dyn/cm^2]
1.364583e+14 6.457235e+32
1.375161e+14 6.558371e+32
1.385821e+14 6.661090e+32
1.396563e+14 6.765418e+32
1.407389e+14 6.871381e+32
1.418299e+14 6.979003e+32
1.429293e+14 7.088310e+32
1.440372e+14 7.199330e+32
1.451538e+14 7.312088e+32
1.462789e+14 7.426613e+32
1.474129e+14 7.542931e+32
1.485556e+14 7.661071e+32
1.497071e+14 7.781061e+32
1.508676e+14 7.902931e+32
1.520371e+14 8.026709e+32
1.532156e+14 8.152426e+32
1.544033e+14 8.280112e+32
1.556002e+14 8.409798e+32
1.568063e+14 8.541516e+32
1.580219e+14 8.675296e+32
1.592468e+14 8.811171e+32
1.604812e+14 8.949175e+32
1.617252e+14 9.089340e+32
1.629789e+14 9.231700e+32
1.642422e+14 9.376290e+32
1.655154e+14 9.523145e+32
1.667984e+14 9.672300e+32
1.680914e+14 9.823791e+32
1.693944e+14 9.977654e+32
1.707075e+14 1.013393e+33
1.720307e+14 1.029265e+33
1.733643e+14 1.045386e+33
1.747081e+14 1.061759e+33
1.760624e+14 1.078388e+33
1.774272e+14 1.095279e+33
1.788026e+14 1.112433e+33
1.801886e+14 1.129856e+33
1.815854e+14 1.147553e+33
1.829929e+14 1.165526e+33
1.844114e+14 1.183781e+33
1.858409e+14 1.202322e+33
1.872815e+14 1.221153e+33
1.887333e+14 1.240279e+33
1.901963e+14 1.259705e+33
1.916706e+14 1.279435e+33
1.931564e+14 1.299474e+33
1.946537e+14 1.319826e+33
1.961626e+14 1.340498e+33
1.976832e+14 1.361493e+33
1.992155e+14 1.382817e+33
2.007598e+14 1.404476e+33
2.023160e+14 1.426473e+33
2.038843e+14 1.448815e+33
2.054648e+14 1.471507e+33
2.070575e+14 1.494554e+33
2.086625e+14 1.517962e+33
2.102800e+14 1.541737e+33
2.119100e+14 1.565884e+33
2.135527e+14 1.590410e+33
2.152081e+14 1.615319e+33
2.168763e+14 1.640619e+33
2.185575e+14 1.666315e+33
2.202517e+14 1.692413e+33
2.219590e+14 1.718920e+33
2.236795e+14 1.745843e+33
2.254134e+14 1.773187e+33
2.271608e+14 1.800959e+33
2.289217e+14 1.829166e+33
2.306962e+14 1.857815e+33
2.324845e+14 1.886913e+33
2.342866e+14 1.916467e+33
2.361027e+14 1.946483e+33
2.379329e+14 1.976969e+33
2.397773e+14 2.007933e+33
2.416360e+14 2.039382e+33
2.435091e+14 2.071324e+33
2.453967e+14 2.103766e+33
2.472989e+14 2.136716e+33
2.492159e+14 2.170182e+33
2.511478e+14 2.204172e+33
2.530946e+14 2.238694e+33
2.550565e+14 2.273757e+33
2.570336e+14 2.309370e+33
2.590260e+14 2.345540e+33
2.610339e+14 2.382277e+33
2.630574e+14 2.419589e+33
2.650965e+14 2.457485e+33
2.671515e+14 2.495975e+33
2.692224e+14 2.535068e+33
2.713093e+14 2.574773e+33
2.734124e+14 2.615100e+33
2.755318e+14 2.656059e+33
2.776676e+14 2.697659e+33
2.798200e+14 2.739910e+33
2.819891e+14 2.782824e+33
2.841750e+14 2.826409e+33
2.863778e+14 2.870678e+33
2.885977e+14 2.915639e+33
2.908349e+14 2.961305e+33
2.930893e+14 3.007686e+33
