# epsilon [g/cm^3]   P [dyn/cm^2]
1.364583e+14 6.611945e+32
1.375161e+14 6.769281e+32
1.385821e+14 6.930360e+32
1.396563e+14 7.095273e+32
1.407389e+14 7.264110e+32
1.418299e+14 7.436965e+32
1.429293e+14 7.613932e+32
1.440372e+14 7.795111e+32
1.451538e+14 7.980601e+32
1.462789e+14 8.170505e+32
1.474129e+14 8.364928e+32
1.485556e+14 8.563977e+32
1.497071e+14 8.767763e+32
1.508676e+14 8.976398e+32
1.520371e+14 9.189998e+32
1.532156e+14 9.408680e+32
1.544033e+14 9.632566e+32
1.556002e+14 9.861780e+32
1.568063e+14 1.009645e+33
1.580219e+14 1.033670e+33
1.592468e+14 1.058267e+33
1.604812e+14 1.083449e+33
1.617252e+14 1.109230e+33
1.629789e+14 1.135625e+33
1.642422e+14 1.162648e+33
1.655154e+14 1.190314e+33
1.667984e+14 1.218639e+33
1.680914e+14 1.247637e+33
1.693944e+14 1.277326e+33
1.707075e+14 1.307720e+33
1.720307e+14 1.338838e+33
1.733643e+14 1.370697e+33
1.747081e+14 1.403314e+33
1.760624e+14 1.436707e+33
1.774272e+14 1.470894e+33
1.788026e+14 1.505895e+33
1.801886e+14 1.541729e+33
1.815854e+14 1.578415e+33
1.829929e+14 1.615975e+33
1.844114e+14 1.654428e+33
1.858409e+14 1.693796e+33
1.872815e+14 1.734101e+33
1.887333e+14 1.775365e+33
1.901963e+14 1.817612e+33
1.916706e+14 1.860863e+33
1.931564e+14 1.905143e+33
1.946537e+14 1.950478e+33
1.961626e+14 1.996891e+33
1.976832e+14 2.044408e+33
1.992155e+14 2.093056e+33
2.007598e+14 2.142862e+33
2.023160e+14 2.193853e+33
2.038843e+14 2.246057e+33
2.054648e+14 2.299503e+33
2.070575e+14 2.354222e+33
2.086625e+14 2.410242e+33
2.102800e+14 2.467595e+33
2.119100e+14 2.526314e+33
2.135527e+14 2.586429e+33
2.152081e+14 2.647975e+33
2.168763e+14 2.710985e+33
2.185575e+14 2.775495e+33
2.202517e+14 2.841540e+33
2.219590e+14 2.909156e+33
2.236795e+14 2.978382e+33
2.254134e+14 3.049254e+33
2.271608e+14 3.121813e+33
2.289217e+14 3.196099e+33
2.306962e+14 3.272152e+33
2.324845e+14 3.350016e+33
2.342866e+14 3.429732e+33
2.361027e+14 3.511344e+33
2.379329e+14 3.594899e+33
2.397773e+14 3.680442e+33
2.416360e+14 3.768021e+33
2.435091e+14 3.857684e+33
2.453967e+14 3.949480e+33
2.472989e+14 4.043461e+33
2.492159e+14 4.139678e+33
2.511478e+14 4.238184e+33
2.530946e+14 4.339035e+33
2.550565e+14 4.442285e+33
2.570336e+14 4.547992e+33
2.590260e+14 4.656215e+33
2.610339e+14 4.767013e+33
2.630574e+14 4.880447e+33
2.650965e+14 4.996581e+33
2.671515e+14 5.115478e+33
2.692224e+14 5.237204e+33
2.713093e+14 5.361827e+33
2.734124e+14 5.489416e+33
2.755318e+14 5.620040e+33
2.776676e+14 5.753773e+33
2.798200e+14 5.890688e+33
2.819891e+14 6.030861e+33
2.841750e+14 6.174369e+33
2.863778e+14 6.321293e+33
2.885977e+14 6.471712e+33
2.908349e+14 6.625711e+33
2.930893e+14 6.783374e+33
