# epsilon [g/cm^3]   P [dyn/cm^2]
1.364583e+14 6.552578e+32
1.375161e+14 6.688150e+32
1.385821e+14 6.826526e+32
1.396563e+14 6.967765e+32
1.407389e+14 7.111927e+32
1.418299e+14 7.259071e+32
1.429293e+14 7.409259e+32
1.440372e+14 7.562555e+32
1.451538e+14 7.719022e+32
1.462789e+14 7.878727e+32
1.474129e+14 8.041736e+32
1.485556e+14 8.208118e+32
1.497071e+14 8.377942e+32
1.508676e+14 8.551280e+32
1.520371e+14 8.728204e+32
1.532156e+14 8.908788e+32
1.544033e+14 9.093109e+32
1.556002e+14 9.281243e+32
1.568063e+14 9.473270e+32
1.580219e+14 9.669270e+32
1.592468e+14 9.869325e+32
1.604812e+14 1.007352e+33
1.617252e+14 1.028194e+33
1.629789e+14 1.049467e+33
1.642422e+14 1.071180e+33
1.655154e+14 1.093343e+33
1.667984e+14 1.115964e+33
1.680914e+14 1.139053e+33
1.693944e+14 1.162619e+33
1.707075e+14 1.186674e+33
1.720307e+14 1.211226e+33
1.733643e+14 1.236286e+33
1.747081e+14 1.261864e+33
1.760624e+14 1.287972e+33
1.774272e+14 1.314620e+33
1.788026e+14 1.341819e+33
1.801886e+14 1.369581e+33
1.815854e+14 1.397917e+33
1.829929e+14 1.426840e+33
1.844114e+14 1.456361e+33
1.858409e+14 1.486492e+33
1.872815e+14 1.517247e+33
1.887333e+14 1.548639e+33
1.901963e+14 1.580680e+33
1.916706e+14 1.613384e+33
1.931564e+14 1.646764e+33
1.946537e+14 1.680836e+33
1.961626e+14 1.715612e+33
1.976832e+14 1.751107e+33
1.992155e+14 1.787337e+33
2.007598e+14 1.824317e+33
2.023160e+14 1.862062e+33
2.038843e+14 1.900587e+33
2.054648e+14 1.939910e+33
2.070575e+14 1.980046e+33
2.086625e+14 2.021013e+33
2.102800e+14 2.062827e+33
2.119100e+14 2.105507e+33
2.135527e+14 2.149069e+33
2.152081e+14 2.193533e+33
2.168763e+14 2.238916e+33
2.185575e+14 2.285239e+33
2.202517e+14 2.332520e+33
2.219590e+14 2.380780e+33
2.236795e+14 2.430037e+33
2.254134e+14 2.480314e+33
2.271608e+14 2.531631e+33
2.289217e+14 2.584010e+33
2.306962e+14 2.637473e+33
2.324845e+14 2.692041e+33
2.342866e+14 2.747739e+33
2.361027e+14 2.804589e+33
2.379329e+14 2.862616e+33
2.397773e+14 2.921842e+33
2.416360e+14 2.982295e+33
2.435091e+14 3.043998e+33
2.453967e+14 3.106977e+33
2.472989e+14 3.171260e+33
2.492159e+14 3.236873e+33
2.511478e+14 3.303843e+33
2.530946e+14 3.372198e+33
2.550565e+14 3.441968e+33
2.570336e+14 3.513182e+33
2.590260e+14 3.585869e+33
2.610339e+14 3.660060e+33
2.630574e+14 3.735785e+33
2.650965e+14 3.813078e+33
2.671515e+14 3.891970e+33
2.692224e+14 3.972494e+33
2.713093e+14 4.054684e+33
2.734124e+14 4.138574e+33
2.755318e+14 4.224200e+33
2.776676e+14 4.311598e+33
2.798200e+14 4.400804e+33
2.819891e+14 4.491856e+33
2.841750e+14 4.584791e+33
2.863778e+14 4.679649e+33
2.885977e+14 4.776470e+33
2.908349e+14 4.875294e+33
2.930893e+14 4.976163e+33
