# epsilon [g/cm^3]   P [dyn/cm^2]
1.364583e+14 6.564182e+32
1.375161e+14 6.703988e+32
1.385821e+14 6.846772e+32
1.396563e+14 6.992596e+32
1.407389e+14 7.141527e+32
1.418299e+14 7.293629e+32
1.429293e+14 7.448971e+32
1.440372e+14 7.607622e+32
1.451538e+14 7.769651e+32
1.462789e+14 7.935132e+32
1.474129e+14 8.104136e+32
1.485556e+14 8.276741e+32
1.497071e+14 8.453021e+32
1.508676e+14 8.633057e+32
1.520371e+14 8.816926e+32
1.532156e+14 9.004712e+32
1.544033e+14 9.196497e+32
1.556002e+14 9.392367e+32
1.568063e+14 9.592408e+32
1.580219e+14 9.796710e+32
1.592468e+14 1.000536e+33
1.604812e+14 1.021846e+33
1.617252e+14 1.043610e+33
1.629789e+14 1.065837e+33
1.642422e+14 1.088537e+33
1.655154e+14 1.111721e+33
1.667984e+14 1.135399e+33
1.680914e+14 1.159581e+33
1.693944e+14 1.184278e+33
1.707075e+14 1.209501e+33
1.720307e+14 1.235262e+33
1.733643e+14 1.261571e+33
1.747081e+14 1.288440e+33
1.760624e+14 1.315882e+33
1.774272e+14 1.343908e+33
1.788026e+14 1.372531e+33
1.801886e+14 1.401763e+33
1.815854e+14 1.431619e+33
1.829929e+14 1.462110e+33
1.844114e+14 1.493250e+33
1.858409e+14 1.525054e+33
1.872815e+14 1.557535e+33
1.887333e+14 1.590708e+33
1.901963e+14 1.624587e+33
1.916706e+14 1.659188e+33
1.931564e+14 1.694526e+33
1.946537e+14 1.730616e+33
1.961626e+14 1.767476e+33
1.976832e+14 1.805120e+33
1.992155e+14 1.843566e+33
2.007598e+14 1.882831e+33
2.023160e+14 1.922932e+33
2.038843e+14 1.963887e+33
2.054648e+14 2.005715e+33
2.070575e+14 2.048433e+33
2.086625e+14 2.092061e+33
2.102800e+14 2.136618e+33
2.119100e+14 2.182125e+33
2.135527e+14 2.228600e+33
2.152081e+14 2.276066e+33
2.168763e+14 2.324542e+33
2.185575e+14 2.374051e+33
2.202517e+14 2.424614e+33
2.219590e+14 2.476254e+33
2.236795e+14 2.528994e+33
2.254134e+14 2.582858e+33
2.271608e+14 2.637868e+33
2.289217e+14 2.694050e+33
2.306962e+14 2.751429e+33
2.324845e+14 2.810030e+33
2.342866e+14 2.869879e+33
2.361027e+14 2.931002e+33
2.379329e+14 2.993428e+33
2.397773e+14 3.057183e+33
2.416360e+14 3.122295e+33
2.435091e+14 3.188795e+33
2.453967e+14 3.256711e+33
2.472989e+14 3.326074e+33
2.492159e+14 3.396913e+33
2.511478e+14 3.469262e+33
2.530946e+14 3.543151e+33
2.550565e+14 3.618614e+33
2.570336e+14 3.695685e+33
2.590260e+14 3.774397e+33
2.610339e+14 3.854785e+33
2.630574e+14 3.936885e+33
2.650965e+14 4.020734e+33
2.671515e+14 4.106369e+33
2.692224e+14 4.193828e+33
2.713093e+14 4.283149e+33
2.734124e+14 4.374373e+33
2.755318e+14 4.467540e+33
2.776676e+14 4.562691e+33
2.798200e+14 4.659868e+33
2.819891e+14 4.759116e+33
2.841750e+14 4.860477e+33
2.863778e+14 4.963997e+33
2.885977e+14 5.069722e+33
2.908349e+14 5.177698e+33
2.930893e+14 5.287974e+33
