# epsilon [g/cm^3]   P [dyn/cm^2]
1.364583e+14 6.422731e+32
1.375161e+14 6.511563e+32
1.385821e+14 6.601623e+32
1.396563e+14 6.692929e+32
1.407389e+14 6.785498e+32
1.418299e+14 6.879347e+32
1.429293e+14 6.974494e+32
1.440372e+14 7.070957e+32
1.451538e+14 7.168754e+32
1.462789e+14 7.267904e+32
1.474129e+14 7.368425e+32
1.485556e+14 7.470336e+32
1.497071e+14 7.573657e+32
1.508676e+14 7.678407e+32
1.520371e+14 7.784606e+32
1.532156e+14 7.892274e+32
1.544033e+14 8.001430e+32
1.556002e+14 8.112097e+32
1.568063e+14 8.224294e+32
1.580219e+14 8.338043e+32
1.592468e+14 8.453365e+32
1.604812e+14 8.570282e+32
1.617252e+14 8.688816e+32
1.629789e+14 8.808989e+32
1.642422e+14 8.930825e+32
1.655154e+14 9.054346e+32
1.667984e+14 9.179575e+32
1.680914e+14 9.306536e+32
1.693944e+14 9.435253e+32
1.707075e+14 9.565750e+32
1.720307e+14 9.698053e+32
1.733643e+14 9.832185e+32
1.747081e+14 9.968172e+32
1.760624e+14 1.010604e+33
1.774272e+14 1.024582e+33
1.788026e+14 1.038752e+33
1.801886e+14 1.053119e+33
1.815854e+14 1.067685e+33
1.829929e+14 1.082452e+33
1.844114e+14 1.097423e+33
1.858409e+14 1.112601e+33
1.872815e+14 1.127989e+33
1.887333e+14 1.143590e+33
1.901963e+14 1.159407e+33
1.916706e+14 1.175443e+33
1.931564e+14 1.191700e+33
1.946537e+14 1.208182e+33
1.961626e+14 1.224892e+33
1.976832e+14 1.241834e+33
1.992155e+14 1.259009e+33
2.007598e+14 1.276422e+33
2.023160e+14 1.294076e+33
2.038843e+14 1.311975e+33
2.054648e+14 1.330120e+33
2.070575e+14 1.348517e+33
2.086625e+14 1.367168e+33
2.102800e+14 1.386077e+33
2.119100e+14 1.405248e+33
2.135527e+14 1.424683e+33
2.152081e+14 1.444388e+33
2.168763e+14 1.464365e+33
2.185575e+14 1.484618e+33
2.202517e+14 1.505152e+33
2.219590e+14 1.525969e+33
2.236795e+14 1.547075e+33
2.254134e+14 1.568472e+33
2.271608e+14 1.590165e+33
2.289217e+14 1.612159e+33
2.306962e+14 1.634456e+33
2.324845e+14 1.657062e+33
2.342866e+14 1.679981e+33
2.361027e+14 1.703216e+33
2.379329e+14 1.726773e+33
2.397773e+14 1.750656e+33
2.416360e+14 1.774869e+33
2.435091e+14 1.799417e+33
2.453967e+14 1.824304e+33
2.472989e+14 1.849536e+33
2.492159e+14 1.875116e+33
2.511478e+14 1.901051e+33
2.530946e+14 1.927344e+33
2.550565e+14 1.954001e+33
2.570336e+14 1.981026e+33
2.590260e+14 2.008425e+33
2.610339e+14 2.036204e+33
2.630574e+14 2.064366e+33
2.650965e+14 2.092918e+33
2.671515e+14 2.121865e+33
2.692224e+14 2.151212e+33
2.713093e+14 2.180965e+33
2.734124e+14 2.211129e+33
2.755318e+14 2.241711e+33
2.776676e+14 2.272716e+33
2.798200e+14 2.304149e+33
2.819891e+14 2.336018e+33
2.841750e+14 2.368327e+33
2.863778e+14 2.401083e+33
2.885977e+14 2.434292e+33
2.908349e+14 2.467960e+33
2.930893e+14 2.502094e+33
