# epsilon [g/cm^3]   P [dyn/cm^2]
1.364583e+14 6.523849e+32
1.375161e+14 6.648977e+32
1.385821e+14 6.776504e+32
1.396563e+14 6.906478e+32
1.407389e+14 7.038944e+32
1.418299e+14 7.173952e+32
1.429293e+14 7.311548e+32
1.440372e+14 7.451784e+32
1.451538e+14 7.594709e+32
1.462789e+14 7.740376e+32
1.474129e+14 7.888837e+32
1.485556e+14 8.040145e+32
1.497071e+14 8.194355e+32
1.508676e+14 8.351523e+32
1.520371e+14 8.511706e+32
1.532156e+14 8.674960e+32
1.544033e+14 8.841346e+32
1.556002e+14 9.010924e+32
1.568063e+14 9.183754e+32
1.580219e+14 9.359898e+32
1.592468e+14 9.539421e+32
1.604812e+14 9.722388e+32
1.617252e+14 9.908863e+32
1.629789e+14 1.009892e+33
1.642422e+14 1.029261e+33
1.655154e+14 1.049003e+33
1.667984e+14 1.069122e+33
1.680914e+14 1.089628e+33
1.693944e+14 1.110527e+33
1.707075e+14 1.131827e+33
1.720307e+14 1.153536e+33
1.733643e+14 1.175661e+33
1.747081e+14 1.198210e+33
1.760624e+14 1.221192e+33
1.774272e+14 1.244614e+33
1.788026e+14 1.268486e+33
1.801886e+14 1.292815e+33
1.815854e+14 1.317612e+33
1.829929e+14 1.342883e+33
1.844114e+14 1.368640e+33
1.858409e+14 1.394891e+33
1.872815e+14 1.421645e+33
1.887333e+14 1.448912e+33
1.901963e+14 1.476702e+33
1.916706e+14 1.505025e+33
1.931564e+14 1.533892e+33
1.946537e+14 1.563312e+33
1.961626e+14 1.593296e+33
1.976832e+14 1.623856e+33
1.992155e+14 1.655001e+33
2.007598e+14 1.686744e+33
2.023160e+14 1.719096e+33
2.038843e+14 1.752068e+33
2.054648e+14 1.785673e+33
2.070575e+14 1.819922e+33
2.086625e+14 1.854828e+33
2.102800e+14 1.890404e+33
2.119100e+14 1.926662e+33
2.135527e+14 1.963615e+33
2.152081e+14 2.001278e+33
2.168763e+14 2.039662e+33
2.185575e+14 2.078783e+33
2.202517e+14 2.118654e+33
2.219590e+14 2.159290e+33
2.236795e+14 2.200705e+33
2.254134e+14 2.242915e+33
2.271608e+14 2.285934e+33
2.289217e+14 2.329778e+33
2.306962e+14 2.374464e+33
2.324845e+14 2.420006e+33
2.342866e+14 2.466422e+33
2.361027e+14 2.513728e+33
2.379329e+14 2.561941e+33
2.397773e+14 2.611079e+33
2.416360e+14 2.661160e+33
2.435091e+14 2.712201e+33
2.453967e+14 2.764221e+33
2.472989e+14 2.817239e+33
2.492159e+14 2.871274e+33
2.511478e+14 2.926345e+33
2.530946e+14 2.982472e+33
2.550565e+14 3.039676e+33
2.570336e+14 3.097977e+33
2.590260e+14 3.157396e+33
2.610339e+14 3.217955e+33
2.630574e+14 3.279676e+33
2.650965e+14 3.342580e+33
2.671515e+14 3.406691e+33
2.692224e+14 3.472031e+33
2.713093e+14 3.538625e+33
2.734124e+14 3.606496e+33
2.755318e+14 3.675669e+33
2.776676e+14 3.746168e+33
2.798200e+14 3.818020e+33
2.819891e+14 3.891249e+33
2.841750e+14 3.965884e+33
2.863778e+14 4.041949e+33
2.885977e+14 4.119474e+33
2.908349e+14 4.198486e+33
2.930893e+14 4.279013e+33
