# epsilon [g/cm^3]   P [dyn/cm^2]
1.364583e+14 6.604960e+32
1.375161e+14 6.759723e+32
1.385821e+14 6.918112e+32
1.396563e+14 7.080212e+32
1.407389e+14 7.246110e+32
1.418299e+14 7.415895e+32
1.429293e+14 7.589659e+32
1.440372e+14 7.767494e+32
1.451538e+14 7.949496e+32
1.462789e+14 8.135763e+32
1.474129e+14 8.326394e+32
1.485556e+14 8.521492e+32
1.497071e+14 8.721161e+32
1.508676e+14 8.925509e+32
1.520371e+14 9.134644e+32
1.532156e+14 9.348681e+32
1.544033e+14 9.567732e+32
1.556002e+14 9.791916e+32
1.568063e+14 1.002135e+33
1.580219e+14 1.025617e+33
1.592468e+14 1.049648e+33
1.604812e+14 1.074243e+33
1.617252e+14 1.099413e+33
1.629789e+14 1.125174e+33
1.642422e+14 1.151538e+33
1.655154e+14 1.178520e+33
1.667984e+14 1.206134e+33
1.680914e+14 1.234396e+33
1.693944e+14 1.263319e+33
1.707075e+14 1.292920e+33
1.720307e+14 1.323215e+33
1.733643e+14 1.354220e+33
1.747081e+14 1.385951e+33
1.760624e+14 1.418425e+33
1.774272e+14 1.451661e+33
1.788026e+14 1.485675e+33
1.801886e+14 1.520486e+33
1.815854e+14 1.556113e+33
1.829929e+14 1.592575e+33
1.844114e+14 1.629891e+33
1.858409e+14 1.668081e+33
1.872815e+14 1.707166e+33
1.887333e+14 1.747167e+33
1.901963e+14 1.788106e+33
1.916706e+14 1.830003e+33
1.931564e+14 1.872882e+33
1.946537e+14 1.916766e+33
1.961626e+14 1.961679e+33
1.976832e+14 2.007643e+33
1.992155e+14 2.054685e+33
2.007598e+14 2.102829e+33
2.023160e+14 2.152101e+33
2.038843e+14 2.202527e+33
2.054648e+14 2.254135e+33
2.070575e+14 2.306952e+33
2.086625e+14 2.361007e+33
2.102800e+14 2.416328e+33
2.119100e+14 2.472946e+33
2.135527e+14 2.530890e+33
2.152081e+14 2.590192e+33
2.168763e+14 2.650883e+33
2.185575e+14 2.712997e+33
2.202517e+14 2.776566e+33
2.219590e+14 2.841624e+33
2.236795e+14 2.908207e+33
2.254134e+14 2.976350e+33
2.271608e+14 3.046089e+33
2.289217e+14 3.117463e+33
2.306962e+14 3.190509e+33
2.324845e+14 3.265267e+33
2.342866e+14 3.341776e+33
2.361027e+14 3.420078e+33
2.379329e+14 3.500215e+33
2.397773e+14 3.582229e+33
2.416360e+14 3.666165e+33
2.435091e+14 3.752068e+33
2.453967e+14 3.839984e+33
2.472989e+14 3.929959e+33
2.492159e+14 4.022043e+33
2.511478e+14 4.116285e+33
2.530946e+14 4.212734e+33
2.550565e+14 4.311444e+33
2.570336e+14 4.412467e+33
2.590260e+14 4.515856e+33
2.610339e+14 4.621668e+33
2.630574e+14 4.729960e+33
2.650965e+14 4.840789e+33
2.671515e+14 4.954214e+33
2.692224e+14 5.070298e+33
2.713093e+14 5.189101e+33
2.734124e+14 5.310688e+33
2.755318e+14 5.435124e+33
2.776676e+14 5.562476e+33
2.798200e+14 5.692812e+33
2.819891e+14 5.826202e+33
2.841750e+14 5.962717e+33
2.863778e+14 6.102431e+33
2.885977e+14 6.245418e+33
2.908349e+14 6.391756e+33
2.930893e+14 6.541523e+33
