# epsilon [g/cm^3]   P [dyn/cm^2]
1.364583e+14 6.456505e+32
1.375161e+14 6.557380e+32
1.385821e+14 6.659830e+32
1.396563e+14 6.763881e+32
1.407389e+14 6.869558e+32
1.418299e+14 6.976885e+32
1.429293e+14 7.085890e+32
1.440372e+14 7.196597e+32
1.451538e+14 7.309035e+32
1.462789e+14 7.423229e+32
1.474129e+14 7.539207e+32
1.485556e+14 7.656997e+32
1.497071e+14 7.776627e+32
1.508676e+14 7.898127e+32
1.520371e+14 8.021524e+32
1.532156e+14 8.146850e+32
1.544033e+14 8.274134e+32
1.556002e+14 8.403406e+32
1.568063e+14 8.534698e+32
1.580219e+14 8.668041e+32
1.592468e+14 8.803468e+32
1.604812e+14 8.941011e+32
1.617252e+14 9.080702e+32
1.629789e+14 9.222576e+32
1.642422e+14 9.366666e+32
1.655154e+14 9.513008e+32
1.667984e+14 9.661636e+32
1.680914e+14 9.812586e+32
1.693944e+14 9.965895e+32
1.707075e+14 1.012160e+33
1.720307e+14 1.027974e+33
1.733643e+14 1.044034e+33
1.747081e+14 1.060346e+33
1.760624e+14 1.076912e+33
1.774272e+14 1.093738e+33
1.788026e+14 1.110826e+33
1.801886e+14 1.128181e+33
1.815854e+14 1.145807e+33
1.829929e+14 1.163709e+33
1.844114e+14 1.181891e+33
1.858409e+14 1.200356e+33
1.872815e+14 1.219110e+33
1.887333e+14 1.238157e+33
1.901963e+14 1.257502e+33
1.916706e+14 1.277148e+33
1.931564e+14 1.297102e+33
1.946537e+14 1.317368e+33
1.961626e+14 1.337950e+33
1.976832e+14 1.358853e+33
1.992155e+14 1.380084e+33
2.007598e+14 1.401646e+33
2.023160e+14 1.423544e+33
2.038843e+14 1.445785e+33
2.054648e+14 1.468374e+33
2.070575e+14 1.491315e+33
2.086625e+14 1.514615e+33
2.102800e+14 1.538279e+33
2.119100e+14 1.562313e+33
2.135527e+14 1.586722e+33
2.152081e+14 1.611512e+33
2.168763e+14 1.636690e+33
2.185575e+14 1.662261e+33
2.202517e+14 1.688231e+33
2.219590e+14 1.714608e+33
2.236795e+14 1.741396e+33
2.254134e+14 1.768603e+33
2.271608e+14 1.796235e+33
2.289217e+14 1.824299e+33
2.306962e+14 1.852801e+33
2.324845e+14 1.881749e+33
2.342866e+14 1.911149e+33
2.361027e+14 1.941008e+33
2.379329e+14 1.971334e+33
2.397773e+14 2.002133e+33
2.416360e+14 2.033414e+33
2.435091e+14 2.065183e+33
2.453967e+14 2.097449e+33
2.472989e+14 2.130219e+33
2.492159e+14 2.163501e+33
2.511478e+14 2.197302e+33
2.530946e+14 2.231632e+33
2.550565e+14 2.266499e+33
2.570336e+14 2.301910e+33
2.590260e+14 2.337874e+33
2.610339e+14 2.374400e+33
2.630574e+14 2.411497e+33
2.650965e+14 2.449173e+33
2.671515e+14 2.487439e+33
2.692224e+14 2.526301e+33
2.713093e+14 2.565772e+33
2.734124e+14 2.605858e+33
2.755318e+14 2.646571e+33
2.776676e+14 2.687921e+33
2.798200e+14 2.729916e+33
2.819891e+14 2.772567e+33
2.841750e+14 2.815885e+33
2.863778e+14 2.859879e+33
2.885977e+14 2.904561e+33
2.908349e+14 2.949941e+33
2.930893e+14 2.996030e+33
