# epsilon [g/cm^3]   P [dyn/cm^2]
1.364583e+14 6.445525e+32
1.375161e+14 6.542475e+32
1.385821e+14 6.640883e+32
1.396563e+14 6.740772e+32
1.407389e+14 6.842163e+32
1.418299e+14 6.945080e+32
1.429293e+14 7.049544e+32
1.440372e+14 7.155579e+32
1.451538e+14 7.263210e+32
1.462789e+14 7.372459e+32
1.474129e+14 7.483352e+32
1.485556e+14 7.595913e+32
1.497071e+14 7.710166e+32
1.508676e+14 7.826139e+32
1.520371e+14 7.943855e+32
1.532156e+14 8.063343e+32
1.544033e+14 8.184627e+32
1.556002e+14 8.307736e+32
1.568063e+14 8.432697e+32
1.580219e+14 8.559537e+32
1.592468e+14 8.688285e+32
1.604812e+14 8.818970e+32
1.617252e+14 8.951620e+32
1.629789e+14 9.086266e+32
1.642422e+14 9.222937e+32
1.655154e+14 9.361663e+32
1.667984e+14 9.502477e+32
1.680914e+14 9.645408e+32
1.693944e+14 9.790489e+32
1.707075e+14 9.937752e+32
1.720307e+14 1.008723e+33
1.733643e+14 1.023896e+33
1.747081e+14 1.039297e+33
1.760624e+14 1.054929e+33
1.774272e+14 1.070797e+33
1.788026e+14 1.086903e+33
1.801886e+14 1.103252e+33
1.815854e+14 1.119846e+33
1.829929e+14 1.136691e+33
1.844114e+14 1.153788e+33
1.858409e+14 1.171143e+33
1.872815e+14 1.188759e+33
1.887333e+14 1.206639e+33
1.901963e+14 1.224789e+33
1.916706e+14 1.243211e+33
1.931564e+14 1.261911e+33
1.946537e+14 1.280892e+33
1.961626e+14 1.300159e+33
1.976832e+14 1.319715e+33
1.992155e+14 1.339566e+33
2.007598e+14 1.359715e+33
2.023160e+14 1.380167e+33
2.038843e+14 1.400926e+33
2.054648e+14 1.421998e+33
2.070575e+14 1.443387e+33
2.086625e+14 1.465098e+33
2.102800e+14 1.487135e+33
2.119100e+14 1.509504e+33
2.135527e+14 1.532209e+33
2.152081e+14 1.555256e+33
2.168763e+14 1.578649e+33
2.185575e+14 1.602394e+33
2.202517e+14 1.626497e+33
2.219590e+14 1.650962e+33
2.236795e+14 1.675795e+33
2.254134e+14 1.701001e+33
2.271608e+14 1.726587e+33
2.289217e+14 1.752557e+33
2.306962e+14 1.778918e+33
2.324845e+14 1.805676e+33
2.342866e+14 1.832836e+33
2.361027e+14 1.860404e+33
2.379329e+14 1.888387e+33
2.397773e+14 1.916792e+33
2.416360e+14 1.945623e+33
2.435091e+14 1.974888e+33
2.453967e+14 2.004593e+33
2.472989e+14 2.034745e+33
2.492159e+14 2.065351e+33
2.511478e+14 2.096417e+33
2.530946e+14 2.127950e+33
2.550565e+14 2.159958e+33
2.570336e+14 2.192447e+33
2.590260e+14 2.225424e+33
2.610339e+14 2.258898e+33
2.630574e+14 2.292875e+33
2.650965e+14 2.327363e+33
2.671515e+14 2.362370e+33
2.692224e+14 2.397904e+33
2.713093e+14 2.433972e+33
2.734124e+14 2.470582e+33
2.755318e+14 2.507743e+33
2.776676e+14 2.545464e+33
2.798200e+14 2.583751e+33
2.819891e+14 2.622615e+33
2.841750e+14 2.662063e+33
2.863778e+14 2.702104e+33
2.885977e+14 2.742748e+33
2.908349e+14 2.784003e+33
2.930893e+14 2.825878e+33
