# epsilon [g/cm^3]   P [dyn/cm^2]
1.364583e+14 6.442150e+32
1.375161e+14 6.537895e+32
1.385821e+14 6.635064e+32
1.396563e+14 6.733677e+32
1.407389e+14 6.833756e+32
1.418299e+14 6.935322e+32
1.429293e+14 7.038397e+32
1.440372e+14 7.143005e+32
1.451538e+14 7.249167e+32
1.462789e+14 7.356907e+32
1.474129e+14 7.466248e+32
1.485556e+14 7.577214e+32
1.497071e+14 7.689830e+32
1.508676e+14 7.804119e+32
1.520371e+14 7.920107e+32
1.532156e+14 8.037819e+32
1.544033e+14 8.157280e+32
1.556002e+14 8.278517e+32
1.568063e+14 8.401555e+32
1.580219e+14 8.526423e+32
1.592468e+14 8.653146e+32
1.604812e+14 8.781752e+32
1.617252e+14 8.912270e+32
1.629789e+14 9.044728e+32
1.642422e+14 9.179154e+32
1.655154e+14 9.315578e+32
1.667984e+14 9.454030e+32
1.680914e+14 9.594540e+32
1.693944e+14 9.737137e+32
1.707075e+14 9.881855e+32
1.720307e+14 1.002872e+33
1.733643e+14 1.017777e+33
1.747081e+14 1.032904e+33
1.760624e+14 1.048255e+33
1.774272e+14 1.063835e+33
1.788026e+14 1.079646e+33
1.801886e+14 1.095692e+33
1.815854e+14 1.111977e+33
1.829929e+14 1.128503e+33
1.844114e+14 1.145276e+33
1.858409e+14 1.162297e+33
1.872815e+14 1.179572e+33
1.887333e+14 1.197103e+33
1.901963e+14 1.214895e+33
1.916706e+14 1.232951e+33
1.931564e+14 1.251276e+33
1.946537e+14 1.269873e+33
1.961626e+14 1.288746e+33
1.976832e+14 1.307900e+33
1.992155e+14 1.327338e+33
2.007598e+14 1.347066e+33
2.023160e+14 1.367086e+33
2.038843e+14 1.387405e+33
2.054648e+14 1.408025e+33
2.070575e+14 1.428951e+33
2.086625e+14 1.450189e+33
2.102800e+14 1.471742e+33
2.119100e+14 1.493616e+33
2.135527e+14 1.515815e+33
2.152081e+14 1.538343e+33
2.168763e+14 1.561207e+33
2.185575e+14 1.584410e+33
2.202517e+14 1.607958e+33
2.219590e+14 1.631856e+33
2.236795e+14 1.656110e+33
2.254134e+14 1.680723e+33
2.271608e+14 1.705703e+33
2.289217e+14 1.731054e+33
2.306962e+14 1.756781e+33
2.324845e+14 1.782891e+33
2.342866e+14 1.809389e+33
2.361027e+14 1.836281e+33
2.379329e+14 1.863573e+33
2.397773e+14 1.891270e+33
2.416360e+14 1.919379e+33
2.435091e+14 1.947905e+33
2.453967e+14 1.976856e+33
2.472989e+14 2.006237e+33
2.492159e+14 2.036054e+33
2.511478e+14 2.066315e+33
2.530946e+14 2.097025e+33
2.550565e+14 2.128192e+33
2.570336e+14 2.159822e+33
2.590260e+14 2.191922e+33
2.610339e+14 2.224499e+33
2.630574e+14 2.257561e+33
2.650965e+14 2.291113e+33
2.671515e+14 2.325165e+33
2.692224e+14 2.359722e+33
2.713093e+14 2.394794e+33
2.734124e+14 2.430386e+33
2.755318e+14 2.466507e+33
2.776676e+14 2.503165e+33
2.798200e+14 2.540368e+33
2.819891e+14 2.578124e+33
2.841750e+14 2.616442e+33
2.863778e+14 2.655328e+33
2.885977e+14 2.694793e+33
2.908349e+14 2.734844e+33
2.930893e+14 2.775490e+33
