# epsilon [g/cm^3]   P [dyn/cm^2]
1.364583e+14 6.528138e+32
1.375161e+14 6.654821e+32
1.385821e+14 6.783962e+32
1.396563e+14 6.915609e+32
1.407389e+14 7.049811e+32
1.418299e+14 7.186618e+32
1.429293e+14 7.326079e+32
1.440372e+14 7.468246e+32
1.451538e+14 7.613173e+32
1.462789e+14 7.760912e+32
1.474129e+14 7.911517e+32
1.485556e+14 8.065046e+32
1.497071e+14 8.221553e+32
1.508676e+14 8.381098e+32
1.520371e+14 8.543739e+32
1.532156e+14 8.709536e+32
1.544033e+14 8.878550e+32
1.556002e+14 9.050845e+32
1.568063e+14 9.226482e+32
1.580219e+14 9.405528e+32
1.592468e+14 9.588049e+32
1.604812e+14 9.774112e+32
1.617252e+14 9.963785e+32
1.629789e+14 1.015714e+33
1.642422e+14 1.035424e+33
1.655154e+14 1.055518e+33
1.667984e+14 1.076001e+33
1.680914e+14 1.096881e+33
1.693944e+14 1.118167e+33
1.707075e+14 1.139866e+33
1.720307e+14 1.161986e+33
1.733643e+14 1.184535e+33
1.747081e+14 1.207521e+33
1.760624e+14 1.230954e+33
1.774272e+14 1.254842e+33
1.788026e+14 1.279193e+33
1.801886e+14 1.304016e+33
1.815854e+14 1.329322e+33
1.829929e+14 1.355118e+33
1.844114e+14 1.381415e+33
1.858409e+14 1.408222e+33
1.872815e+14 1.435550e+33
1.887333e+14 1.463408e+33
1.901963e+14 1.491806e+33
1.916706e+14 1.520755e+33
1.931564e+14 1.550267e+33
1.946537e+14 1.580351e+33
1.961626e+14 1.611018e+33
1.976832e+14 1.642281e+33
1.992155e+14 1.674151e+33
2.007598e+14 1.706639e+33
2.023160e+14 1.739757e+33
2.038843e+14 1.773519e+33
2.054648e+14 1.807935e+33
2.070575e+14 1.843019e+33
2.086625e+14 1.878784e+33
2.102800e+14 1.915243e+33
2.119100e+14 1.952410e+33
2.135527e+14 1.990298e+33
2.152081e+14 2.028921e+33
2.168763e+14 2.068293e+33
2.185575e+14 2.108430e+33
2.202517e+14 2.149345e+33
2.219590e+14 2.191055e+33
2.236795e+14 2.233574e+33
2.254134e+14 2.276918e+33
2.271608e+14 2.321103e+33
2.289217e+14 2.366146e+33
2.306962e+14 2.412062e+33
2.324845e+14 2.458870e+33
2.342866e+14 2.506586e+33
2.361027e+14 2.555228e+33
2.379329e+14 2.604814e+33
2.397773e+14 2.655362e+33
2.416360e+14 2.706891e+33
2.435091e+14 2.759420e+33
2.453967e+14 2.812969e+33
2.472989e+14 2.867556e+33
2.492159e+14 2.923203e+33
2.511478e+14 2.979930e+33
2.530946e+14 3.037757e+33
2.550565e+14 3.096707e+33
2.570336e+14 3.156801e+33
2.590260e+14 3.218061e+33
2.610339e+14 3.280509e+33
2.630574e+14 3.344170e+33
2.650965e+14 3.409066e+33
2.671515e+14 3.475221e+33
2.692224e+14 3.542660e+33
2.713093e+14 3.611407e+33
2.734124e+14 3.681489e+33
2.755318e+14 3.752931e+33
2.776676e+14 3.825759e+33
2.798200e+14 3.900001e+33
2.819891e+14 3.975683e+33
2.841750e+14 4.052834e+33
2.863778e+14 4.131482e+33
2.885977e+14 4.211656e+33
2.908349e+14 4.293386e+33
2.930893e+14 4.376702e+33
