# epsilon [g/cm^3]   P [dyn/cm^2]
1.364583e+14 6.595512e+32
1.375161e+14 6.746798e+32
1.385821e+14 6.901555e+32
1.396563e+14 7.059861e+32
1.407389e+14 7.221799e+32
1.418299e+14 7.387451e+32
1.429293e+14 7.556903e+32
1.440372e+14 7.730242e+32
1.451538e+14 7.907557e+32
1.462789e+14 8.088939e+32
1.474129e+14 8.274481e+32
1.485556e+14 8.464279e+32
1.497071e+14 8.658431e+32
1.508676e+14 8.857037e+32
1.520371e+14 9.060198e+32
1.532156e+14 9.268019e+32
1.544033e+14 9.480607e+32
1.556002e+14 9.698071e+32
1.568063e+14 9.920523e+32
1.580219e+14 1.014808e+33
1.592468e+14 1.038085e+33
1.604812e+14 1.061897e+33
1.617252e+14 1.086254e+33
1.629789e+14 1.111171e+33
1.642422e+14 1.136658e+33
1.655154e+14 1.162731e+33
1.667984e+14 1.189401e+33
1.680914e+14 1.216684e+33
1.693944e+14 1.244592e+33
1.707075e+14 1.273140e+33
1.720307e+14 1.302343e+33
1.733643e+14 1.332216e+33
1.747081e+14 1.362774e+33
1.760624e+14 1.394033e+33
1.774272e+14 1.426009e+33
1.788026e+14 1.458718e+33
1.801886e+14 1.492178e+33
1.815854e+14 1.526405e+33
1.829929e+14 1.561418e+33
1.844114e+14 1.597233e+33
1.858409e+14 1.633870e+33
1.872815e+14 1.671348e+33
1.887333e+14 1.709685e+33
1.901963e+14 1.748901e+33
1.916706e+14 1.789017e+33
1.931564e+14 1.830053e+33
1.946537e+14 1.872031e+33
1.961626e+14 1.914971e+33
1.976832e+14 1.958896e+33
1.992155e+14 2.003829e+33
2.007598e+14 2.049792e+33
2.023160e+14 2.096810e+33
2.038843e+14 2.144906e+33
2.054648e+14 2.194106e+33
2.070575e+14 2.244434e+33
2.086625e+14 2.295916e+33
2.102800e+14 2.348579e+33
2.119100e+14 2.402450e+33
2.135527e+14 2.457557e+33
2.152081e+14 2.513928e+33
2.168763e+14 2.571592e+33
2.185575e+14 2.630579e+33
2.202517e+14 2.690919e+33
2.219590e+14 2.752642e+33
2.236795e+14 2.815782e+33
2.254134e+14 2.880370e+33
2.271608e+14 2.946439e+33
2.289217e+14 3.014024e+33
2.306962e+14 3.083159e+33
2.324845e+14 3.153880e+33
2.342866e+14 3.226223e+33
2.361027e+14 3.300226e+33
2.379329e+14 3.375926e+33
2.397773e+14 3.453362e+33
2.416360e+14 3.532574e+33
2.435091e+14 3.613604e+33
2.453967e+14 3.696492e+33
2.472989e+14 3.781281e+33
2.492159e+14 3.868016e+33
2.511478e+14 3.956739e+33
2.530946e+14 4.047498e+33
2.550565e+14 4.140339e+33
2.570336e+14 4.235309e+33
2.590260e+14 4.332458e+33
2.610339e+14 4.431835e+33
2.630574e+14 4.533492e+33
2.650965e+14 4.637480e+33
2.671515e+14 4.743853e+33
2.692224e+14 4.852667e+33
2.713093e+14 4.963977e+33
2.734124e+14 5.077839e+33
2.755318e+14 5.194314e+33
2.776676e+14 5.313460e+33
2.798200e+14 5.435339e+33
2.819891e+14 5.560014e+33
2.841750e+14 5.687548e+33
2.863778e+14 5.818008e+33
2.885977e+14 5.951460e+33
2.908349e+14 6.087974e+33
2.930893e+14 6.227618e+33
