# epsilon [g/cm^3]   P [dyn/cm^2]
1.364583e+14 6.517936e+32
1.375161e+14 6.640921e+32
1.385821e+14 6.766227e+32
1.396563e+14 6.893897e+32
1.407389e+14 7.023977e+32
1.418299e+14 7.156510e+32
1.429293e+14 7.291544e+32
1.440372e+14 7.429127e+32
1.451538e+14 7.569305e+32
1.462789e+14 7.712128e+32
1.474129e+14 7.857646e+32
1.485556e+14 8.005910e+32
1.497071e+14 8.156972e+32
1.508676e+14 8.310883e+32
1.520371e+14 8.467699e+32
1.532156e+14 8.627474e+32
1.544033e+14 8.790264e+32
1.556002e+14 8.956125e+32
1.568063e+14 9.125116e+32
1.580219e+14 9.297295e+32
1.592468e+14 9.472723e+32
1.604812e+14 9.651462e+32
1.617252e+14 9.833573e+32
1.629789e+14 1.001912e+33
1.642422e+14 1.020817e+33
1.655154e+14 1.040078e+33
1.667984e+14 1.059703e+33
1.680914e+14 1.079699e+33
1.693944e+14 1.100071e+33
1.707075e+14 1.120828e+33
1.720307e+14 1.141977e+33
1.733643e+14 1.163524e+33
1.747081e+14 1.185479e+33
1.760624e+14 1.207847e+33
1.774272e+14 1.230638e+33
1.788026e+14 1.253858e+33
1.801886e+14 1.277517e+33
1.815854e+14 1.301622e+33
1.829929e+14 1.326182e+33
1.844114e+14 1.351205e+33
1.858409e+14 1.376701e+33
1.872815e+14 1.402678e+33
1.887333e+14 1.429144e+33
1.901963e+14 1.456111e+33
1.916706e+14 1.483585e+33
1.931564e+14 1.511579e+33
1.946537e+14 1.540100e+33
1.961626e+14 1.569160e+33
1.976832e+14 1.598768e+33
1.992155e+14 1.628935e+33
2.007598e+14 1.659671e+33
2.023160e+14 1.690987e+33
2.038843e+14 1.722894e+33
2.054648e+14 1.755403e+33
2.070575e+14 1.788525e+33
2.086625e+14 1.822272e+33
2.102800e+14 1.856656e+33
2.119100e+14 1.891689e+33
2.135527e+14 1.927382e+33
2.152081e+14 1.963750e+33
2.168763e+14 2.000803e+33
2.185575e+14 2.038556e+33
2.202517e+14 2.077021e+33
2.219590e+14 2.116212e+33
2.236795e+14 2.156142e+33
2.254134e+14 2.196826e+33
2.271608e+14 2.238277e+33
2.289217e+14 2.280510e+33
2.306962e+14 2.323541e+33
2.324845e+14 2.367383e+33
2.342866e+14 2.412053e+33
2.361027e+14 2.457565e+33
2.379329e+14 2.503936e+33
2.397773e+14 2.551182e+33
2.416360e+14 2.599320e+33
2.435091e+14 2.648366e+33
2.453967e+14 2.698337e+33
2.472989e+14 2.749251e+33
2.492159e+14 2.801126e+33
2.511478e+14 2.853980e+33
2.530946e+14 2.907831e+33
2.550565e+14 2.962698e+33
2.570336e+14 3.018600e+33
2.590260e+14 3.075558e+33
2.610339e+14 3.133589e+33
2.630574e+14 3.192716e+33
2.650965e+14 3.252959e+33
2.671515e+14 3.314338e+33
2.692224e+14 3.376876e+33
2.713093e+14 3.440593e+33
2.734124e+14 3.505513e+33
2.755318e+14 3.571657e+33
2.776676e+14 3.639050e+33
2.798200e+14 3.707714e+33
2.819891e+14 3.777674e+33
2.841750e+14 3.848954e+33
2.863778e+14 3.921579e+33
2.885977e+14 3.995574e+33
2.908349e+14 4.070966e+33
2.930893e+14 4.147780e+33
