# epsilon [g/cm^3]   P [dyn/cm^2]
1.364583e+14 6.559666e+32
1.375161e+14 6.697823e+32
1.385821e+14 6.838889e+32
1.396563e+14 6.982927e+32
1.407389e+14 7.129998e+32
1.418299e+14 7.280167e+32
1.429293e+14 7.433499e+32
1.440372e+14 7.590060e+32
1.451538e+14 7.749918e+32
1.462789e+14 7.913144e+32
1.474129e+14 8.079807e+32
1.485556e+14 8.249980e+32
1.497071e+14 8.423737e+32
1.508676e+14 8.601154e+32
1.520371e+14 8.782308e+32
1.532156e+14 8.967277e+32
1.544033e+14 9.156142e+32
1.556002e+14 9.348985e+32
1.568063e+14 9.545889e+32
1.580219e+14 9.746940e+32
1.592468e+14 9.952226e+32
1.604812e+14 1.016184e+33
1.617252e+14 1.037586e+33
1.629789e+14 1.059439e+33
1.642422e+14 1.081753e+33
1.655154e+14 1.104536e+33
1.667984e+14 1.127799e+33
1.680914e+14 1.151552e+33
1.693944e+14 1.175806e+33
1.707075e+14 1.200570e+33
1.720307e+14 1.225856e+33
1.733643e+14 1.251674e+33
1.747081e+14 1.278037e+33
1.760624e+14 1.304954e+33
1.774272e+14 1.332438e+33
1.788026e+14 1.360502e+33
1.801886e+14 1.389156e+33
1.815854e+14 1.418414e+33
1.829929e+14 1.448288e+33
1.844114e+14 1.478791e+33
1.858409e+14 1.509937e+33
1.872815e+14 1.541738e+33
1.887333e+14 1.574210e+33
1.901963e+14 1.607365e+33
1.916706e+14 1.641219e+33
1.931564e+14 1.675785e+33
1.946537e+14 1.711080e+33
1.961626e+14 1.747118e+33
1.976832e+14 1.783915e+33
1.992155e+14 1.821487e+33
2.007598e+14 1.859850e+33
2.023160e+14 1.899022e+33
2.038843e+14 1.939018e+33
2.054648e+14 1.979857e+33
2.070575e+14 2.021555e+33
2.086625e+14 2.064133e+33
2.102800e+14 2.107606e+33
2.119100e+14 2.151996e+33
2.135527e+14 2.197320e+33
2.152081e+14 2.243599e+33
2.168763e+14 2.290853e+33
2.185575e+14 2.339102e+33
2.202517e+14 2.388367e+33
2.219590e+14 2.438670e+33
2.236795e+14 2.490032e+33
2.254134e+14 2.542476e+33
2.271608e+14 2.596024e+33
2.289217e+14 2.650701e+33
2.306962e+14 2.706529e+33
2.324845e+14 2.763532e+33
2.342866e+14 2.821737e+33
2.361027e+14 2.881167e+33
2.379329e+14 2.941849e+33
2.397773e+14 3.003808e+33
2.416360e+14 3.067073e+33
2.435091e+14 3.131671e+33
2.453967e+14 3.197629e+33
2.472989e+14 3.264976e+33
2.492159e+14 3.333741e+33
2.511478e+14 3.403955e+33
2.530946e+14 3.475647e+33
2.550565e+14 3.548850e+33
2.570336e+14 3.623594e+33
2.590260e+14 3.699913e+33
2.610339e+14 3.777839e+33
2.630574e+14 3.857406e+33
2.650965e+14 3.938649e+33
2.671515e+14 4.021603e+33
2.692224e+14 4.106304e+33
2.713093e+14 4.192789e+33
2.734124e+14 4.281096e+33
2.755318e+14 4.371263e+33
2.776676e+14 4.463328e+33
2.798200e+14 4.557333e+33
2.819891e+14 4.653317e+33
2.841750e+14 4.751323e+33
2.863778e+14 4.851394e+33
2.885977e+14 4.953572e+33
2.908349e+14 5.057901e+33
2.930893e+14 5.164429e+33
