# epsilon [g/cm^3]   P [dyn/cm^2]
1.364583e+14 6.596432e+32
1.375161e+14 6.748057e+32
1.385821e+14 6.903167e+32
1.396563e+14 7.061843e+32
1.407389e+14 7.224166e+32
1.418299e+14 7.390220e+32
1.429293e+14 7.560090e+32
1.440372e+14 7.733866e+32
1.451538e+14 7.911636e+32
1.462789e+14 8.093492e+32
1.474129e+14 8.279528e+32
1.485556e+14 8.469840e+32
1.497071e+14 8.664527e+32
1.508676e+14 8.863689e+32
1.520371e+14 9.067429e+32
1.532156e+14 9.275852e+32
1.544033e+14 9.489066e+32
1.556002e+14 9.707181e+32
1.568063e+14 9.930309e+32
1.580219e+14 1.015857e+33
1.592468e+14 1.039207e+33
1.604812e+14 1.063094e+33
1.617252e+14 1.087530e+33
1.629789e+14 1.112528e+33
1.642422e+14 1.138101e+33
1.655154e+14 1.164261e+33
1.667984e+14 1.191022e+33
1.680914e+14 1.218399e+33
1.693944e+14 1.246405e+33
1.707075e+14 1.275055e+33
1.720307e+14 1.304363e+33
1.733643e+14 1.334345e+33
1.747081e+14 1.365016e+33
1.760624e+14 1.396392e+33
1.774272e+14 1.428490e+33
1.788026e+14 1.461325e+33
1.801886e+14 1.494915e+33
1.815854e+14 1.529277e+33
1.829929e+14 1.564428e+33
1.844114e+14 1.600388e+33
1.858409e+14 1.637175e+33
1.872815e+14 1.674807e+33
1.887333e+14 1.713303e+33
1.901963e+14 1.752685e+33
1.916706e+14 1.792972e+33
1.931564e+14 1.834185e+33
1.946537e+14 1.876346e+33
1.961626e+14 1.919475e+33
1.976832e+14 1.963596e+33
1.992155e+14 2.008731e+33
2.007598e+14 2.054904e+33
2.023160e+14 2.102138e+33
2.038843e+14 2.150457e+33
2.054648e+14 2.199887e+33
2.070575e+14 2.250454e+33
2.086625e+14 2.302182e+33
2.102800e+14 2.355100e+33
2.119100e+14 2.409234e+33
2.135527e+14 2.464613e+33
2.152081e+14 2.521264e+33
2.168763e+14 2.579217e+33
2.185575e+14 2.638503e+33
2.202517e+14 2.699151e+33
2.219590e+14 2.761194e+33
2.236795e+14 2.824662e+33
2.254134e+14 2.889590e+33
2.271608e+14 2.956010e+33
2.289217e+14 3.023956e+33
2.306962e+14 3.093464e+33
2.324845e+14 3.164571e+33
2.342866e+14 3.237311e+33
2.361027e+14 3.311724e+33
2.379329e+14 3.387846e+33
2.397773e+14 3.465719e+33
2.416360e+14 3.545382e+33
2.435091e+14 3.626876e+33
2.453967e+14 3.710243e+33
2.472989e+14 3.795526e+33
2.492159e+14 3.882769e+33
2.511478e+14 3.972018e+33
2.530946e+14 4.063319e+33
2.550565e+14 4.156718e+33
2.570336e+14 4.252264e+33
2.590260e+14 4.350006e+33
2.610339e+14 4.449995e+33
2.630574e+14 4.552282e+33
2.650965e+14 4.656920e+33
2.671515e+14 4.763964e+33
2.692224e+14 4.873468e+33
2.713093e+14 4.985489e+33
2.734124e+14 5.100085e+33
2.755318e+14 5.217315e+33
2.776676e+14 5.337239e+33
2.798200e+14 5.459921e+33
2.819891e+14 5.585422e+33
2.841750e+14 5.713808e+33
2.863778e+14 5.845145e+33
2.885977e+14 5.979501e+33
2.908349e+14 6.116945e+33
2.930893e+14 6.257548e+33
