# epsilon [g/cm^3]   P [dyn/cm^2]
1.364583e+14 6.560619e+32
1.375161e+14 6.699123e+32
1.385821e+14 6.840552e+32
1.396563e+14 6.984966e+32
1.407389e+14 7.132429e+32
1.418299e+14 7.283006e+32
1.429293e+14 7.436761e+32
1.440372e+14 7.593762e+32
1.451538e+14 7.754078e+32
1.462789e+14 7.917778e+32
1.474129e+14 8.084934e+32
1.485556e+14 8.255619e+32
1.497071e+14 8.429908e+32
1.508676e+14 8.607876e+32
1.520371e+14 8.789601e+32
1.532156e+14 8.975163e+32
1.544033e+14 9.164642e+32
1.556002e+14 9.358122e+32
1.568063e+14 9.555686e+32
1.580219e+14 9.757421e+32
1.592468e+14 9.963415e+32
1.604812e+14 1.017376e+33
1.617252e+14 1.038854e+33
1.629789e+14 1.060786e+33
1.642422e+14 1.083181e+33
1.655154e+14 1.106048e+33
1.667984e+14 1.129399e+33
1.680914e+14 1.153242e+33
1.693944e+14 1.177589e+33
1.707075e+14 1.202449e+33
1.720307e+14 1.227835e+33
1.733643e+14 1.253756e+33
1.747081e+14 1.280225e+33
1.760624e+14 1.307252e+33
1.774272e+14 1.334850e+33
1.788026e+14 1.363031e+33
1.801886e+14 1.391807e+33
1.815854e+14 1.421190e+33
1.829929e+14 1.451193e+33
1.844114e+14 1.481830e+33
1.858409e+14 1.513114e+33
1.872815e+14 1.545058e+33
1.887333e+14 1.577677e+33
1.901963e+14 1.610984e+33
1.916706e+14 1.644994e+33
1.931564e+14 1.679722e+33
1.946537e+14 1.715184e+33
1.961626e+14 1.751394e+33
1.976832e+14 1.788368e+33
1.992155e+14 1.826124e+33
2.007598e+14 1.864676e+33
2.023160e+14 1.904042e+33
2.038843e+14 1.944239e+33
2.054648e+14 1.985285e+33
2.070575e+14 2.027197e+33
2.086625e+14 2.069994e+33
2.102800e+14 2.113695e+33
2.119100e+14 2.158318e+33
2.135527e+14 2.203884e+33
2.152081e+14 2.250411e+33
2.168763e+14 2.297921e+33
2.185575e+14 2.346433e+33
2.202517e+14 2.395970e+33
2.219590e+14 2.446553e+33
2.236795e+14 2.498203e+33
2.254134e+14 2.550944e+33
2.271608e+14 2.604798e+33
2.289217e+14 2.659789e+33
2.306962e+14 2.715941e+33
2.324845e+14 2.773279e+33
2.342866e+14 2.831827e+33
2.361027e+14 2.891611e+33
2.379329e+14 2.952658e+33
2.397773e+14 3.014993e+33
2.416360e+14 3.078644e+33
2.435091e+14 3.143638e+33
2.453967e+14 3.210005e+33
2.472989e+14 3.277773e+33
2.492159e+14 3.346972e+33
2.511478e+14 3.417632e+33
2.530946e+14 3.489783e+33
2.550565e+14 3.563458e+33
2.570336e+14 3.638688e+33
2.590260e+14 3.715506e+33
2.610339e+14 3.793946e+33
2.630574e+14 3.874042e+33
2.650965e+14 3.955829e+33
2.671515e+14 4.039342e+33
2.692224e+14 4.124619e+33
2.713093e+14 4.211696e+33
2.734124e+14 4.300611e+33
2.755318e+14 4.391403e+33
2.776676e+14 4.484112e+33
2.798200e+14 4.578779e+33
2.819891e+14 4.675444e+33
2.841750e+14 4.774149e+33
2.863778e+14 4.874939e+33
2.885977e+14 4.977856e+33
2.908349e+14 5.082946e+33
2.930893e+14 5.190255e+33
