# epsilon [g/cm^3]   P [dyn/cm^2]
1.364583e+14 6.617538e+32
1.375161e+14 6.776937e+32
1.385821e+14 6.940175e+32
1.396563e+14 7.107345e+32
1.407389e+14 7.278542e+32
1.418299e+14 7.453863e+32
1.429293e+14 7.633407e+32
1.440372e+14 7.817275e+32
1.451538e+14 8.005573e+32
1.462789e+14 8.198406e+32
1.474129e+14 8.395883e+32
1.485556e+14 8.598118e+32
1.497071e+14 8.805224e+32
1.508676e+14 9.017318e+32
1.520371e+14 9.234521e+32
1.532156e+14 9.456956e+32
1.544033e+14 9.684749e+32
1.556002e+14 9.918029e+32
1.568063e+14 1.015693e+33
1.580219e+14 1.040158e+33
1.592468e+14 1.065213e+33
1.604812e+14 1.090871e+33
1.617252e+14 1.117147e+33
1.629789e+14 1.144056e+33
1.642422e+14 1.171614e+33
1.655154e+14 1.199835e+33
1.667984e+14 1.228735e+33
1.680914e+14 1.258332e+33
1.693944e+14 1.288642e+33
1.707075e+14 1.319682e+33
1.720307e+14 1.351470e+33
1.733643e+14 1.384023e+33
1.747081e+14 1.417361e+33
1.760624e+14 1.451501e+33
1.774272e+14 1.486464e+33
1.788026e+14 1.522269e+33
1.801886e+14 1.558936e+33
1.815854e+14 1.596487e+33
1.829929e+14 1.634942e+33
1.844114e+14 1.674323e+33
1.858409e+14 1.714653e+33
1.872815e+14 1.755955e+33
1.887333e+14 1.798251e+33
1.901963e+14 1.841566e+33
1.916706e+14 1.885925e+33
1.931564e+14 1.931351e+33
1.946537e+14 1.977873e+33
1.961626e+14 2.025514e+33
1.976832e+14 2.074304e+33
1.992155e+14 2.124268e+33
2.007598e+14 2.175436e+33
2.023160e+14 2.227836e+33
2.038843e+14 2.281499e+33
2.054648e+14 2.336454e+33
2.070575e+14 2.392733e+33
2.086625e+14 2.450368e+33
2.102800e+14 2.509391e+33
2.119100e+14 2.569835e+33
2.135527e+14 2.631736e+33
2.152081e+14 2.695127e+33
2.168763e+14 2.760046e+33
2.185575e+14 2.826528e+33
2.202517e+14 2.894611e+33
2.219590e+14 2.964335e+33
2.236795e+14 3.035738e+33
2.254134e+14 3.108861e+33
2.271608e+14 3.183745e+33
2.289217e+14 3.260433e+33
2.306962e+14 3.338968e+33
2.324845e+14 3.419395e+33
2.342866e+14 3.501759e+33
2.361027e+14 3.586107e+33
2.379329e+14 3.672487e+33
2.397773e+14 3.760947e+33
2.416360e+14 3.851539e+33
2.435091e+14 3.944312e+33
2.453967e+14 4.039320e+33
2.472989e+14 4.136616e+33
2.492159e+14 4.236256e+33
2.511478e+14 4.338297e+33
2.530946e+14 4.442795e+33
2.550565e+14 4.549810e+33
2.570336e+14 4.659403e+33
2.590260e+14 4.771635e+33
2.610339e+14 4.886571e+33
2.630574e+14 5.004276e+33
2.650965e+14 5.124815e+33
2.671515e+14 5.248259e+33
2.692224e+14 5.374675e+33
2.713093e+14 5.504137e+33
2.734124e+14 5.636717e+33
2.755318e+14 5.772490e+33
2.776676e+14 5.911534e+33
2.798200e+14 6.053927e+33
2.819891e+14 6.199750e+33
2.841750e+14 6.349086e+33
2.863778e+14 6.502019e+33
2.885977e+14 6.658635e+33
2.908349e+14 6.819024e+33
2.930893e+14 6.983276e+33
