# epsilon [g/cm^3]   P [dyn/cm^2]
1.364583e+14 6.467525e+32
1.375161e+14 6.572346e+32
1.385821e+14 6.678866e+32
1.396563e+14 6.787113e+32
1.407389e+14 6.897114e+32
1.418299e+14 7.008897e+32
1.429293e+14 7.122493e+32
1.440372e+14 7.237929e+32
1.451538e+14 7.355236e+32
1.462789e+14 7.474445e+32
1.474129e+14 7.595585e+32
1.485556e+14 7.718689e+32
1.497071e+14 7.843789e+32
1.508676e+14 7.970915e+32
1.520371e+14 8.100102e+32
1.532156e+14 8.231383e+32
1.544033e+14 8.364792e+32
1.556002e+14 8.500362e+32
1.568063e+14 8.638130e+32
1.580219e+14 8.778131e+32
1.592468e+14 8.920401e+32
1.604812e+14 9.064977e+32
1.617252e+14 9.211895e+32
1.629789e+14 9.361195e+32
1.642422e+14 9.512915e+32
1.655154e+14 9.667094e+32
1.667984e+14 9.823771e+32
1.680914e+14 9.982988e+32
1.693944e+14 1.014479e+33
1.707075e+14 1.030921e+33
1.720307e+14 1.047629e+33
1.733643e+14 1.064608e+33
1.747081e+14 1.081863e+33
1.760624e+14 1.099397e+33
1.774272e+14 1.117215e+33
1.788026e+14 1.135322e+33
1.801886e+14 1.153723e+33
1.815854e+14 1.172421e+33
1.829929e+14 1.191423e+33
1.844114e+14 1.210733e+33
1.858409e+14 1.230356e+33
1.872815e+14 1.250296e+33
1.887333e+14 1.270560e+33
1.901963e+14 1.291153e+33
1.916706e+14 1.312079e+33
1.931564e+14 1.333344e+33
1.946537e+14 1.354954e+33
1.961626e+14 1.376914e+33
1.976832e+14 1.399230e+33
1.992155e+14 1.421908e+33
2.007598e+14 1.444953e+33
2.023160e+14 1.468372e+33
2.038843e+14 1.492170e+33
2.054648e+14 1.516354e+33
2.070575e+14 1.540930e+33
2.086625e+14 1.565905e+33
2.102800e+14 1.591284e+33
2.119100e+14 1.617074e+33
2.135527e+14 1.643283e+33
2.152081e+14 1.669916e+33
2.168763e+14 1.696981e+33
2.185575e+14 1.724484e+33
2.202517e+14 1.752433e+33
2.219590e+14 1.780835e+33
2.236795e+14 1.809698e+33
2.254134e+14 1.839028e+33
2.271608e+14 1.868834e+33
2.289217e+14 1.899123e+33
2.306962e+14 1.929902e+33
2.324845e+14 1.961181e+33
2.342866e+14 1.992966e+33
2.361027e+14 2.025267e+33
2.379329e+14 2.058091e+33
2.397773e+14 2.091447e+33
2.416360e+14 2.125344e+33
2.435091e+14 2.159790e+33
2.453967e+14 2.194794e+33
2.472989e+14 2.230366e+33
2.492159e+14 2.266514e+33
2.511478e+14 2.303248e+33
2.530946e+14 2.340578e+33
2.550565e+14 2.378512e+33
2.570336e+14 2.417062e+33
2.590260e+14 2.456236e+33
2.610339e+14 2.496045e+33
2.630574e+14 2.536499e+33
2.650965e+14 2.577609e+33
2.671515e+14 2.619385e+33
2.692224e+14 2.661838e+33
2.713093e+14 2.704979e+33
2.734124e+14 2.748820e+33
2.755318e+14 2.793370e+33
2.776676e+14 2.838643e+33
2.798200e+14 2.884650e+33
2.819891e+14 2.931403e+33
2.841750e+14 2.978913e+33
2.863778e+14 3.027193e+33
2.885977e+14 3.076256e+33
2.908349e+14 3.126113e+33
2.930893e+14 3.176779e+33
