# epsilon [g/cm^3]   P [dyn/cm^2]
1.364583e+14 6.548279e+32
1.375161e+14 6.682283e+32
1.385821e+14 6.819030e+32
1.396563e+14 6.958576e+32
1.407389e+14 7.100977e+32
1.418299e+14 7.246292e+32
1.429293e+14 7.394581e+32
1.440372e+14 7.545904e+32
1.451538e+14 7.700324e+32
1.462789e+14 7.857905e+32
1.474129e+14 8.018710e+32
1.485556e+14 8.182805e+32
1.497071e+14 8.350259e+32
1.508676e+14 8.521140e+32
1.520371e+14 8.695517e+32
1.532156e+14 8.873463e+32
1.544033e+14 9.055051e+32
1.556002e+14 9.240354e+32
1.568063e+14 9.429450e+32
1.580219e+14 9.622415e+32
1.592468e+14 9.819329e+32
1.604812e+14 1.002027e+33
1.617252e+14 1.022533e+33
1.629789e+14 1.043458e+33
1.642422e+14 1.064812e+33
1.655154e+14 1.086602e+33
1.667984e+14 1.108838e+33
1.680914e+14 1.131530e+33
1.693944e+14 1.154685e+33
1.707075e+14 1.178315e+33
1.720307e+14 1.202428e+33
1.733643e+14 1.227035e+33
1.747081e+14 1.252145e+33
1.760624e+14 1.277769e+33
1.774272e+14 1.303917e+33
1.788026e+14 1.330601e+33
1.801886e+14 1.357830e+33
1.815854e+14 1.385617e+33
1.829929e+14 1.413973e+33
1.844114e+14 1.442908e+33
1.858409e+14 1.472436e+33
1.872815e+14 1.502568e+33
1.887333e+14 1.533317e+33
1.901963e+14 1.564695e+33
1.916706e+14 1.596715e+33
1.931564e+14 1.629390e+33
1.946537e+14 1.662734e+33
1.961626e+14 1.696761e+33
1.976832e+14 1.731483e+33
1.992155e+14 1.766917e+33
2.007598e+14 1.803075e+33
2.023160e+14 1.839973e+33
2.038843e+14 1.877627e+33
2.054648e+14 1.916051e+33
2.070575e+14 1.955261e+33
2.086625e+14 1.995274e+33
2.102800e+14 2.036105e+33
2.119100e+14 2.077772e+33
2.135527e+14 2.120292e+33
2.152081e+14 2.163682e+33
2.168763e+14 2.207960e+33
2.185575e+14 2.253144e+33
2.202517e+14 2.299252e+33
2.219590e+14 2.346304e+33
2.236795e+14 2.394319e+33
2.254134e+14 2.443317e+33
2.271608e+14 2.493317e+33
2.289217e+14 2.544341e+33
2.306962e+14 2.596408e+33
2.324845e+14 2.649542e+33
2.342866e+14 2.703762e+33
2.361027e+14 2.759092e+33
2.379329e+14 2.815555e+33
2.397773e+14 2.873172e+33
2.416360e+14 2.931969e+33
2.435091e+14 2.991969e+33
2.453967e+14 3.053197e+33
2.472989e+14 3.115678e+33
2.492159e+14 3.179438e+33
2.511478e+14 3.244502e+33
2.530946e+14 3.310898e+33
2.550565e+14 3.378653e+33
2.570336e+14 3.447794e+33
2.590260e+14 3.518350e+33
2.610339e+14 3.590350e+33
2.630574e+14 3.663823e+33
2.650965e+14 3.738800e+33
2.671515e+14 3.815311e+33
2.692224e+14 3.893388e+33
2.713093e+14 3.973063e+33
2.734124e+14 4.054368e+33
2.755318e+14 4.137337e+33
2.776676e+14 4.222004e+33
2.798200e+14 4.308403e+33
2.819891e+14 4.396571e+33
2.841750e+14 4.486543e+33
2.863778e+14 4.578356e+33
2.885977e+14 4.672048e+33
2.908349e+14 4.767657e+33
2.930893e+14 4.865223e+33
