# epsilon [g/cm^3]   P [dyn/cm^2]
1.364583e+14 6.507923e+32
1.375161e+14 6.627286e+32
1.385821e+14 6.748838e+32
1.396563e+14 6.872620e+32
1.407389e+14 6.998672e+32
1.418299e+14 7.127036e+32
1.429293e+14 7.257754e+32
1.440372e+14 7.390870e+32
1.451538e+14 7.526427e+32
1.462789e+14 7.664471e+32
1.474129e+14 7.805046e+32
1.485556e+14 7.948200e+32
1.497071e+14 8.093980e+32
1.508676e+14 8.242433e+32
1.520371e+14 8.393609e+32
1.532156e+14 8.547558e+32
1.544033e+14 8.704330e+32
1.556002e+14 8.863978e+32
1.568063e+14 9.026553e+32
1.580219e+14 9.192111e+32
1.592468e+14 9.360705e+32
1.604812e+14 9.532392e+32
1.617252e+14 9.707227e+32
1.629789e+14 9.885269e+32
1.642422e+14 1.006658e+33
1.655154e+14 1.025121e+33
1.667984e+14 1.043923e+33
1.680914e+14 1.063070e+33
1.693944e+14 1.082568e+33
1.707075e+14 1.102423e+33
1.720307e+14 1.122643e+33
1.733643e+14 1.143234e+33
1.747081e+14 1.164202e+33
1.760624e+14 1.185555e+33
1.774272e+14 1.207299e+33
1.788026e+14 1.229442e+33
1.801886e+14 1.251992e+33
1.815854e+14 1.274955e+33
1.829929e+14 1.298339e+33
1.844114e+14 1.322152e+33
1.858409e+14 1.346402e+33
1.872815e+14 1.371097e+33
1.887333e+14 1.396244e+33
1.901963e+14 1.421853e+33
1.916706e+14 1.447931e+33
1.931564e+14 1.474488e+33
1.946537e+14 1.501532e+33
1.961626e+14 1.529072e+33
1.976832e+14 1.557117e+33
1.992155e+14 1.585676e+33
2.007598e+14 1.614759e+33
2.023160e+14 1.644376e+33
2.038843e+14 1.674536e+33
2.054648e+14 1.705249e+33
2.070575e+14 1.736525e+33
2.086625e+14 1.768375e+33
2.102800e+14 1.800809e+33
2.119100e+14 1.833838e+33
2.135527e+14 1.867473e+33
2.152081e+14 1.901725e+33
2.168763e+14 1.936604e+33
2.185575e+14 1.972124e+33
2.202517e+14 2.008295e+33
2.219590e+14 2.045130e+33
2.236795e+14 2.082640e+33
2.254134e+14 2.120838e+33
2.271608e+14 2.159737e+33
2.289217e+14 2.199349e+33
2.306962e+14 2.239687e+33
2.324845e+14 2.280766e+33
2.342866e+14 2.322598e+33
2.361027e+14 2.365197e+33
2.379329e+14 2.408578e+33
2.397773e+14 2.452754e+33
2.416360e+14 2.497740e+33
2.435091e+14 2.543552e+33
2.453967e+14 2.590203e+33
2.472989e+14 2.637711e+33
2.492159e+14 2.686090e+33
2.511478e+14 2.735356e+33
2.530946e+14 2.785525e+33
2.550565e+14 2.836615e+33
2.570336e+14 2.888642e+33
2.590260e+14 2.941623e+33
2.610339e+14 2.995576e+33
2.630574e+14 3.050518e+33
2.650965e+14 3.106469e+33
2.671515e+14 3.163445e+33
2.692224e+14 3.221466e+33
2.713093e+14 3.280552e+33
2.734124e+14 3.340721e+33
2.755318e+14 3.401994e+33
2.776676e+14 3.464390e+33
2.798200e+14 3.527931e+33
2.819891e+14 3.592638e+33
2.841750e+14 3.658531e+33
2.863778e+14 3.725633e+33
2.885977e+14 3.793965e+33
2.908349e+14 3.863551e+33
2.930893e+14 3.934413e+33
