# epsilon [g/cm^3]   P [dyn/cm^2]
1.364583e+14 6.440982e+32
1.375161e+14 6.536311e+32
1.385821e+14 6.633051e+32
1.396563e+14 6.731223e+32
1.407389e+14 6.830848e+32
1.418299e+14 6.931948e+32
1.429293e+14 7.034544e+32
1.440372e+14 7.138658e+32
1.451538e+14 7.244313e+32
1.462789e+14 7.351532e+32
1.474129e+14 7.460338e+32
1.485556e+14 7.570754e+32
1.497071e+14 7.682804e+32
1.508676e+14 7.796513e+32
1.520371e+14 7.911905e+32
1.532156e+14 8.029004e+32
1.544033e+14 8.147837e+32
1.556002e+14 8.268428e+32
1.568063e+14 8.390804e+32
1.580219e+14 8.514992e+32
1.592468e+14 8.641017e+32
1.604812e+14 8.768908e+32
1.617252e+14 8.898692e+32
1.629789e+14 9.030396e+32
1.642422e+14 9.164050e+32
1.655154e+14 9.299682e+32
1.667984e+14 9.437321e+32
1.680914e+14 9.576997e+32
1.693944e+14 9.718741e+32
1.707075e+14 9.862582e+32
1.720307e+14 1.000855e+33
1.733643e+14 1.015668e+33
1.747081e+14 1.030701e+33
1.760624e+14 1.045955e+33
1.774272e+14 1.061436e+33
1.788026e+14 1.077146e+33
1.801886e+14 1.093088e+33
1.815854e+14 1.109266e+33
1.829929e+14 1.125684e+33
1.844114e+14 1.142344e+33
1.858409e+14 1.159252e+33
1.872815e+14 1.176409e+33
1.887333e+14 1.193820e+33
1.901963e+14 1.211489e+33
1.916706e+14 1.229420e+33
1.931564e+14 1.247616e+33
1.946537e+14 1.266081e+33
1.961626e+14 1.284820e+33
1.976832e+14 1.303835e+33
1.992155e+14 1.323133e+33
2.007598e+14 1.342716e+33
2.023160e+14 1.362588e+33
2.038843e+14 1.382755e+33
2.054648e+14 1.403221e+33
2.070575e+14 1.423989e+33
2.086625e+14 1.445065e+33
2.102800e+14 1.466452e+33
2.119100e+14 1.488156e+33
2.135527e+14 1.510182e+33
2.152081e+14 1.532533e+33
2.168763e+14 1.555215e+33
2.185575e+14 1.578233e+33
2.202517e+14 1.601591e+33
2.219590e+14 1.625296e+33
2.236795e+14 1.649351e+33
2.254134e+14 1.673762e+33
2.271608e+14 1.698534e+33
2.289217e+14 1.723673e+33
2.306962e+14 1.749184e+33
2.324845e+14 1.775073e+33
2.342866e+14 1.801345e+33
2.361027e+14 1.828006e+33
2.379329e+14 1.855061e+33
2.397773e+14 1.882516e+33
2.416360e+14 1.910379e+33
2.435091e+14 1.938653e+33
2.453967e+14 1.967346e+33
2.472989e+14 1.996463e+33
2.492159e+14 2.026012e+33
2.511478e+14 2.055998e+33
2.530946e+14 2.086427e+33
2.550565e+14 2.117307e+33
2.570336e+14 2.148644e+33
2.590260e+14 2.180445e+33
2.610339e+14 2.212717e+33
2.630574e+14 2.245466e+33
2.650965e+14 2.278700e+33
2.671515e+14 2.312425e+33
2.692224e+14 2.346650e+33
2.713093e+14 2.381382e+33
2.734124e+14 2.416627e+33
2.755318e+14 2.452394e+33
2.776676e+14 2.488691e+33
2.798200e+14 2.525524e+33
2.819891e+14 2.562903e+33
2.841750e+14 2.600835e+33
2.863778e+14 2.639329e+33
2.885977e+14 2.678392e+33
2.908349e+14 2.718033e+33
2.930893e+14 2.758261e+33
