# epsilon [g/cm^3]   P [dyn/cm^2]
1.364583e+14 6.635931e+32
1.375161e+14 6.802131e+32
1.385821e+14 6.972493e+32
1.396563e+14 7.147121e+32
1.407389e+14 7.326124e+32
1.418299e+14 7.509609e+32
1.429293e+14 7.697690e+32
1.440372e+14 7.890481e+32
1.451538e+14 8.088101e+32
1.462789e+14 8.290671e+32
1.474129e+14 8.498314e+32
1.485556e+14 8.711157e+32
1.497071e+14 8.929331e+32
1.508676e+14 9.152970e+32
1.520371e+14 9.382209e+32
1.532156e+14 9.617190e+32
1.544033e+14 9.858056e+32
1.556002e+14 1.010495e+33
1.568063e+14 1.035804e+33
1.580219e+14 1.061746e+33
1.592468e+14 1.088338e+33
1.604812e+14 1.115595e+33
1.617252e+14 1.143536e+33
1.629789e+14 1.172176e+33
1.642422e+14 1.201534e+33
1.655154e+14 1.231627e+33
1.667984e+14 1.262473e+33
1.680914e+14 1.294092e+33
1.693944e+14 1.326503e+33
1.707075e+14 1.359726e+33
1.720307e+14 1.393781e+33
1.733643e+14 1.428689e+33
1.747081e+14 1.464471e+33
1.760624e+14 1.501149e+33
1.774272e+14 1.538746e+33
1.788026e+14 1.577284e+33
1.801886e+14 1.616788e+33
1.815854e+14 1.657281e+33
1.829929e+14 1.698788e+33
1.844114e+14 1.741335e+33
1.858409e+14 1.784947e+33
1.872815e+14 1.829652e+33
1.887333e+14 1.875476e+33
1.901963e+14 1.922448e+33
1.916706e+14 1.970597e+33
1.931564e+14 2.019951e+33
1.946537e+14 2.070541e+33
1.961626e+14 2.122399e+33
1.976832e+14 2.175555e+33
1.992155e+14 2.230043e+33
2.007598e+14 2.285895e+33
2.023160e+14 2.343146e+33
2.038843e+14 2.401831e+33
2.054648e+14 2.461986e+33
2.070575e+14 2.523647e+33
2.086625e+14 2.586853e+33
2.102800e+14 2.651641e+33
2.119100e+14 2.718053e+33
2.135527e+14 2.786127e+33
2.152081e+14 2.855907e+33
2.168763e+14 2.927434e+33
2.185575e+14 3.000753e+33
2.202517e+14 3.075908e+33
2.219590e+14 3.152945e+33
2.236795e+14 3.231912e+33
2.254134e+14 3.312856e+33
2.271608e+14 3.395828e+33
2.289217e+14 3.480877e+33
2.306962e+14 3.568057e+33
2.324845e+14 3.657421e+33
2.342866e+14 3.749022e+33
2.361027e+14 3.842918e+33
2.379329e+14 3.939165e+33
2.397773e+14 4.037823e+33
2.416360e+14 4.138952e+33
2.435091e+14 4.242613e+33
2.453967e+14 4.348871e+33
2.472989e+14 4.457790e+33
2.492159e+14 4.569437e+33
2.511478e+14 4.683880e+33
2.530946e+14 4.801190e+33
2.550565e+14 4.921437e+33
2.570336e+14 5.044697e+33
2.590260e+14 5.171043e+33
2.610339e+14 5.300553e+33
2.630574e+14 5.433308e+33
2.650965e+14 5.569387e+33
2.671515e+14 5.708874e+33
2.692224e+14 5.851855e+33
2.713093e+14 5.998417e+33
2.734124e+14 6.148650e+33
2.755318e+14 6.302645e+33
2.776676e+14 6.460497e+33
2.798200e+14 6.622302e+33
2.819891e+14 6.788160e+33
2.841750e+14 6.958172e+33
2.863778e+14 7.132442e+33
2.885977e+14 7.311077e+33
2.908349e+14 7.494186e+33
2.930893e+14 7.681880e+33
