# epsilon [g/cm^3]   P [dyn/cm^2]
1.364583e+14 6.566406e+32
1.375161e+14 6.707024e+32
1.385821e+14 6.850654e+32
1.396563e+14 6.997360e+32
1.407389e+14 7.147207e+32
1.418299e+14 7.300263e+32
1.429293e+14 7.456597e+32
1.440372e+14 7.616279e+32
1.451538e+14 7.779381e+32
1.462789e+14 7.945975e+32
1.474129e+14 8.116137e+32
1.485556e+14 8.289943e+32
1.497071e+14 8.467470e+32
1.508676e+14 8.648800e+32
1.520371e+14 8.834013e+32
1.532156e+14 9.023192e+32
1.544033e+14 9.216422e+32
1.556002e+14 9.413790e+32
1.568063e+14 9.615385e+32
1.580219e+14 9.821297e+32
1.592468e+14 1.003162e+33
1.604812e+14 1.024644e+33
1.617252e+14 1.046587e+33
1.629789e+14 1.068999e+33
1.642422e+14 1.091892e+33
1.655154e+14 1.115275e+33
1.667984e+14 1.139158e+33
1.680914e+14 1.163553e+33
1.693944e+14 1.188470e+33
1.707075e+14 1.213921e+33
1.720307e+14 1.239917e+33
1.733643e+14 1.266470e+33
1.747081e+14 1.293591e+33
1.760624e+14 1.321293e+33
1.774272e+14 1.349588e+33
1.788026e+14 1.378490e+33
1.801886e+14 1.408010e+33
1.815854e+14 1.438162e+33
1.829929e+14 1.468960e+33
1.844114e+14 1.500418e+33
1.858409e+14 1.532549e+33
1.872815e+14 1.565368e+33
1.887333e+14 1.598890e+33
1.901963e+14 1.633130e+33
1.916706e+14 1.668103e+33
1.931564e+14 1.703826e+33
1.946537e+14 1.740313e+33
1.961626e+14 1.777581e+33
1.976832e+14 1.815648e+33
1.992155e+14 1.854530e+33
2.007598e+14 1.894244e+33
2.023160e+14 1.934809e+33
2.038843e+14 1.976243e+33
2.054648e+14 2.018564e+33
2.070575e+14 2.061791e+33
2.086625e+14 2.105944e+33
2.102800e+14 2.151042e+33
2.119100e+14 2.197107e+33
2.135527e+14 2.244157e+33
2.152081e+14 2.292216e+33
2.168763e+14 2.341303e+33
2.185575e+14 2.391442e+33
2.202517e+14 2.442654e+33
2.219590e+14 2.494963e+33
2.236795e+14 2.548392e+33
2.254134e+14 2.602966e+33
2.271608e+14 2.658708e+33
2.289217e+14 2.715644e+33
2.306962e+14 2.773799e+33
2.324845e+14 2.833199e+33
2.342866e+14 2.893872e+33
2.361027e+14 2.955843e+33
2.379329e+14 3.019142e+33
2.397773e+14 3.083797e+33
2.416360e+14 3.149836e+33
2.435091e+14 3.217289e+33
2.453967e+14 3.286187e+33
2.472989e+14 3.356560e+33
2.492159e+14 3.428440e+33
2.511478e+14 3.501860e+33
2.530946e+14 3.576852e+33
2.550565e+14 3.653449e+33
2.570336e+14 3.731687e+33
2.590260e+14 3.811601e+33
2.610339e+14 3.893226e+33
2.630574e+14 3.976598e+33
2.650965e+14 4.061757e+33
2.671515e+14 4.148739e+33
2.692224e+14 4.237583e+33
2.713093e+14 4.328330e+33
2.734124e+14 4.421021e+33
2.755318e+14 4.515696e+33
2.776676e+14 4.612399e+33
2.798200e+14 4.711173e+33
2.819891e+14 4.812062e+33
2.841750e+14 4.915112e+33
2.863778e+14 5.020368e+33
2.885977e+14 5.127878e+33
2.908349e+14 5.237691e+33
2.930893e+14 5.349855e+33
