# epsilon [g/cm^3]   P [dyn/cm^2]
1.364583e+14 6.504677e+32
1.375161e+14 6.622867e+32
1.385821e+14 6.743204e+32
1.396563e+14 6.865729e+32
1.407389e+14 6.990479e+32
1.418299e+14 7.117496e+32
1.429293e+14 7.246821e+32
1.440372e+14 7.378496e+32
1.451538e+14 7.512564e+32
1.462789e+14 7.649067e+32
1.474129e+14 7.788051e+32
1.485556e+14 7.929560e+32
1.497071e+14 8.073641e+32
1.508676e+14 8.220339e+32
1.520371e+14 8.369703e+32
1.532156e+14 8.521780e+32
1.544033e+14 8.676621e+32
1.556002e+14 8.834276e+32
1.568063e+14 8.994795e+32
1.580219e+14 9.158231e+32
1.592468e+14 9.324636e+32
1.604812e+14 9.494065e+32
1.617252e+14 9.666572e+32
1.629789e+14 9.842214e+32
1.642422e+14 1.002105e+33
1.655154e+14 1.020313e+33
1.667984e+14 1.038852e+33
1.680914e+14 1.057728e+33
1.693944e+14 1.076947e+33
1.707075e+14 1.096515e+33
1.720307e+14 1.116439e+33
1.733643e+14 1.136725e+33
1.747081e+14 1.157379e+33
1.760624e+14 1.178409e+33
1.774272e+14 1.199820e+33
1.788026e+14 1.221621e+33
1.801886e+14 1.243818e+33
1.815854e+14 1.266418e+33
1.829929e+14 1.289429e+33
1.844114e+14 1.312858e+33
1.858409e+14 1.336713e+33
1.872815e+14 1.361001e+33
1.887333e+14 1.385730e+33
1.901963e+14 1.410909e+33
1.916706e+14 1.436545e+33
1.931564e+14 1.462647e+33
1.946537e+14 1.489224e+33
1.961626e+14 1.516283e+33
1.976832e+14 1.543834e+33
1.992155e+14 1.571885e+33
2.007598e+14 1.600447e+33
2.023160e+14 1.629527e+33
2.038843e+14 1.659135e+33
2.054648e+14 1.689282e+33
2.070575e+14 1.719976e+33
2.086625e+14 1.751228e+33
2.102800e+14 1.783048e+33
2.119100e+14 1.815446e+33
2.135527e+14 1.848433e+33
2.152081e+14 1.882019e+33
2.168763e+14 1.916215e+33
2.185575e+14 1.951033e+33
2.202517e+14 1.986483e+33
2.219590e+14 2.022578e+33
2.236795e+14 2.059328e+33
2.254134e+14 2.096746e+33
2.271608e+14 2.134844e+33
2.289217e+14 2.173634e+33
2.306962e+14 2.213129e+33
2.324845e+14 2.253342e+33
2.342866e+14 2.294285e+33
2.361027e+14 2.335972e+33
2.379329e+14 2.378417e+33
2.397773e+14 2.421633e+33
2.416360e+14 2.465634e+33
2.435091e+14 2.510434e+33
2.453967e+14 2.556049e+33
2.472989e+14 2.602493e+33
2.492159e+14 2.649780e+33
2.511478e+14 2.697927e+33
2.530946e+14 2.746948e+33
2.550565e+14 2.796860e+33
2.570336e+14 2.847679e+33
2.590260e+14 2.899422e+33
2.610339e+14 2.952104e+33
2.630574e+14 3.005744e+33
2.650965e+14 3.060358e+33
2.671515e+14 3.115965e+33
2.692224e+14 3.172582e+33
2.713093e+14 3.230228e+33
2.734124e+14 3.288922e+33
2.755318e+14 3.348681e+33
2.776676e+14 3.409527e+33
2.798200e+14 3.471478e+33
2.819891e+14 3.534555e+33
2.841750e+14 3.598778e+33
2.863778e+14 3.664168e+33
2.885977e+14 3.730746e+33
2.908349e+14 3.798534e+33
2.930893e+14 3.867553e+33
