# epsilon [g/cm^3]   P [dyn/cm^2]
1.364583e+14 6.454165e+32
1.375161e+14 6.554203e+32
1.385821e+14 6.655790e+32
1.396563e+14 6.758953e+32
1.407389e+14 6.863714e+32
1.418299e+14 6.970099e+32
1.429293e+14 7.078134e+32
1.440372e+14 7.187842e+32
1.451538e+14 7.299251e+32
1.462789e+14 7.412387e+32
1.474129e+14 7.527277e+32
1.485556e+14 7.643947e+32
1.497071e+14 7.762425e+32
1.508676e+14 7.882740e+32
1.520371e+14 8.004920e+32
1.532156e+14 8.128994e+32
1.544033e+14 8.254990e+32
1.556002e+14 8.382940e+32
1.568063e+14 8.512872e+32
1.580219e+14 8.644819e+32
1.592468e+14 8.778811e+32
1.604812e+14 8.914879e+32
1.617252e+14 9.053057e+32
1.629789e+14 9.193376e+32
1.642422e+14 9.335870e+32
1.655154e+14 9.480573e+32
1.667984e+14 9.627518e+32
1.680914e+14 9.776742e+32
1.693944e+14 9.928278e+32
1.707075e+14 1.008216e+33
1.720307e+14 1.023843e+33
1.733643e+14 1.039712e+33
1.747081e+14 1.055828e+33
1.760624e+14 1.072193e+33
1.774272e+14 1.088811e+33
1.788026e+14 1.105687e+33
1.801886e+14 1.122825e+33
1.815854e+14 1.140229e+33
1.829929e+14 1.157902e+33
1.844114e+14 1.175849e+33
1.858409e+14 1.194074e+33
1.872815e+14 1.212582e+33
1.887333e+14 1.231376e+33
1.901963e+14 1.250462e+33
1.916706e+14 1.269844e+33
1.931564e+14 1.289526e+33
1.946537e+14 1.309513e+33
1.961626e+14 1.329810e+33
1.976832e+14 1.350422e+33
1.992155e+14 1.371353e+33
2.007598e+14 1.392609e+33
2.023160e+14 1.414194e+33
2.038843e+14 1.436113e+33
2.054648e+14 1.458372e+33
2.070575e+14 1.480977e+33
2.086625e+14 1.503931e+33
2.102800e+14 1.527242e+33
2.119100e+14 1.550913e+33
2.135527e+14 1.574952e+33
2.152081e+14 1.599363e+33
2.168763e+14 1.624153e+33
2.185575e+14 1.649327e+33
2.202517e+14 1.674891e+33
2.219590e+14 1.700851e+33
2.236795e+14 1.727213e+33
2.254134e+14 1.753985e+33
2.271608e+14 1.781171e+33
2.289217e+14 1.808778e+33
2.306962e+14 1.836814e+33
2.324845e+14 1.865284e+33
2.342866e+14 1.894195e+33
2.361027e+14 1.923554e+33
2.379329e+14 1.953369e+33
2.397773e+14 1.983645e+33
2.416360e+14 2.014391e+33
2.435091e+14 2.045614e+33
2.453967e+14 2.077320e+33
2.472989e+14 2.109518e+33
2.492159e+14 2.142214e+33
2.511478e+14 2.175418e+33
2.530946e+14 2.209136e+33
2.550565e+14 2.243377e+33
2.570336e+14 2.278149e+33
2.590260e+14 2.313459e+33
2.610339e+14 2.349317e+33
2.630574e+14 2.385731e+33
2.650965e+14 2.422709e+33
2.671515e+14 2.460260e+33
2.692224e+14 2.498393e+33
2.713093e+14 2.537117e+33
2.734124e+14 2.576442e+33
2.755318e+14 2.616375e+33
2.776676e+14 2.656928e+33
2.798200e+14 2.698110e+33
2.819891e+14 2.739930e+33
2.841750e+14 2.782398e+33
2.863778e+14 2.825524e+33
2.885977e+14 2.869318e+33
2.908349e+14 2.913792e+33
2.930893e+14 2.958955e+33
