# epsilon [g/cm^3]   P [dyn/cm^2]
1.364583e+14 6.626751e+32
1.375161e+14 6.789553e+32
1.385821e+14 6.956355e+32
1.396563e+14 7.127254e+32
1.407389e+14 7.302353e+32
1.418299e+14 7.481753e+32
1.429293e+14 7.665560e+32
1.440372e+14 7.853883e+32
1.451538e+14 8.046833e+32
1.462789e+14 8.244523e+32
1.474129e+14 8.447069e+32
1.485556e+14 8.654592e+32
1.497071e+14 8.867213e+32
1.508676e+14 9.085057e+32
1.520371e+14 9.308254e+32
1.532156e+14 9.536934e+32
1.544033e+14 9.771231e+32
1.556002e+14 1.001129e+33
1.568063e+14 1.025724e+33
1.580219e+14 1.050923e+33
1.592468e+14 1.076742e+33
1.604812e+14 1.103194e+33
1.617252e+14 1.130297e+33
1.629789e+14 1.158065e+33
1.642422e+14 1.186516e+33
1.655154e+14 1.215666e+33
1.667984e+14 1.245531e+33
1.680914e+14 1.276131e+33
1.693944e+14 1.307482e+33
1.707075e+14 1.339604e+33
1.720307e+14 1.372514e+33
1.733643e+14 1.406233e+33
1.747081e+14 1.440781e+33
1.760624e+14 1.476177e+33
1.774272e+14 1.512443e+33
1.788026e+14 1.549600e+33
1.801886e+14 1.587670e+33
1.815854e+14 1.626675e+33
1.829929e+14 1.666638e+33
1.844114e+14 1.707583e+33
1.858409e+14 1.749534e+33
1.872815e+14 1.792515e+33
1.887333e+14 1.836553e+33
1.901963e+14 1.881672e+33
1.916706e+14 1.927900e+33
1.931564e+14 1.975263e+33
1.946537e+14 2.023790e+33
1.961626e+14 2.073510e+33
1.976832e+14 2.124451e+33
1.992155e+14 2.176643e+33
2.007598e+14 2.230117e+33
2.023160e+14 2.284906e+33
2.038843e+14 2.341040e+33
2.054648e+14 2.398553e+33
2.070575e+14 2.457479e+33
2.086625e+14 2.517853e+33
2.102800e+14 2.579710e+33
2.119100e+14 2.643087e+33
2.135527e+14 2.708021e+33
2.152081e+14 2.774550e+33
2.168763e+14 2.842714e+33
2.185575e+14 2.912552e+33
2.202517e+14 2.984106e+33
2.219590e+14 3.057418e+33
2.236795e+14 3.132530e+33
2.254134e+14 3.209489e+33
2.271608e+14 3.288337e+33
2.289217e+14 3.369123e+33
2.306962e+14 3.451894e+33
2.324845e+14 3.536698e+33
2.342866e+14 3.623586e+33
2.361027e+14 3.712608e+33
2.379329e+14 3.803817e+33
2.397773e+14 3.897267e+33
2.416360e+14 3.993013e+33
2.435091e+14 4.091111e+33
2.453967e+14 4.191619e+33
2.472989e+14 4.294596e+33
2.492159e+14 4.400103e+33
2.511478e+14 4.508202e+33
2.530946e+14 4.618957e+33
2.550565e+14 4.732433e+33
2.570336e+14 4.848697e+33
2.590260e+14 4.967817e+33
2.610339e+14 5.089863e+33
2.630574e+14 5.214908e+33
2.650965e+14 5.343025e+33
2.671515e+14 5.474289e+33
2.692224e+14 5.608778e+33
2.713093e+14 5.746572e+33
2.734124e+14 5.887750e+33
2.755318e+14 6.032397e+33
2.776676e+14 6.180597e+33
2.798200e+14 6.332439e+33
2.819891e+14 6.488010e+33
2.841750e+14 6.647404e+33
2.863778e+14 6.810714e+33
2.885977e+14 6.978035e+33
2.908349e+14 7.149468e+33
2.930893e+14 7.325112e+33
