# epsilon [g/cm^3]   P [dyn/cm^2]
1.364583e+14 6.575526e+32
1.375161e+14 6.719481e+32
1.385821e+14 6.866587e+32
1.396563e+14 7.016914e+32
1.407389e+14 7.170532e+32
1.418299e+14 7.327513e+32
1.429293e+14 7.487931e+32
1.440372e+14 7.651861e+32
1.451538e+14 7.819379e+32
1.462789e+14 7.990566e+32
1.474129e+14 8.165499e+32
1.485556e+14 8.344263e+32
1.497071e+14 8.526940e+32
1.508676e+14 8.713616e+32
1.520371e+14 8.904379e+32
1.532156e+14 9.099319e+32
1.544033e+14 9.298526e+32
1.556002e+14 9.502094e+32
1.568063e+14 9.710119e+32
1.580219e+14 9.922698e+32
1.592468e+14 1.013993e+33
1.604812e+14 1.036192e+33
1.617252e+14 1.058877e+33
1.629789e+14 1.082058e+33
1.642422e+14 1.105747e+33
1.655154e+14 1.129955e+33
1.667984e+14 1.154693e+33
1.680914e+14 1.179972e+33
1.693944e+14 1.205804e+33
1.707075e+14 1.232202e+33
1.720307e+14 1.259178e+33
1.733643e+14 1.286745e+33
1.747081e+14 1.314915e+33
1.760624e+14 1.343702e+33
1.774272e+14 1.373119e+33
1.788026e+14 1.403180e+33
1.801886e+14 1.433899e+33
1.815854e+14 1.465291e+33
1.829929e+14 1.497370e+33
1.844114e+14 1.530151e+33
1.858409e+14 1.563650e+33
1.872815e+14 1.597882e+33
1.887333e+14 1.632864e+33
1.901963e+14 1.668611e+33
1.916706e+14 1.705141e+33
1.931564e+14 1.742471e+33
1.946537e+14 1.780618e+33
1.961626e+14 1.819601e+33
1.976832e+14 1.859436e+33
1.992155e+14 1.900144e+33
2.007598e+14 1.941743e+33
2.023160e+14 1.984253e+33
2.038843e+14 2.027693e+33
2.054648e+14 2.072084e+33
2.070575e+14 2.117448e+33
2.086625e+14 2.163804e+33
2.102800e+14 2.211175e+33
2.119100e+14 2.259583e+33
2.135527e+14 2.309051e+33
2.152081e+14 2.359602e+33
2.168763e+14 2.411260e+33
2.185575e+14 2.464049e+33
2.202517e+14 2.517993e+33
2.219590e+14 2.573118e+33
2.236795e+14 2.629450e+33
2.254134e+14 2.687015e+33
2.271608e+14 2.745841e+33
2.289217e+14 2.805954e+33
2.306962e+14 2.867384e+33
2.324845e+14 2.930158e+33
2.342866e+14 2.994307e+33
2.361027e+14 3.059860e+33
2.379329e+14 3.126848e+33
2.397773e+14 3.195302e+33
2.416360e+14 3.265256e+33
2.435091e+14 3.336740e+33
2.453967e+14 3.409790e+33
2.472989e+14 3.484439e+33
2.492159e+14 3.560722e+33
2.511478e+14 3.638676e+33
2.530946e+14 3.718335e+33
2.550565e+14 3.799739e+33
2.570336e+14 3.882925e+33
2.590260e+14 3.967932e+33
2.610339e+14 4.054800e+33
2.630574e+14 4.143570e+33
2.650965e+14 4.234283e+33
2.671515e+14 4.326982e+33
2.692224e+14 4.421711e+33
2.713093e+14 4.518514e+33
2.734124e+14 4.617435e+33
2.755318e+14 4.718523e+33
2.776676e+14 4.821823e+33
2.798200e+14 4.927385e+33
2.819891e+14 5.035258e+33
2.841750e+14 5.145492e+33
2.863778e+14 5.258140e+33
2.885977e+14 5.373254e+33
2.908349e+14 5.490888e+33
2.930893e+14 5.611098e+33
