# epsilon [g/cm^3]   P [dyn/cm^2]
1.364583e+14 6.442417e+32
1.375161e+14 6.538258e+32
1.385821e+14 6.635525e+32
1.396563e+14 6.734239e+32
1.407389e+14 6.834421e+32
1.418299e+14 6.936094e+32
1.429293e+14 7.039279e+32
1.440372e+14 7.143999e+32
1.451538e+14 7.250277e+32
1.462789e+14 7.358137e+32
1.474129e+14 7.467601e+32
1.485556e+14 7.578693e+32
1.497071e+14 7.691438e+32
1.508676e+14 7.805860e+32
1.520371e+14 7.921984e+32
1.532156e+14 8.039836e+32
1.544033e+14 8.159442e+32
1.556002e+14 8.280826e+32
1.568063e+14 8.404016e+32
1.580219e+14 8.529039e+32
1.592468e+14 8.655922e+32
1.604812e+14 8.784693e+32
1.617252e+14 8.915379e+32
1.629789e+14 9.048009e+32
1.642422e+14 9.182612e+32
1.655154e+14 9.319218e+32
1.667984e+14 9.457856e+32
1.680914e+14 9.598557e+32
1.693944e+14 9.741350e+32
1.707075e+14 9.886268e+32
1.720307e+14 1.003334e+33
1.733643e+14 1.018260e+33
1.747081e+14 1.033409e+33
1.760624e+14 1.048782e+33
1.774272e+14 1.064384e+33
1.788026e+14 1.080219e+33
1.801886e+14 1.096289e+33
1.815854e+14 1.112598e+33
1.829929e+14 1.129149e+33
1.844114e+14 1.145947e+33
1.858409e+14 1.162995e+33
1.872815e+14 1.180296e+33
1.887333e+14 1.197855e+33
1.901963e+14 1.215675e+33
1.916706e+14 1.233760e+33
1.931564e+14 1.252114e+33
1.946537e+14 1.270742e+33
1.961626e+14 1.289646e+33
1.976832e+14 1.308831e+33
1.992155e+14 1.328302e+33
2.007598e+14 1.348063e+33
2.023160e+14 1.368117e+33
2.038843e+14 1.388470e+33
2.054648e+14 1.409126e+33
2.070575e+14 1.430089e+33
2.086625e+14 1.451364e+33
2.102800e+14 1.472955e+33
2.119100e+14 1.494868e+33
2.135527e+14 1.517106e+33
2.152081e+14 1.539675e+33
2.168763e+14 1.562580e+33
2.185575e+14 1.585826e+33
2.202517e+14 1.609418e+33
2.219590e+14 1.633361e+33
2.236795e+14 1.657659e+33
2.254134e+14 1.682320e+33
2.271608e+14 1.707347e+33
2.289217e+14 1.732746e+33
2.306962e+14 1.758524e+33
2.324845e+14 1.784684e+33
2.342866e+14 1.811234e+33
2.361027e+14 1.838179e+33
2.379329e+14 1.865525e+33
2.397773e+14 1.893278e+33
2.416360e+14 1.921443e+33
2.435091e+14 1.950028e+33
2.453967e+14 1.979037e+33
2.472989e+14 2.008479e+33
2.492159e+14 2.038358e+33
2.511478e+14 2.068682e+33
2.530946e+14 2.099457e+33
2.550565e+14 2.130689e+33
2.570336e+14 2.162387e+33
2.590260e+14 2.194556e+33
2.610339e+14 2.227203e+33
2.630574e+14 2.260336e+33
2.650965e+14 2.293962e+33
2.671515e+14 2.328089e+33
2.692224e+14 2.362723e+33
2.713093e+14 2.397872e+33
2.734124e+14 2.433544e+33
2.755318e+14 2.469747e+33
2.776676e+14 2.506488e+33
2.798200e+14 2.543776e+33
2.819891e+14 2.581619e+33
2.841750e+14 2.620024e+33
2.863778e+14 2.659001e+33
2.885977e+14 2.698558e+33
2.908349e+14 2.738703e+33
2.930893e+14 2.779446e+33
