# epsilon [g/cm^3]   P [dyn/cm^2]
1.364583e+14 6.603342e+32
1.375161e+14 6.757508e+32
1.385821e+14 6.915274e+32
1.396563e+14 7.076723e+32
1.407389e+14 7.241942e+32
1.418299e+14 7.411018e+32
1.429293e+14 7.584041e+32
1.440372e+14 7.761104e+32
1.451538e+14 7.942300e+32
1.462789e+14 8.127727e+32
1.474129e+14 8.317483e+32
1.485556e+14 8.511669e+32
1.497071e+14 8.710389e+32
1.508676e+14 8.913748e+32
1.520371e+14 9.121855e+32
1.532156e+14 9.334821e+32
1.544033e+14 9.552759e+32
1.556002e+14 9.775785e+32
1.568063e+14 1.000402e+33
1.580219e+14 1.023758e+33
1.592468e+14 1.047659e+33
1.604812e+14 1.072119e+33
1.617252e+14 1.097149e+33
1.629789e+14 1.122764e+33
1.642422e+14 1.148977e+33
1.655154e+14 1.175802e+33
1.667984e+14 1.203253e+33
1.680914e+14 1.231345e+33
1.693944e+14 1.260093e+33
1.707075e+14 1.289512e+33
1.720307e+14 1.319618e+33
1.733643e+14 1.350427e+33
1.747081e+14 1.381955e+33
1.760624e+14 1.414219e+33
1.774272e+14 1.447236e+33
1.788026e+14 1.481025e+33
1.801886e+14 1.515602e+33
1.815854e+14 1.550986e+33
1.829929e+14 1.587197e+33
1.844114e+14 1.624252e+33
1.858409e+14 1.662174e+33
1.872815e+14 1.700980e+33
1.887333e+14 1.740692e+33
1.901963e+14 1.781332e+33
1.916706e+14 1.822920e+33
1.931564e+14 1.865479e+33
1.946537e+14 1.909032e+33
1.961626e+14 1.953602e+33
1.976832e+14 1.999212e+33
1.992155e+14 2.045887e+33
2.007598e+14 2.093652e+33
2.023160e+14 2.142532e+33
2.038843e+14 2.192553e+33
2.054648e+14 2.243742e+33
2.070575e+14 2.296126e+33
2.086625e+14 2.349733e+33
2.102800e+14 2.404592e+33
2.119100e+14 2.460731e+33
2.135527e+14 2.518181e+33
2.152081e+14 2.576973e+33
2.168763e+14 2.637137e+33
2.185575e+14 2.698705e+33
2.202517e+14 2.761711e+33
2.219590e+14 2.826188e+33
2.236795e+14 2.892171e+33
2.254134e+14 2.959693e+33
2.271608e+14 3.028793e+33
2.289217e+14 3.099505e+33
2.306962e+14 3.171868e+33
2.324845e+14 3.245921e+33
2.342866e+14 3.321703e+33
2.361027e+14 3.399254e+33
2.379329e+14 3.478615e+33
2.397773e+14 3.559830e+33
2.416360e+14 3.642940e+33
2.435091e+14 3.727991e+33
2.453967e+14 3.815028e+33
2.472989e+14 3.904096e+33
2.492159e+14 3.995244e+33
2.511478e+14 4.088520e+33
2.530946e+14 4.183974e+33
2.550565e+14 4.281656e+33
2.570336e+14 4.381619e+33
2.590260e+14 4.483915e+33
2.610339e+14 4.588600e+33
2.630574e+14 4.695729e+33
2.650965e+14 4.805359e+33
2.671515e+14 4.917548e+33
2.692224e+14 5.032357e+33
2.713093e+14 5.149846e+33
2.734124e+14 5.270078e+33
2.755318e+14 5.393118e+33
2.776676e+14 5.519029e+33
2.798200e+14 5.647881e+33
2.819891e+14 5.779740e+33
2.841750e+14 5.914679e+33
2.863778e+14 6.052767e+33
2.885977e+14 6.194080e+33
2.908349e+14 6.338691e+33
2.930893e+14 6.486679e+33
