# epsilon [g/cm^3]   P [dyn/cm^2]
1.364583e+14 6.601125e+32
1.375161e+14 6.754476e+32
1.385821e+14 6.911389e+32
1.396563e+14 7.071947e+32
1.407389e+14 7.236236e+32
1.418299e+14 7.404341e+32
1.429293e+14 7.576351e+32
1.440372e+14 7.752357e+32
1.451538e+14 7.932452e+32
1.462789e+14 8.116731e+32
1.474129e+14 8.305291e+32
1.485556e+14 8.498231e+32
1.497071e+14 8.695654e+32
1.508676e+14 8.897662e+32
1.520371e+14 9.104364e+32
1.532156e+14 9.315868e+32
1.544033e+14 9.532284e+32
1.556002e+14 9.753729e+32
1.568063e+14 9.980318e+32
1.580219e+14 1.021217e+33
1.592468e+14 1.044941e+33
1.604812e+14 1.069216e+33
1.617252e+14 1.094055e+33
1.629789e+14 1.119471e+33
1.642422e+14 1.145477e+33
1.655154e+14 1.172088e+33
1.667984e+14 1.199317e+33
1.680914e+14 1.227178e+33
1.693944e+14 1.255687e+33
1.707075e+14 1.284858e+33
1.720307e+14 1.314706e+33
1.733643e+14 1.345248e+33
1.747081e+14 1.376499e+33
1.760624e+14 1.408477e+33
1.774272e+14 1.441197e+33
1.788026e+14 1.474678e+33
1.801886e+14 1.508936e+33
1.815854e+14 1.543990e+33
1.829929e+14 1.579858e+33
1.844114e+14 1.616560e+33
1.858409e+14 1.654114e+33
1.872815e+14 1.692541e+33
1.887333e+14 1.731861e+33
1.901963e+14 1.772093e+33
1.916706e+14 1.813261e+33
1.931564e+14 1.855385e+33
1.946537e+14 1.898487e+33
1.961626e+14 1.942591e+33
1.976832e+14 1.987719e+33
1.992155e+14 2.033896e+33
2.007598e+14 2.081146e+33
2.023160e+14 2.129493e+33
2.038843e+14 2.178963e+33
2.054648e+14 2.229582e+33
2.070575e+14 2.281378e+33
2.086625e+14 2.334377e+33
2.102800e+14 2.388606e+33
2.119100e+14 2.444096e+33
2.135527e+14 2.500875e+33
2.152081e+14 2.558973e+33
2.168763e+14 2.618420e+33
2.185575e+14 2.679249e+33
2.202517e+14 2.741490e+33
2.219590e+14 2.805178e+33
2.236795e+14 2.870345e+33
2.254134e+14 2.937026e+33
2.271608e+14 3.005256e+33
2.289217e+14 3.075071e+33
2.306962e+14 3.146508e+33
2.324845e+14 3.219605e+33
2.342866e+14 3.294399e+33
2.361027e+14 3.370932e+33
2.379329e+14 3.449242e+33
2.397773e+14 3.529371e+33
2.416360e+14 3.611362e+33
2.435091e+14 3.695258e+33
2.453967e+14 3.781102e+33
2.472989e+14 3.868941e+33
2.492159e+14 3.958820e+33
2.511478e+14 4.050788e+33
2.530946e+14 4.144891e+33
2.550565e+14 4.241181e+33
2.570336e+14 4.339708e+33
2.590260e+14 4.440524e+33
2.610339e+14 4.543682e+33
2.630574e+14 4.649236e+33
2.650965e+14 4.757243e+33
2.671515e+14 4.867758e+33
2.692224e+14 4.980841e+33
2.713093e+14 5.096551e+33
2.734124e+14 5.214949e+33
2.755318e+14 5.336097e+33
2.776676e+14 5.460060e+33
2.798200e+14 5.586903e+33
2.819891e+14 5.716692e+33
2.841750e+14 5.849497e+33
2.863778e+14 5.985387e+33
2.885977e+14 6.124433e+33
2.908349e+14 6.266710e+33
2.930893e+14 6.412292e+33
