# epsilon [g/cm^3]   P [dyn/cm^2]
1.364583e+14 6.533345e+32
1.375161e+14 6.661918e+32
1.385821e+14 6.793022e+32
1.396563e+14 6.926705e+32
1.407389e+14 7.063020e+32
1.418299e+14 7.202017e+32
1.429293e+14 7.343749e+32
1.440372e+14 7.488271e+32
1.451538e+14 7.635637e+32
1.462789e+14 7.785902e+32
1.474129e+14 7.939125e+32
1.485556e+14 8.095364e+32
1.497071e+14 8.254677e+32
1.508676e+14 8.417125e+32
1.520371e+14 8.582770e+32
1.532156e+14 8.751675e+32
1.544033e+14 8.923904e+32
1.556002e+14 9.099522e+32
1.568063e+14 9.278597e+32
1.580219e+14 9.461195e+32
1.592468e+14 9.647387e+32
1.604812e+14 9.837243e+32
1.617252e+14 1.003084e+33
1.629789e+14 1.022824e+33
1.642422e+14 1.042952e+33
1.655154e+14 1.063477e+33
1.667984e+14 1.084406e+33
1.680914e+14 1.105747e+33
1.693944e+14 1.127507e+33
1.707075e+14 1.149696e+33
1.720307e+14 1.172322e+33
1.733643e+14 1.195392e+33
1.747081e+14 1.218917e+33
1.760624e+14 1.242905e+33
1.774272e+14 1.267365e+33
1.788026e+14 1.292306e+33
1.801886e+14 1.317738e+33
1.815854e+14 1.343670e+33
1.829929e+14 1.370113e+33
1.844114e+14 1.397076e+33
1.858409e+14 1.424570e+33
1.872815e+14 1.452605e+33
1.887333e+14 1.481192e+33
1.901963e+14 1.510341e+33
1.916706e+14 1.540064e+33
1.931564e+14 1.570371e+33
1.946537e+14 1.601275e+33
1.961626e+14 1.632788e+33
1.976832e+14 1.664920e+33
1.992155e+14 1.697685e+33
2.007598e+14 1.731095e+33
2.023160e+14 1.765162e+33
2.038843e+14 1.799900e+33
2.054648e+14 1.835321e+33
2.070575e+14 1.871439e+33
2.086625e+14 1.908268e+33
2.102800e+14 1.945822e+33
2.119100e+14 1.984115e+33
2.135527e+14 2.023161e+33
2.152081e+14 2.062976e+33
2.168763e+14 2.103575e+33
2.185575e+14 2.144972e+33
2.202517e+14 2.187184e+33
2.219590e+14 2.230227e+33
2.236795e+14 2.274117e+33
2.254134e+14 2.318870e+33
2.271608e+14 2.364504e+33
2.289217e+14 2.411037e+33
2.306962e+14 2.458485e+33
2.324845e+14 2.506867e+33
2.342866e+14 2.556201e+33
2.361027e+14 2.606506e+33
2.379329e+14 2.657800e+33
2.397773e+14 2.710105e+33
2.416360e+14 2.763438e+33
2.435091e+14 2.817822e+33
2.453967e+14 2.873275e+33
2.472989e+14 2.929820e+33
2.492159e+14 2.987477e+33
2.511478e+14 3.046269e+33
2.530946e+14 3.106219e+33
2.550565e+14 3.167348e+33
2.570336e+14 3.229679e+33
2.590260e+14 3.293238e+33
2.610339e+14 3.358047e+33
2.630574e+14 3.424132e+33
2.650965e+14 3.491518e+33
2.671515e+14 3.560229e+33
2.692224e+14 3.630293e+33
2.713093e+14 3.701735e+33
2.734124e+14 3.774584e+33
2.755318e+14 3.848866e+33
2.776676e+14 3.924610e+33
2.798200e+14 4.001844e+33
2.819891e+14 4.080599e+33
2.841750e+14 4.160903e+33
2.863778e+14 4.242788e+33
2.885977e+14 4.326284e+33
2.908349e+14 4.411423e+33
2.930893e+14 4.498238e+33
