# epsilon [g/cm^3]   P [dyn/cm^2]
1.364583e+14 6.554065e+32
1.375161e+14 6.690178e+32
1.385821e+14 6.829118e+32
1.396563e+14 6.970943e+32
1.407389e+14 7.115714e+32
1.418299e+14 7.263491e+32
1.429293e+14 7.414338e+32
1.440372e+14 7.568317e+32
1.451538e+14 7.725494e+32
1.462789e+14 7.885935e+32
1.474129e+14 8.049708e+32
1.485556e+14 8.216883e+32
1.497071e+14 8.387529e+32
1.508676e+14 8.561719e+32
1.520371e+14 8.739527e+32
1.532156e+14 8.921027e+32
1.544033e+14 9.106297e+32
1.556002e+14 9.295414e+32
1.568063e+14 9.488459e+32
1.580219e+14 9.685513e+32
1.592468e+14 9.886660e+32
1.604812e+14 1.009198e+33
1.617252e+14 1.030157e+33
1.629789e+14 1.051551e+33
1.642422e+14 1.073390e+33
1.655154e+14 1.095681e+33
1.667984e+14 1.118436e+33
1.680914e+14 1.141664e+33
1.693944e+14 1.165373e+33
1.707075e+14 1.189576e+33
1.720307e+14 1.214280e+33
1.733643e+14 1.239498e+33
1.747081e+14 1.265240e+33
1.760624e+14 1.291516e+33
1.774272e+14 1.318338e+33
1.788026e+14 1.345717e+33
1.801886e+14 1.373665e+33
1.815854e+14 1.402192e+33
1.829929e+14 1.431313e+33
1.844114e+14 1.461038e+33
1.858409e+14 1.491380e+33
1.872815e+14 1.522353e+33
1.887333e+14 1.553969e+33
1.901963e+14 1.586241e+33
1.916706e+14 1.619184e+33
1.931564e+14 1.652811e+33
1.946537e+14 1.687136e+33
1.961626e+14 1.722174e+33
1.976832e+14 1.757940e+33
1.992155e+14 1.794448e+33
2.007598e+14 1.831715e+33
2.023160e+14 1.869756e+33
2.038843e+14 1.908586e+33
2.054648e+14 1.948223e+33
2.070575e+14 1.988683e+33
2.086625e+14 2.029984e+33
2.102800e+14 2.072142e+33
2.119100e+14 2.115176e+33
2.135527e+14 2.159103e+33
2.152081e+14 2.203943e+33
2.168763e+14 2.249714e+33
2.185575e+14 2.296436e+33
2.202517e+14 2.344127e+33
2.219590e+14 2.392810e+33
2.236795e+14 2.442503e+33
2.254134e+14 2.493228e+33
2.271608e+14 2.545007e+33
2.289217e+14 2.597861e+33
2.306962e+14 2.651813e+33
2.324845e+14 2.706885e+33
2.342866e+14 2.763101e+33
2.361027e+14 2.820484e+33
2.379329e+14 2.879059e+33
2.397773e+14 2.938851e+33
2.416360e+14 2.999884e+33
2.435091e+14 3.062185e+33
2.453967e+14 3.125780e+33
2.472989e+14 3.190695e+33
2.492159e+14 3.256959e+33
2.511478e+14 3.324599e+33
2.530946e+14 3.393643e+33
2.550565e+14 3.464122e+33
2.570336e+14 3.536064e+33
2.590260e+14 3.609500e+33
2.610339e+14 3.684461e+33
2.630574e+14 3.760979e+33
2.650965e+14 3.839086e+33
2.671515e+14 3.918815e+33
2.692224e+14 4.000200e+33
2.713093e+14 4.083275e+33
2.734124e+14 4.168076e+33
2.755318e+14 4.254637e+33
2.776676e+14 4.342997e+33
2.798200e+14 4.433191e+33
2.819891e+14 4.525258e+33
2.841750e+14 4.619238e+33
2.863778e+14 4.715169e+33
2.885977e+14 4.813093e+33
2.908349e+14 4.913050e+33
2.930893e+14 5.015083e+33
