# epsilon [g/cm^3]   P [dyn/cm^2]
1.364583e+14 6.451461e+32
1.375161e+14 6.550532e+32
1.385821e+14 6.651124e+32
1.396563e+14 6.753261e+32
1.407389e+14 6.856966e+32
1.418299e+14 6.962264e+32
1.429293e+14 7.069178e+32
1.440372e+14 7.177735e+32
1.451538e+14 7.287958e+32
1.462789e+14 7.399875e+32
1.474129e+14 7.513509e+32
1.485556e+14 7.628889e+32
1.497071e+14 7.746041e+32
1.508676e+14 7.864991e+32
1.520371e+14 7.985769e+32
1.532156e+14 8.108401e+32
1.544033e+14 8.232916e+32
1.556002e+14 8.359343e+32
1.568063e+14 8.487712e+32
1.580219e+14 8.618052e+32
1.592468e+14 8.750393e+32
1.604812e+14 8.884767e+32
1.617252e+14 9.021204e+32
1.629789e+14 9.159737e+32
1.642422e+14 9.300397e+32
1.655154e+14 9.443217e+32
1.667984e+14 9.588230e+32
1.680914e+14 9.735469e+32
1.693944e+14 9.884970e+32
1.707075e+14 1.003677e+33
1.720307e+14 1.019089e+33
1.733643e+14 1.034739e+33
1.747081e+14 1.050629e+33
1.760624e+14 1.066763e+33
1.774272e+14 1.083144e+33
1.788026e+14 1.099777e+33
1.801886e+14 1.116666e+33
1.815854e+14 1.133814e+33
1.829929e+14 1.151225e+33
1.844114e+14 1.168903e+33
1.858409e+14 1.186853e+33
1.872815e+14 1.205079e+33
1.887333e+14 1.223585e+33
1.901963e+14 1.242374e+33
1.916706e+14 1.261453e+33
1.931564e+14 1.280824e+33
1.946537e+14 1.300493e+33
1.961626e+14 1.320463e+33
1.976832e+14 1.340741e+33
1.992155e+14 1.361330e+33
2.007598e+14 1.382235e+33
2.023160e+14 1.403461e+33
2.038843e+14 1.425013e+33
2.054648e+14 1.446896e+33
2.070575e+14 1.469115e+33
2.086625e+14 1.491675e+33
2.102800e+14 1.514582e+33
2.119100e+14 1.537840e+33
2.135527e+14 1.561455e+33
2.152081e+14 1.585434e+33
2.168763e+14 1.609780e+33
2.185575e+14 1.634500e+33
2.202517e+14 1.659600e+33
2.219590e+14 1.685086e+33
2.236795e+14 1.710962e+33
2.254134e+14 1.737236e+33
2.271608e+14 1.763914e+33
2.289217e+14 1.791001e+33
2.306962e+14 1.818504e+33
2.324845e+14 1.846430e+33
2.342866e+14 1.874784e+33
2.361027e+14 1.903574e+33
2.379329e+14 1.932806e+33
2.397773e+14 1.962487e+33
2.416360e+14 1.992623e+33
2.435091e+14 2.023223e+33
2.453967e+14 2.054292e+33
2.472989e+14 2.085838e+33
2.492159e+14 2.117869e+33
2.511478e+14 2.150392e+33
2.530946e+14 2.183414e+33
2.550565e+14 2.216943e+33
2.570336e+14 2.250987e+33
2.590260e+14 2.285554e+33
2.610339e+14 2.320652e+33
2.630574e+14 2.356288e+33
2.650965e+14 2.392472e+33
2.671515e+14 2.429212e+33
2.692224e+14 2.466515e+33
2.713093e+14 2.504392e+33
2.734124e+14 2.542850e+33
2.755318e+14 2.581899e+33
2.776676e+14 2.621547e+33
2.798200e+14 2.661805e+33
2.819891e+14 2.702680e+33
2.841750e+14 2.744183e+33
2.863778e+14 2.786324e+33
2.885977e+14 2.829112e+33
2.908349e+14 2.872556e+33
2.930893e+14 2.916668e+33
