# epsilon [g/cm^3]   P [dyn/cm^2]
1.364583e+14 6.635172e+32
1.375161e+14 6.801090e+32
1.385821e+14 6.971157e+32
1.396563e+14 7.145476e+32
1.407389e+14 7.324155e+32
1.418299e+14 7.507301e+32
1.429293e+14 7.695028e+32
1.440372e+14 7.887448e+32
1.451538e+14 8.084681e+32
1.462789e+14 8.286845e+32
1.474129e+14 8.494064e+32
1.485556e+14 8.706466e+32
1.497071e+14 8.924178e+32
1.508676e+14 9.147335e+32
1.520371e+14 9.376071e+32
1.532156e+14 9.610528e+32
1.544033e+14 9.850847e+32
1.556002e+14 1.009718e+33
1.568063e+14 1.034966e+33
1.580219e+14 1.060847e+33
1.592468e+14 1.087374e+33
1.604812e+14 1.114565e+33
1.617252e+14 1.142435e+33
1.629789e+14 1.171003e+33
1.642422e+14 1.200285e+33
1.655154e+14 1.230299e+33
1.667984e+14 1.261063e+33
1.680914e+14 1.292597e+33
1.693944e+14 1.324920e+33
1.707075e+14 1.358051e+33
1.720307e+14 1.392010e+33
1.733643e+14 1.426818e+33
1.747081e+14 1.462497e+33
1.760624e+14 1.499068e+33
1.774272e+14 1.536553e+33
1.788026e+14 1.574976e+33
1.801886e+14 1.614360e+33
1.815854e+14 1.654728e+33
1.829929e+14 1.696106e+33
1.844114e+14 1.738519e+33
1.858409e+14 1.781992e+33
1.872815e+14 1.826552e+33
1.887333e+14 1.872226e+33
1.901963e+14 1.919043e+33
1.916706e+14 1.967030e+33
1.931564e+14 2.016217e+33
1.946537e+14 2.066635e+33
1.961626e+14 2.118313e+33
1.976832e+14 2.171283e+33
1.992155e+14 2.225578e+33
2.007598e+14 2.281230e+33
2.023160e+14 2.338274e+33
2.038843e+14 2.396745e+33
2.054648e+14 2.456677e+33
2.070575e+14 2.518108e+33
2.086625e+14 2.581076e+33
2.102800e+14 2.645618e+33
2.119100e+14 2.711774e+33
2.135527e+14 2.779584e+33
2.152081e+14 2.849090e+33
2.168763e+14 2.920333e+33
2.185575e+14 2.993359e+33
2.202517e+14 3.068210e+33
2.219590e+14 3.144933e+33
2.236795e+14 3.223575e+33
2.254134e+14 3.304183e+33
2.271608e+14 3.386807e+33
2.289217e+14 3.471497e+33
2.306962e+14 3.558305e+33
2.324845e+14 3.647283e+33
2.342866e+14 3.738487e+33
2.361027e+14 3.831971e+33
2.379329e+14 3.927792e+33
2.397773e+14 4.026010e+33
2.416360e+14 4.126684e+33
2.435091e+14 4.229875e+33
2.453967e+14 4.335646e+33
2.472989e+14 4.444063e+33
2.492159e+14 4.555190e+33
2.511478e+14 4.669097e+33
2.530946e+14 4.785851e+33
2.550565e+14 4.905526e+33
2.570336e+14 5.028192e+33
2.590260e+14 5.153926e+33
2.610339e+14 5.282805e+33
2.630574e+14 5.414906e+33
2.650965e+14 5.550310e+33
2.671515e+14 5.689100e+33
2.692224e+14 5.831361e+33
2.713093e+14 5.977179e+33
2.734124e+14 6.126643e+33
2.755318e+14 6.279845e+33
2.776676e+14 6.436878e+33
2.798200e+14 6.597837e+33
2.819891e+14 6.762822e+33
2.841750e+14 6.931932e+33
2.863778e+14 7.105270e+33
2.885977e+14 7.282944e+33
2.908349e+14 7.465060e+33
2.930893e+14 7.651730e+33
