# epsilon [g/cm^3]   P [dyn/cm^2]
1.364583e+14 6.519778e+32
1.375161e+14 6.643430e+32
1.385821e+14 6.769427e+32
1.396563e+14 6.897814e+32
1.407389e+14 7.028636e+32
1.418299e+14 7.161939e+32
1.429293e+14 7.297771e+32
1.440372e+14 7.436178e+32
1.451538e+14 7.577211e+32
1.462789e+14 7.720918e+32
1.474129e+14 7.867350e+32
1.485556e+14 8.016560e+32
1.497071e+14 8.168600e+32
1.508676e+14 8.323523e+32
1.520371e+14 8.481385e+32
1.532156e+14 8.642241e+32
1.544033e+14 8.806147e+32
1.556002e+14 8.973162e+32
1.568063e+14 9.143344e+32
1.580219e+14 9.316754e+32
1.592468e+14 9.493453e+32
1.604812e+14 9.673503e+32
1.617252e+14 9.856968e+32
1.629789e+14 1.004391e+33
1.642422e+14 1.023440e+33
1.655154e+14 1.042851e+33
1.667984e+14 1.062629e+33
1.680914e+14 1.082782e+33
1.693944e+14 1.103318e+33
1.707075e+14 1.124243e+33
1.720307e+14 1.145565e+33
1.733643e+14 1.167292e+33
1.747081e+14 1.189430e+33
1.760624e+14 1.211989e+33
1.774272e+14 1.234975e+33
1.788026e+14 1.258397e+33
1.801886e+14 1.282264e+33
1.815854e+14 1.306583e+33
1.829929e+14 1.331363e+33
1.844114e+14 1.356613e+33
1.858409e+14 1.382342e+33
1.872815e+14 1.408559e+33
1.887333e+14 1.435274e+33
1.901963e+14 1.462495e+33
1.916706e+14 1.490232e+33
1.931564e+14 1.518495e+33
1.946537e+14 1.547295e+33
1.961626e+14 1.576640e+33
1.976832e+14 1.606542e+33
1.992155e+14 1.637012e+33
2.007598e+14 1.668059e+33
2.023160e+14 1.699695e+33
2.038843e+14 1.731931e+33
2.054648e+14 1.764778e+33
2.070575e+14 1.798248e+33
2.086625e+14 1.832353e+33
2.102800e+14 1.867105e+33
2.119100e+14 1.902516e+33
2.135527e+14 1.938599e+33
2.152081e+14 1.975365e+33
2.168763e+14 2.012830e+33
2.185575e+14 2.051004e+33
2.202517e+14 2.089903e+33
2.219590e+14 2.129540e+33
2.236795e+14 2.169928e+33
2.254134e+14 2.211082e+33
2.271608e+14 2.253017e+33
2.289217e+14 2.295747e+33
2.306962e+14 2.339287e+33
2.324845e+14 2.383654e+33
2.342866e+14 2.428861e+33
2.361027e+14 2.474926e+33
2.379329e+14 2.521865e+33
2.397773e+14 2.569694e+33
2.416360e+14 2.618430e+33
2.435091e+14 2.668091e+33
2.453967e+14 2.718693e+33
2.472989e+14 2.770255e+33
2.492159e+14 2.822795e+33
2.511478e+14 2.876331e+33
2.530946e+14 2.930883e+33
2.550565e+14 2.986469e+33
2.570336e+14 3.043110e+33
2.590260e+14 3.100824e+33
2.610339e+14 3.159634e+33
2.630574e+14 3.219558e+33
2.650965e+14 3.280620e+33
2.671515e+14 3.342839e+33
2.692224e+14 3.406238e+33
2.713093e+14 3.470840e+33
2.734124e+14 3.536667e+33
2.755318e+14 3.603742e+33
2.776676e+14 3.672090e+33
2.798200e+14 3.741734e+33
2.819891e+14 3.812698e+33
2.841750e+14 3.885009e+33
2.863778e+14 3.958691e+33
2.885977e+14 4.033770e+33
2.908349e+14 4.110273e+33
2.930893e+14 4.188228e+33
