# epsilon [g/cm^3]   P [dyn/cm^2]
1.364583e+14 6.592305e+32
1.375161e+14 6.742413e+32
1.385821e+14 6.895939e+32
1.396563e+14 7.052962e+32
1.407389e+14 7.213559e+32
1.418299e+14 7.377814e+32
1.429293e+14 7.545808e+32
1.440372e+14 7.717628e+32
1.451538e+14 7.893360e+32
1.462789e+14 8.073094e+32
1.474129e+14 8.256920e+32
1.485556e+14 8.444932e+32
1.497071e+14 8.637225e+32
1.508676e+14 8.833896e+32
1.520371e+14 9.035046e+32
1.532156e+14 9.240776e+32
1.544033e+14 9.451191e+32
1.556002e+14 9.666397e+32
1.568063e+14 9.886503e+32
1.580219e+14 1.011162e+33
1.592468e+14 1.034186e+33
1.604812e+14 1.057735e+33
1.617252e+14 1.081820e+33
1.629789e+14 1.106453e+33
1.642422e+14 1.131647e+33
1.655154e+14 1.157415e+33
1.667984e+14 1.183770e+33
1.680914e+14 1.210725e+33
1.693944e+14 1.238293e+33
1.707075e+14 1.266489e+33
1.720307e+14 1.295328e+33
1.733643e+14 1.324823e+33
1.747081e+14 1.354989e+33
1.760624e+14 1.385842e+33
1.774272e+14 1.417398e+33
1.788026e+14 1.449673e+33
1.801886e+14 1.482682e+33
1.815854e+14 1.516443e+33
1.829929e+14 1.550973e+33
1.844114e+14 1.586289e+33
1.858409e+14 1.622409e+33
1.872815e+14 1.659352e+33
1.887333e+14 1.697136e+33
1.901963e+14 1.735780e+33
1.916706e+14 1.775304e+33
1.931564e+14 1.815728e+33
1.946537e+14 1.857073e+33
1.961626e+14 1.899359e+33
1.976832e+14 1.942607e+33
1.992155e+14 1.986841e+33
2.007598e+14 2.032082e+33
2.023160e+14 2.078353e+33
2.038843e+14 2.125677e+33
2.054648e+14 2.174080e+33
2.070575e+14 2.223584e+33
2.086625e+14 2.274215e+33
2.102800e+14 2.326000e+33
2.119100e+14 2.378963e+33
2.135527e+14 2.433133e+33
2.152081e+14 2.488536e+33
2.168763e+14 2.545200e+33
2.185575e+14 2.603155e+33
2.202517e+14 2.662430e+33
2.219590e+14 2.723054e+33
2.236795e+14 2.785058e+33
2.254134e+14 2.848475e+33
2.271608e+14 2.913335e+33
2.289217e+14 2.979672e+33
2.306962e+14 3.047520e+33
2.324845e+14 3.116913e+33
2.342866e+14 3.187886e+33
2.361027e+14 3.260475e+33
2.379329e+14 3.334716e+33
2.397773e+14 3.410649e+33
2.416360e+14 3.488310e+33
2.435091e+14 3.567740e+33
2.453967e+14 3.648978e+33
2.472989e+14 3.732066e+33
2.492159e+14 3.817046e+33
2.511478e+14 3.903961e+33
2.530946e+14 3.992855e+33
2.550565e+14 4.083773e+33
2.570336e+14 4.176762e+33
2.590260e+14 4.271867e+33
2.610339e+14 4.369139e+33
2.630574e+14 4.468625e+33
2.650965e+14 4.570377e+33
2.671515e+14 4.674445e+33
2.692224e+14 4.780883e+33
2.713093e+14 4.889745e+33
2.734124e+14 5.001086e+33
2.755318e+14 5.114962e+33
2.776676e+14 5.231431e+33
2.798200e+14 5.350551e+33
2.819891e+14 5.472385e+33
2.841750e+14 5.596992e+33
2.863778e+14 5.724437e+33
2.885977e+14 5.854784e+33
2.908349e+14 5.988098e+33
2.930893e+14 6.124449e+33
