# epsilon [g/cm^3]   P [dyn/cm^2]
1.364583e+14 6.561915e+32
1.375161e+14 6.700893e+32
1.385821e+14 6.842814e+32
1.396563e+14 6.987741e+32
1.407389e+14 7.135738e+32
1.418299e+14 7.286869e+32
1.429293e+14 7.441201e+32
1.440372e+14 7.598802e+32
1.451538e+14 7.759741e+32
1.462789e+14 7.924088e+32
1.474129e+14 8.091916e+32
1.485556e+14 8.263298e+32
1.497071e+14 8.438311e+32
1.508676e+14 8.617030e+32
1.520371e+14 8.799534e+32
1.532156e+14 8.985903e+32
1.544033e+14 9.176220e+32
1.556002e+14 9.370567e+32
1.568063e+14 9.569031e+32
1.580219e+14 9.771698e+32
1.592468e+14 9.978657e+32
1.604812e+14 1.019000e+33
1.617252e+14 1.040582e+33
1.629789e+14 1.062621e+33
1.642422e+14 1.085127e+33
1.655154e+14 1.108109e+33
1.667984e+14 1.131578e+33
1.680914e+14 1.155544e+33
1.693944e+14 1.180018e+33
1.707075e+14 1.205010e+33
1.720307e+14 1.230532e+33
1.733643e+14 1.256594e+33
1.747081e+14 1.283208e+33
1.760624e+14 1.310386e+33
1.774272e+14 1.338139e+33
1.788026e+14 1.366480e+33
1.801886e+14 1.395421e+33
1.815854e+14 1.424976e+33
1.829929e+14 1.455156e+33
1.844114e+14 1.485975e+33
1.858409e+14 1.517447e+33
1.872815e+14 1.549586e+33
1.887333e+14 1.582406e+33
1.901963e+14 1.615920e+33
1.916706e+14 1.650144e+33
1.931564e+14 1.685094e+33
1.946537e+14 1.720783e+33
1.961626e+14 1.757228e+33
1.976832e+14 1.794445e+33
1.992155e+14 1.832451e+33
2.007598e+14 1.871261e+33
2.023160e+14 1.910893e+33
2.038843e+14 1.951365e+33
2.054648e+14 1.992694e+33
2.070575e+14 2.034898e+33
2.086625e+14 2.077996e+33
2.102800e+14 2.122007e+33
2.119100e+14 2.166950e+33
2.135527e+14 2.212845e+33
2.152081e+14 2.259712e+33
2.168763e+14 2.307571e+33
2.185575e+14 2.356445e+33
2.202517e+14 2.406353e+33
2.219590e+14 2.457318e+33
2.236795e+14 2.509363e+33
2.254134e+14 2.562510e+33
2.271608e+14 2.616782e+33
2.289217e+14 2.672205e+33
2.306962e+14 2.728800e+33
2.324845e+14 2.786595e+33
2.342866e+14 2.845614e+33
2.361027e+14 2.905882e+33
2.379329e+14 2.967427e+33
2.397773e+14 3.030276e+33
2.416360e+14 3.094455e+33
2.435091e+14 3.159994e+33
2.453967e+14 3.226921e+33
2.472989e+14 3.295266e+33
2.492159e+14 3.365058e+33
2.511478e+14 3.436328e+33
2.530946e+14 3.509108e+33
2.550565e+14 3.583429e+33
2.570336e+14 3.659324e+33
2.590260e+14 3.736826e+33
2.610339e+14 3.815970e+33
2.630574e+14 3.896791e+33
2.650965e+14 3.979323e+33
2.671515e+14 4.063603e+33
2.692224e+14 4.149667e+33
2.713093e+14 4.237555e+33
2.734124e+14 4.327304e+33
2.755318e+14 4.418954e+33
2.776676e+14 4.512546e+33
2.798200e+14 4.608119e+33
2.819891e+14 4.705716e+33
2.841750e+14 4.805381e+33
2.863778e+14 4.907156e+33
2.885977e+14 5.011087e+33
2.908349e+14 5.117220e+33
2.930893e+14 5.225600e+33
