# epsilon [g/cm^3]   P [dyn/cm^2]
1.364583e+14 6.446309e+32
1.375161e+14 6.543540e+32
1.385821e+14 6.642237e+32
1.396563e+14 6.742422e+32
1.407389e+14 6.844119e+32
1.418299e+14 6.947349e+32
1.429293e+14 7.052137e+32
1.440372e+14 7.158505e+32
1.451538e+14 7.266477e+32
1.462789e+14 7.376078e+32
1.474129e+14 7.487332e+32
1.485556e+14 7.600265e+32
1.497071e+14 7.714900e+32
1.508676e+14 7.831265e+32
1.520371e+14 7.949385e+32
1.532156e+14 8.069286e+32
1.544033e+14 8.190996e+32
1.556002e+14 8.314541e+32
1.568063e+14 8.439950e+32
1.580219e+14 8.567251e+32
1.592468e+14 8.696472e+32
1.604812e+14 8.827641e+32
1.617252e+14 8.960790e+32
1.629789e+14 9.095946e+32
1.642422e+14 9.233141e+32
1.655154e+14 9.372406e+32
1.667984e+14 9.513771e+32
1.680914e+14 9.657268e+32
1.693944e+14 9.802929e+32
1.707075e+14 9.950788e+32
1.720307e+14 1.010088e+33
1.733643e+14 1.025323e+33
1.747081e+14 1.040788e+33
1.760624e+14 1.056486e+33
1.774272e+14 1.072421e+33
1.788026e+14 1.088597e+33
1.801886e+14 1.105016e+33
1.815854e+14 1.121683e+33
1.829929e+14 1.138602e+33
1.844114e+14 1.155775e+33
1.858409e+14 1.173208e+33
1.872815e+14 1.190904e+33
1.887333e+14 1.208866e+33
1.901963e+14 1.227100e+33
1.916706e+14 1.245608e+33
1.931564e+14 1.264396e+33
1.946537e+14 1.283467e+33
1.961626e+14 1.302825e+33
1.976832e+14 1.322476e+33
1.992155e+14 1.342423e+33
2.007598e+14 1.362671e+33
2.023160e+14 1.383224e+33
2.038843e+14 1.404088e+33
2.054648e+14 1.425266e+33
2.070575e+14 1.446763e+33
2.086625e+14 1.468585e+33
2.102800e+14 1.490735e+33
2.119100e+14 1.513220e+33
2.135527e+14 1.536044e+33
2.152081e+14 1.559213e+33
2.168763e+14 1.582731e+33
2.185575e+14 1.606603e+33
2.202517e+14 1.630836e+33
2.219590e+14 1.655434e+33
2.236795e+14 1.680403e+33
2.254134e+14 1.705748e+33
2.271608e+14 1.731476e+33
2.289217e+14 1.757592e+33
2.306962e+14 1.784102e+33
2.324845e+14 1.811012e+33
2.342866e+14 1.838328e+33
2.361027e+14 1.866055e+33
2.379329e+14 1.894201e+33
2.397773e+14 1.922772e+33
2.416360e+14 1.951773e+33
2.435091e+14 1.981212e+33
2.453967e+14 2.011095e+33
2.472989e+14 2.041428e+33
2.492159e+14 2.072219e+33
2.511478e+14 2.103475e+33
2.530946e+14 2.135202e+33
2.550565e+14 2.167407e+33
2.570336e+14 2.200098e+33
2.590260e+14 2.233283e+33
2.610339e+14 2.266968e+33
2.630574e+14 2.301161e+33
2.650965e+14 2.335869e+33
2.671515e+14 2.371101e+33
2.692224e+14 2.406865e+33
2.713093e+14 2.443168e+33
2.734124e+14 2.480018e+33
2.755318e+14 2.517425e+33
2.776676e+14 2.555395e+33
2.798200e+14 2.593939e+33
2.819891e+14 2.633063e+33
2.841750e+14 2.672778e+33
2.863778e+14 2.713092e+33
2.885977e+14 2.754014e+33
2.908349e+14 2.795553e+33
2.930893e+14 2.837718e+33
