# epsilon [g/cm^3]   P [dyn/cm^2]
1.364583e+14 6.600868e+32
1.375161e+14 6.754124e+32
1.385821e+14 6.910938e+32
1.396563e+14 7.071393e+32
1.407389e+14 7.235574e+32
1.418299e+14 7.403566e+32
1.429293e+14 7.575459e+32
1.440372e+14 7.751343e+32
1.451538e+14 7.931310e+32
1.462789e+14 8.115456e+32
1.474129e+14 8.303877e+32
1.485556e+14 8.496673e+32
1.497071e+14 8.693945e+32
1.508676e+14 8.895797e+32
1.520371e+14 9.102336e+32
1.532156e+14 9.313670e+32
1.544033e+14 9.529910e+32
1.556002e+14 9.751172e+32
1.568063e+14 9.977570e+32
1.580219e+14 1.020923e+33
1.592468e+14 1.044626e+33
1.604812e+14 1.068880e+33
1.617252e+14 1.093696e+33
1.629789e+14 1.119089e+33
1.642422e+14 1.145072e+33
1.655154e+14 1.171658e+33
1.667984e+14 1.198861e+33
1.680914e+14 1.226695e+33
1.693944e+14 1.255176e+33
1.707075e+14 1.284318e+33
1.720307e+14 1.314137e+33
1.733643e+14 1.344648e+33
1.747081e+14 1.375867e+33
1.760624e+14 1.407812e+33
1.774272e+14 1.440498e+33
1.788026e+14 1.473943e+33
1.801886e+14 1.508164e+33
1.815854e+14 1.543180e+33
1.829929e+14 1.579009e+33
1.844114e+14 1.615669e+33
1.858409e+14 1.653181e+33
1.872815e+14 1.691564e+33
1.887333e+14 1.730838e+33
1.901963e+14 1.771024e+33
1.916706e+14 1.812143e+33
1.931564e+14 1.854217e+33
1.946537e+14 1.897267e+33
1.961626e+14 1.941317e+33
1.976832e+14 1.986389e+33
1.992155e+14 2.032509e+33
2.007598e+14 2.079699e+33
2.023160e+14 2.127984e+33
2.038843e+14 2.177391e+33
2.054648e+14 2.227944e+33
2.070575e+14 2.279672e+33
2.086625e+14 2.332600e+33
2.102800e+14 2.386758e+33
2.119100e+14 2.442172e+33
2.135527e+14 2.498874e+33
2.152081e+14 2.556891e+33
2.168763e+14 2.616256e+33
2.185575e+14 2.676999e+33
2.202517e+14 2.739153e+33
2.219590e+14 2.802749e+33
2.236795e+14 2.867822e+33
2.254134e+14 2.934406e+33
2.271608e+14 3.002536e+33
2.289217e+14 3.072247e+33
2.306962e+14 3.143577e+33
2.324845e+14 3.216564e+33
2.342866e+14 3.291244e+33
2.361027e+14 3.367659e+33
2.379329e+14 3.445848e+33
2.397773e+14 3.525852e+33
2.416360e+14 3.607714e+33
2.435091e+14 3.691476e+33
2.453967e+14 3.777183e+33
2.472989e+14 3.864880e+33
2.492159e+14 3.954613e+33
2.511478e+14 4.046430e+33
2.530946e+14 4.140378e+33
2.550565e+14 4.236508e+33
2.570336e+14 4.334869e+33
2.590260e+14 4.435514e+33
2.610339e+14 4.538496e+33
2.630574e+14 4.643869e+33
2.650965e+14 4.751688e+33
2.671515e+14 4.862011e+33
2.692224e+14 4.974895e+33
2.713093e+14 5.090400e+33
2.734124e+14 5.208586e+33
2.755318e+14 5.329517e+33
2.776676e+14 5.453255e+33
2.798200e+14 5.579867e+33
2.819891e+14 5.709418e+33
2.841750e+14 5.841976e+33
2.863778e+14 5.977613e+33
2.885977e+14 6.116399e+33
2.908349e+14 6.258406e+33
2.930893e+14 6.403711e+33
