# epsilon [g/cm^3]   P [dyn/cm^2]
1.364583e+14 6.423651e+32
1.375161e+14 6.512809e+32
1.385821e+14 6.603205e+32
1.396563e+14 6.694856e+32
1.407389e+14 6.787779e+32
1.418299e+14 6.881991e+32
1.429293e+14 6.977511e+32
1.440372e+14 7.074357e+32
1.451538e+14 7.172547e+32
1.462789e+14 7.272100e+32
1.474129e+14 7.373035e+32
1.485556e+14 7.475371e+32
1.497071e+14 7.579127e+32
1.508676e+14 7.684323e+32
1.520371e+14 7.790979e+32
1.532156e+14 7.899116e+32
1.544033e+14 8.008754e+32
1.556002e+14 8.119913e+32
1.568063e+14 8.232615e+32
1.580219e+14 8.346882e+32
1.592468e+14 8.462734e+32
1.604812e+14 8.580195e+32
1.617252e+14 8.699285e+32
1.629789e+14 8.820029e+32
1.642422e+14 8.942449e+32
1.655154e+14 9.066567e+32
1.667984e+14 9.192409e+32
1.680914e+14 9.319997e+32
1.693944e+14 9.449356e+32
1.707075e+14 9.580510e+32
1.720307e+14 9.713485e+32
1.733643e+14 9.848306e+32
1.747081e+14 9.984998e+32
1.760624e+14 1.012359e+33
1.774272e+14 1.026410e+33
1.788026e+14 1.040656e+33
1.801886e+14 1.055100e+33
1.815854e+14 1.069745e+33
1.829929e+14 1.084593e+33
1.844114e+14 1.099646e+33
1.858409e+14 1.114909e+33
1.872815e+14 1.130384e+33
1.887333e+14 1.146073e+33
1.901963e+14 1.161980e+33
1.916706e+14 1.178108e+33
1.931564e+14 1.194460e+33
1.946537e+14 1.211039e+33
1.961626e+14 1.227848e+33
1.976832e+14 1.244890e+33
1.992155e+14 1.262169e+33
2.007598e+14 1.279687e+33
2.023160e+14 1.297449e+33
2.038843e+14 1.315457e+33
2.054648e+14 1.333715e+33
2.070575e+14 1.352227e+33
2.086625e+14 1.370996e+33
2.102800e+14 1.390025e+33
2.119100e+14 1.409318e+33
2.135527e+14 1.428879e+33
2.152081e+14 1.448711e+33
2.168763e+14 1.468819e+33
2.185575e+14 1.489206e+33
2.202517e+14 1.509876e+33
2.219590e+14 1.530832e+33
2.236795e+14 1.552080e+33
2.254134e+14 1.573622e+33
2.271608e+14 1.595464e+33
2.289217e+14 1.617608e+33
2.306962e+14 1.640060e+33
2.324845e+14 1.662824e+33
2.342866e+14 1.685903e+33
2.361027e+14 1.709303e+33
2.379329e+14 1.733028e+33
2.397773e+14 1.757082e+33
2.416360e+14 1.781470e+33
2.435091e+14 1.806196e+33
2.453967e+14 1.831265e+33
2.472989e+14 1.856683e+33
2.492159e+14 1.882453e+33
2.511478e+14 1.908581e+33
2.530946e+14 1.935072e+33
2.550565e+14 1.961930e+33
2.570336e+14 1.989161e+33
2.590260e+14 2.016770e+33
2.610339e+14 2.044762e+33
2.630574e+14 2.073143e+33
2.650965e+14 2.101918e+33
2.671515e+14 2.131092e+33
2.692224e+14 2.160671e+33
2.713093e+14 2.190660e+33
2.734124e+14 2.221066e+33
2.755318e+14 2.251894e+33
2.776676e+14 2.283149e+33
2.798200e+14 2.314839e+33
2.819891e+14 2.346968e+33
2.841750e+14 2.379543e+33
2.863778e+14 2.412571e+33
2.885977e+14 2.446057e+33
2.908349e+14 2.480007e+33
2.930893e+14 2.514429e+33
