# epsilon [g/cm^3]   P [dyn/cm^2]
1.364583e+14 6.486115e+32
1.375161e+14 6.597614e+32
1.385821e+14 6.711029e+32
1.396563e+14 6.826394e+32
1.407389e+14 6.943742e+32
1.418299e+14 7.063107e+32
1.429293e+14 7.184525e+32
1.440372e+14 7.308029e+32
1.451538e+14 7.433657e+32
1.462789e+14 7.561444e+32
1.474129e+14 7.691428e+32
1.485556e+14 7.823646e+32
1.497071e+14 7.958138e+32
1.508676e+14 8.094941e+32
1.520371e+14 8.234096e+32
1.532156e+14 8.375643e+32
1.544033e+14 8.519623e+32
1.556002e+14 8.666078e+32
1.568063e+14 8.815051e+32
1.580219e+14 8.966585e+32
1.592468e+14 9.120724e+32
1.604812e+14 9.277512e+32
1.617252e+14 9.436996e+32
1.629789e+14 9.599221e+32
1.642422e+14 9.764235e+32
1.655154e+14 9.932086e+32
1.667984e+14 1.010282e+33
1.680914e+14 1.027649e+33
1.693944e+14 1.045315e+33
1.707075e+14 1.063284e+33
1.720307e+14 1.081563e+33
1.733643e+14 1.100155e+33
1.747081e+14 1.119067e+33
1.760624e+14 1.138304e+33
1.774272e+14 1.157872e+33
1.788026e+14 1.177776e+33
1.801886e+14 1.198023e+33
1.815854e+14 1.218617e+33
1.829929e+14 1.239566e+33
1.844114e+14 1.260874e+33
1.858409e+14 1.282549e+33
1.872815e+14 1.304596e+33
1.887333e+14 1.327023e+33
1.901963e+14 1.349835e+33
1.916706e+14 1.373039e+33
1.931564e+14 1.396642e+33
1.946537e+14 1.420651e+33
1.961626e+14 1.445072e+33
1.976832e+14 1.469914e+33
1.992155e+14 1.495182e+33
2.007598e+14 1.520885e+33
2.023160e+14 1.547029e+33
2.038843e+14 1.573623e+33
2.054648e+14 1.600674e+33
2.070575e+14 1.628190e+33
2.086625e+14 1.656180e+33
2.102800e+14 1.684650e+33
2.119100e+14 1.713610e+33
2.135527e+14 1.743067e+33
2.152081e+14 1.773031e+33
2.168763e+14 1.803510e+33
2.185575e+14 1.834513e+33
2.202517e+14 1.866049e+33
2.219590e+14 1.898127e+33
2.236795e+14 1.930757e+33
2.254134e+14 1.963947e+33
2.271608e+14 1.997708e+33
2.289217e+14 2.032049e+33
2.306962e+14 2.066981e+33
2.324845e+14 2.102513e+33
2.342866e+14 2.138656e+33
2.361027e+14 2.175420e+33
2.379329e+14 2.212816e+33
2.397773e+14 2.250855e+33
2.416360e+14 2.289548e+33
2.435091e+14 2.328907e+33
2.453967e+14 2.368941e+33
2.472989e+14 2.409664e+33
2.492159e+14 2.451087e+33
2.511478e+14 2.493222e+33
2.530946e+14 2.536082e+33
2.550565e+14 2.579678e+33
2.570336e+14 2.624023e+33
2.590260e+14 2.669131e+33
2.610339e+14 2.715015e+33
2.630574e+14 2.761687e+33
2.650965e+14 2.809161e+33
2.671515e+14 2.857451e+33
2.692224e+14 2.906572e+33
2.713093e+14 2.956537e+33
2.734124e+14 3.007361e+33
2.755318e+14 3.059059e+33
2.776676e+14 3.111645e+33
2.798200e+14 3.165135e+33
2.819891e+14 3.219545e+33
2.841750e+14 3.274890e+33
2.863778e+14 3.331187e+33
2.885977e+14 3.388451e+33
2.908349e+14 3.446699e+33
2.930893e+14 3.505949e+33
