# epsilon [g/cm^3]   P [dyn/cm^2]
1.364583e+14 6.584861e+32
1.375161e+14 6.732237e+32
1.385821e+14 6.882912e+32
1.396563e+14 7.036959e+32
1.407389e+14 7.194453e+32
1.418299e+14 7.355472e+32
1.429293e+14 7.520096e+32
1.440372e+14 7.688403e+32
1.451538e+14 7.860478e+32
1.462789e+14 8.036403e+32
1.474129e+14 8.216266e+32
1.485556e+14 8.400155e+32
1.497071e+14 8.588159e+32
1.508676e+14 8.780371e+32
1.520371e+14 8.976885e+32
1.532156e+14 9.177797e+32
1.544033e+14 9.383206e+32
1.556002e+14 9.593212e+32
1.568063e+14 9.807918e+32
1.580219e+14 1.002743e+33
1.592468e+14 1.025185e+33
1.604812e+14 1.048130e+33
1.617252e+14 1.071588e+33
1.629789e+14 1.095572e+33
1.642422e+14 1.120092e+33
1.655154e+14 1.145160e+33
1.667984e+14 1.170790e+33
1.680914e+14 1.196994e+33
1.693944e+14 1.223784e+33
1.707075e+14 1.251173e+33
1.720307e+14 1.279176e+33
1.733643e+14 1.307805e+33
1.747081e+14 1.337075e+33
1.760624e+14 1.367000e+33
1.774272e+14 1.397595e+33
1.788026e+14 1.428875e+33
1.801886e+14 1.460855e+33
1.815854e+14 1.493550e+33
1.829929e+14 1.526977e+33
1.844114e+14 1.561153e+33
1.858409e+14 1.596093e+33
1.872815e+14 1.631815e+33
1.887333e+14 1.668337e+33
1.901963e+14 1.705676e+33
1.916706e+14 1.743851e+33
1.931564e+14 1.782880e+33
1.946537e+14 1.822783e+33
1.961626e+14 1.863578e+33
1.976832e+14 1.905287e+33
1.992155e+14 1.947930e+33
2.007598e+14 1.991526e+33
2.023160e+14 2.036099e+33
2.038843e+14 2.081669e+33
2.054648e+14 2.128259e+33
2.070575e+14 2.175891e+33
2.086625e+14 2.224590e+33
2.102800e+14 2.274379e+33
2.119100e+14 2.325282e+33
2.135527e+14 2.377324e+33
2.152081e+14 2.430531e+33
2.168763e+14 2.484929e+33
2.185575e+14 2.540544e+33
2.202517e+14 2.597404e+33
2.219590e+14 2.655537e+33
2.236795e+14 2.714970e+33
2.254134e+14 2.775734e+33
2.271608e+14 2.837858e+33
2.289217e+14 2.901372e+33
2.306962e+14 2.966308e+33
2.324845e+14 3.032697e+33
2.342866e+14 3.100572e+33
2.361027e+14 3.169966e+33
2.379329e+14 3.240913e+33
2.397773e+14 3.313448e+33
2.416360e+14 3.387607e+33
2.435091e+14 3.463425e+33
2.453967e+14 3.540940e+33
2.472989e+14 3.620190e+33
2.492159e+14 3.701213e+33
2.511478e+14 3.784050e+33
2.530946e+14 3.868741e+33
2.550565e+14 3.955328e+33
2.570336e+14 4.043852e+33
2.590260e+14 4.134358e+33
2.610339e+14 4.226889e+33
2.630574e+14 4.321491e+33
2.650965e+14 4.418211e+33
2.671515e+14 4.517095e+33
2.692224e+14 4.618192e+33
2.713093e+14 4.721552e+33
2.734124e+14 4.827226e+33
2.755318e+14 4.935264e+33
2.776676e+14 5.045720e+33
2.798200e+14 5.158649e+33
2.819891e+14 5.274105e+33
2.841750e+14 5.392145e+33
2.863778e+14 5.512826e+33
2.885977e+14 5.636209e+33
2.908349e+14 5.762353e+33
2.930893e+14 5.891321e+33
