# epsilon [g/cm^3]   P [dyn/cm^2]
1.364583e+14 6.624897e+32
1.375161e+14 6.787014e+32
1.385821e+14 6.953098e+32
1.396563e+14 7.123246e+32
1.407389e+14 7.297558e+32
1.418299e+14 7.476136e+32
1.429293e+14 7.659083e+32
1.440372e+14 7.846507e+32
1.451538e+14 8.038518e+32
1.462789e+14 8.235227e+32
1.474129e+14 8.436751e+32
1.485556e+14 8.643205e+32
1.497071e+14 8.854712e+32
1.508676e+14 9.071394e+32
1.520371e+14 9.293379e+32
1.532156e+14 9.520796e+32
1.544033e+14 9.753778e+32
1.556002e+14 9.992461e+32
1.568063e+14 1.023699e+33
1.580219e+14 1.048749e+33
1.592468e+14 1.074413e+33
1.604812e+14 1.100705e+33
1.617252e+14 1.127640e+33
1.629789e+14 1.155234e+33
1.642422e+14 1.183504e+33
1.655154e+14 1.212465e+33
1.667984e+14 1.242135e+33
1.680914e+14 1.272532e+33
1.693944e+14 1.303671e+33
1.707075e+14 1.335573e+33
1.720307e+14 1.368256e+33
1.733643e+14 1.401738e+33
1.747081e+14 1.436040e+33
1.760624e+14 1.471181e+33
1.774272e+14 1.507182e+33
1.788026e+14 1.544064e+33
1.801886e+14 1.581849e+33
1.815854e+14 1.620558e+33
1.829929e+14 1.660215e+33
1.844114e+14 1.700841e+33
1.858409e+14 1.742463e+33
1.872815e+14 1.785102e+33
1.887333e+14 1.828785e+33
1.901963e+14 1.873537e+33
1.916706e+14 1.919384e+33
1.931564e+14 1.966353e+33
1.946537e+14 2.014471e+33
1.961626e+14 2.063767e+33
1.976832e+14 2.114269e+33
1.992155e+14 2.166007e+33
2.007598e+14 2.219011e+33
2.023160e+14 2.273312e+33
2.038843e+14 2.328942e+33
2.054648e+14 2.385934e+33
2.070575e+14 2.444319e+33
2.086625e+14 2.504134e+33
2.102800e+14 2.565412e+33
2.119100e+14 2.628190e+33
2.135527e+14 2.692504e+33
2.152081e+14 2.758392e+33
2.168763e+14 2.825892e+33
2.185575e+14 2.895044e+33
2.202517e+14 2.965889e+33
2.219590e+14 3.038466e+33
2.236795e+14 3.112820e+33
2.254134e+14 3.188994e+33
2.271608e+14 3.267031e+33
2.289217e+14 3.346978e+33
2.306962e+14 3.428881e+33
2.324845e+14 3.512789e+33
2.342866e+14 3.598750e+33
2.361027e+14 3.686815e+33
2.379329e+14 3.777034e+33
2.397773e+14 3.869461e+33
2.416360e+14 3.964150e+33
2.435091e+14 4.061157e+33
2.453967e+14 4.160537e+33
2.472989e+14 4.262348e+33
2.492159e+14 4.366652e+33
2.511478e+14 4.473507e+33
2.530946e+14 4.582978e+33
2.550565e+14 4.695127e+33
2.570336e+14 4.810021e+33
2.590260e+14 4.927726e+33
2.610339e+14 5.048312e+33
2.630574e+14 5.171849e+33
2.650965e+14 5.298408e+33
2.671515e+14 5.428065e+33
2.692224e+14 5.560894e+33
2.713093e+14 5.696974e+33
2.734124e+14 5.836384e+33
2.755318e+14 5.979205e+33
2.776676e+14 6.125521e+33
2.798200e+14 6.275418e+33
2.819891e+14 6.428983e+33
2.841750e+14 6.586306e+33
2.863778e+14 6.747478e+33
2.885977e+14 6.912595e+33
2.908349e+14 7.081752e+33
2.930893e+14 7.255049e+33
