# epsilon [g/cm^3]   P [dyn/cm^2]
1.364583e+14 6.543433e+32
1.375161e+14 6.675673e+32
1.385821e+14 6.810586e+32
1.396563e+14 6.948226e+32
1.407389e+14 7.088647e+32
1.418299e+14 7.231906e+32
1.429293e+14 7.378061e+32
1.440372e+14 7.527169e+32
1.451538e+14 7.679290e+32
1.462789e+14 7.834486e+32
1.474129e+14 7.992818e+32
1.485556e+14 8.154350e+32
1.497071e+14 8.319147e+32
1.508676e+14 8.487274e+32
1.520371e+14 8.658799e+32
1.532156e+14 8.833790e+32
1.544033e+14 9.012318e+32
1.556002e+14 9.194453e+32
1.568063e+14 9.380270e+32
1.580219e+14 9.569842e+32
1.592468e+14 9.763245e+32
1.604812e+14 9.960557e+32
1.617252e+14 1.016186e+33
1.629789e+14 1.036722e+33
1.642422e+14 1.057674e+33
1.655154e+14 1.079049e+33
1.667984e+14 1.100857e+33
1.680914e+14 1.123105e+33
1.693944e+14 1.145802e+33
1.707075e+14 1.168958e+33
1.720307e+14 1.192583e+33
1.733643e+14 1.216684e+33
1.747081e+14 1.241273e+33
1.760624e+14 1.266359e+33
1.774272e+14 1.291951e+33
1.788026e+14 1.318061e+33
1.801886e+14 1.344699e+33
1.815854e+14 1.371875e+33
1.829929e+14 1.399600e+33
1.844114e+14 1.427885e+33
1.858409e+14 1.456742e+33
1.872815e+14 1.486183e+33
1.887333e+14 1.516218e+33
1.901963e+14 1.546860e+33
1.916706e+14 1.578122e+33
1.931564e+14 1.610015e+33
1.946537e+14 1.642553e+33
1.961626e+14 1.675748e+33
1.976832e+14 1.709614e+33
1.992155e+14 1.744165e+33
2.007598e+14 1.779414e+33
2.023160e+14 1.815375e+33
2.038843e+14 1.852063e+33
2.054648e+14 1.889493e+33
2.070575e+14 1.927679e+33
2.086625e+14 1.966637e+33
2.102800e+14 2.006382e+33
2.119100e+14 2.046930e+33
2.135527e+14 2.088298e+33
2.152081e+14 2.130502e+33
2.168763e+14 2.173558e+33
2.185575e+14 2.217485e+33
2.202517e+14 2.262300e+33
2.219590e+14 2.308020e+33
2.236795e+14 2.354664e+33
2.254134e+14 2.402251e+33
2.271608e+14 2.450800e+33
2.289217e+14 2.500330e+33
2.306962e+14 2.550860e+33
2.324845e+14 2.602412e+33
2.342866e+14 2.655006e+33
2.361027e+14 2.708663e+33
2.379329e+14 2.763404e+33
2.397773e+14 2.819252e+33
2.416360e+14 2.876228e+33
2.435091e+14 2.934355e+33
2.453967e+14 2.993658e+33
2.472989e+14 3.054158e+33
2.492159e+14 3.115882e+33
2.511478e+14 3.178853e+33
2.530946e+14 3.243096e+33
2.550565e+14 3.308638e+33
2.570336e+14 3.375504e+33
2.590260e+14 3.443722e+33
2.610339e+14 3.513319e+33
2.630574e+14 3.584322e+33
2.650965e+14 3.656759e+33
2.671515e+14 3.730661e+33
2.692224e+14 3.806057e+33
2.713093e+14 3.882976e+33
2.734124e+14 3.961449e+33
2.755318e+14 4.041509e+33
2.776676e+14 4.123186e+33
2.798200e+14 4.206514e+33
2.819891e+14 4.291527e+33
2.841750e+14 4.378257e+33
2.863778e+14 4.466740e+33
2.885977e+14 4.557011e+33
2.908349e+14 4.649107e+33
2.930893e+14 4.743064e+33
