# epsilon [g/cm^3]   P [dyn/cm^2]
1.364583e+14 6.458796e+32
1.375161e+14 6.560490e+32
1.385821e+14 6.663785e+32
1.396563e+14 6.768707e+32
1.407389e+14 6.875280e+32
1.418299e+14 6.983532e+32
1.429293e+14 7.093488e+32
1.440372e+14 7.205175e+32
1.451538e+14 7.318621e+32
1.462789e+14 7.433853e+32
1.474129e+14 7.550899e+32
1.485556e+14 7.669788e+32
1.497071e+14 7.790549e+32
1.508676e+14 7.913212e+32
1.520371e+14 8.037806e+32
1.532156e+14 8.164361e+32
1.544033e+14 8.292910e+32
1.556002e+14 8.423482e+32
1.568063e+14 8.556110e+32
1.580219e+14 8.690826e+32
1.592468e+14 8.827664e+32
1.604812e+14 8.966656e+32
1.617252e+14 9.107836e+32
1.629789e+14 9.251239e+32
1.642422e+14 9.396900e+32
1.655154e+14 9.544855e+32
1.667984e+14 9.695139e+32
1.680914e+14 9.847789e+32
1.693944e+14 1.000284e+33
1.707075e+14 1.016034e+33
1.720307e+14 1.032031e+33
1.733643e+14 1.048281e+33
1.747081e+14 1.064786e+33
1.760624e+14 1.081551e+33
1.774272e+14 1.098580e+33
1.788026e+14 1.115877e+33
1.801886e+14 1.133447e+33
1.815854e+14 1.151293e+33
1.829929e+14 1.169420e+33
1.844114e+14 1.187833e+33
1.858409e+14 1.206535e+33
1.872815e+14 1.225532e+33
1.887333e+14 1.244828e+33
1.901963e+14 1.264428e+33
1.916706e+14 1.284337e+33
1.931564e+14 1.304558e+33
1.946537e+14 1.325099e+33
1.961626e+14 1.345963e+33
1.976832e+14 1.367155e+33
1.992155e+14 1.388681e+33
2.007598e+14 1.410545e+33
2.023160e+14 1.432755e+33
2.038843e+14 1.455313e+33
2.054648e+14 1.478227e+33
2.070575e+14 1.501502e+33
2.086625e+14 1.525143e+33
2.102800e+14 1.549157e+33
2.119100e+14 1.573548e+33
2.135527e+14 1.598324e+33
2.152081e+14 1.623490e+33
2.168763e+14 1.649051e+33
2.185575e+14 1.675016e+33
2.202517e+14 1.701389e+33
2.219590e+14 1.728177e+33
2.236795e+14 1.755388e+33
2.254134e+14 1.783026e+33
2.271608e+14 1.811100e+33
2.289217e+14 1.839616e+33
2.306962e+14 1.868581e+33
2.324845e+14 1.898002e+33
2.342866e+14 1.927886e+33
2.361027e+14 1.958240e+33
2.379329e+14 1.989073e+33
2.397773e+14 2.020391e+33
2.416360e+14 2.052202e+33
2.435091e+14 2.084514e+33
2.453967e+14 2.117335e+33
2.472989e+14 2.150673e+33
2.492159e+14 2.184535e+33
2.511478e+14 2.218931e+33
2.530946e+14 2.253868e+33
2.550565e+14 2.289355e+33
2.570336e+14 2.325401e+33
2.590260e+14 2.362014e+33
2.610339e+14 2.399204e+33
2.630574e+14 2.436980e+33
2.650965e+14 2.475350e+33
2.671515e+14 2.514325e+33
2.692224e+14 2.553913e+33
2.713093e+14 2.594125e+33
2.734124e+14 2.634969e+33
2.755318e+14 2.676457e+33
2.776676e+14 2.718598e+33
2.798200e+14 2.761402e+33
2.819891e+14 2.804881e+33
2.841750e+14 2.849044e+33
2.863778e+14 2.893902e+33
2.885977e+14 2.939466e+33
2.908349e+14 2.985748e+33
2.930893e+14 3.032759e+33
