# epsilon [g/cm^3]   P [dyn/cm^2]
1.364583e+14 6.621984e+32
1.375161e+14 6.783024e+32
1.385821e+14 6.947981e+32
1.396563e+14 7.116949e+32
1.407389e+14 7.290027e+32
1.418299e+14 7.467313e+32
1.429293e+14 7.648911e+32
1.440372e+14 7.834926e+32
1.451538e+14 8.025464e+32
1.462789e+14 8.220636e+32
1.474129e+14 8.420554e+32
1.485556e+14 8.625334e+32
1.497071e+14 8.835094e+32
1.508676e+14 9.049955e+32
1.520371e+14 9.270041e+32
1.532156e+14 9.495480e+32
1.544033e+14 9.726401e+32
1.556002e+14 9.962938e+32
1.568063e+14 1.020523e+33
1.580219e+14 1.045341e+33
1.592468e+14 1.070763e+33
1.604812e+14 1.096803e+33
1.617252e+14 1.123476e+33
1.629789e+14 1.150798e+33
1.642422e+14 1.178784e+33
1.655154e+14 1.207451e+33
1.667984e+14 1.236815e+33
1.680914e+14 1.266893e+33
1.693944e+14 1.297703e+33
1.707075e+14 1.329262e+33
1.720307e+14 1.361588e+33
1.733643e+14 1.394701e+33
1.747081e+14 1.428619e+33
1.760624e+14 1.463361e+33
1.774272e+14 1.498949e+33
1.788026e+14 1.535402e+33
1.801886e+14 1.572741e+33
1.815854e+14 1.610989e+33
1.829929e+14 1.650167e+33
1.844114e+14 1.690297e+33
1.858409e+14 1.731404e+33
1.872815e+14 1.773510e+33
1.887333e+14 1.816640e+33
1.901963e+14 1.860819e+33
1.916706e+14 1.906072e+33
1.931564e+14 1.952426e+33
1.946537e+14 1.999907e+33
1.961626e+14 2.048543e+33
1.976832e+14 2.098362e+33
1.992155e+14 2.149392e+33
2.007598e+14 2.201663e+33
2.023160e+14 2.255206e+33
2.038843e+14 2.310050e+33
2.054648e+14 2.366228e+33
2.070575e+14 2.423773e+33
2.086625e+14 2.482717e+33
2.102800e+14 2.543094e+33
2.119100e+14 2.604940e+33
2.135527e+14 2.668289e+33
2.152081e+14 2.733180e+33
2.168763e+14 2.799648e+33
2.185575e+14 2.867733e+33
2.202517e+14 2.937473e+33
2.219590e+14 3.008910e+33
2.236795e+14 3.082084e+33
2.254134e+14 3.157037e+33
2.271608e+14 3.233813e+33
2.289217e+14 3.312457e+33
2.306962e+14 3.393013e+33
2.324845e+14 3.475527e+33
2.342866e+14 3.560049e+33
2.361027e+14 3.646626e+33
2.379329e+14 3.735309e+33
2.397773e+14 3.826148e+33
2.416360e+14 3.919196e+33
2.435091e+14 4.014507e+33
2.453967e+14 4.112136e+33
2.472989e+14 4.212140e+33
2.492159e+14 4.314575e+33
2.511478e+14 4.419501e+33
2.530946e+14 4.526980e+33
2.550565e+14 4.637071e+33
2.570336e+14 4.749841e+33
2.590260e+14 4.865352e+33
2.610339e+14 4.983673e+33
2.630574e+14 5.104871e+33
2.650965e+14 5.229017e+33
2.671515e+14 5.356182e+33
2.692224e+14 5.486439e+33
2.713093e+14 5.619864e+33
2.734124e+14 5.756534e+33
2.755318e+14 5.896528e+33
2.776676e+14 6.039926e+33
2.798200e+14 6.186811e+33
2.819891e+14 6.337269e+33
2.841750e+14 6.491385e+33
2.863778e+14 6.649249e+33
2.885977e+14 6.810953e+33
2.908349e+14 6.976589e+33
2.930893e+14 7.146253e+33
