# epsilon [g/cm^3]   P [dyn/cm^2]
1.364583e+14 6.636270e+32
1.375161e+14 6.802595e+32
1.385821e+14 6.973088e+32
1.396563e+14 7.147855e+32
1.407389e+14 7.327001e+32
1.418299e+14 7.510638e+32
1.429293e+14 7.698877e+32
1.440372e+14 7.891834e+32
1.451538e+14 8.089627e+32
1.462789e+14 8.292377e+32
1.474129e+14 8.500209e+32
1.485556e+14 8.713250e+32
1.497071e+14 8.931630e+32
1.508676e+14 9.155483e+32
1.520371e+14 9.384947e+32
1.532156e+14 9.620162e+32
1.544033e+14 9.861272e+32
1.556002e+14 1.010842e+33
1.568063e+14 1.036177e+33
1.580219e+14 1.062147e+33
1.592468e+14 1.088768e+33
1.604812e+14 1.116055e+33
1.617252e+14 1.144027e+33
1.629789e+14 1.172700e+33
1.642422e+14 1.202091e+33
1.655154e+14 1.232219e+33
1.667984e+14 1.263102e+33
1.680914e+14 1.294759e+33
1.693944e+14 1.327210e+33
1.707075e+14 1.360474e+33
1.720307e+14 1.394571e+33
1.733643e+14 1.429523e+33
1.747081e+14 1.465351e+33
1.760624e+14 1.502078e+33
1.774272e+14 1.539724e+33
1.788026e+14 1.578314e+33
1.801886e+14 1.617872e+33
1.815854e+14 1.658420e+33
1.829929e+14 1.699985e+33
1.844114e+14 1.742592e+33
1.858409e+14 1.786266e+33
1.872815e+14 1.831036e+33
1.887333e+14 1.876927e+33
1.901963e+14 1.923968e+33
1.916706e+14 1.972189e+33
1.931564e+14 2.021618e+33
1.946537e+14 2.072285e+33
1.961626e+14 2.124223e+33
1.976832e+14 2.177462e+33
1.992155e+14 2.232036e+33
2.007598e+14 2.287978e+33
2.023160e+14 2.345321e+33
2.038843e+14 2.404102e+33
2.054648e+14 2.464356e+33
2.070575e+14 2.526120e+33
2.086625e+14 2.589432e+33
2.102800e+14 2.654331e+33
2.119100e+14 2.720857e+33
2.135527e+14 2.789050e+33
2.152081e+14 2.858951e+33
2.168763e+14 2.930605e+33
2.185575e+14 3.004055e+33
2.202517e+14 3.079346e+33
2.219590e+14 3.156523e+33
2.236795e+14 3.235635e+33
2.254134e+14 3.316730e+33
2.271608e+14 3.399857e+33
2.289217e+14 3.485068e+33
2.306962e+14 3.572414e+33
2.324845e+14 3.661949e+33
2.342866e+14 3.753729e+33
2.361027e+14 3.847808e+33
2.379329e+14 3.944246e+33
2.397773e+14 4.043101e+33
2.416360e+14 4.144433e+33
2.435091e+14 4.248305e+33
2.453967e+14 4.354780e+33
2.472989e+14 4.463924e+33
2.492159e+14 4.575803e+33
2.511478e+14 4.690486e+33
2.530946e+14 4.808044e+33
2.550565e+14 4.928548e+33
2.570336e+14 5.052072e+33
2.590260e+14 5.178692e+33
2.610339e+14 5.308486e+33
2.630574e+14 5.441532e+33
2.650965e+14 5.577913e+33
2.671515e+14 5.717713e+33
2.692224e+14 5.861016e+33
2.713093e+14 6.007910e+33
2.734124e+14 6.158486e+33
2.755318e+14 6.312836e+33
2.776676e+14 6.471055e+33
2.798200e+14 6.633239e+33
2.819891e+14 6.799488e+33
2.841750e+14 6.969903e+33
2.863778e+14 7.144590e+33
2.885977e+14 7.323655e+33
2.908349e+14 7.507208e+33
2.930893e+14 7.695361e+33
