# epsilon [g/cm^3]   P [dyn/cm^2]
1.364583e+14 6.424881e+32
1.375161e+14 6.514477e+32
1.385821e+14 6.605323e+32
1.396563e+14 6.697435e+32
1.407389e+14 6.790832e+32
1.418299e+14 6.885531e+32
1.429293e+14 6.981551e+32
1.440372e+14 7.078909e+32
1.451538e+14 7.177626e+32
1.462789e+14 7.277719e+32
1.474129e+14 7.379208e+32
1.485556e+14 7.482112e+32
1.497071e+14 7.586451e+32
1.508676e+14 7.692245e+32
1.520371e+14 7.799515e+32
1.532156e+14 7.908280e+32
1.544033e+14 8.018563e+32
1.556002e+14 8.130383e+32
1.568063e+14 8.243762e+32
1.580219e+14 8.358723e+32
1.592468e+14 8.475286e+32
1.604812e+14 8.593475e+32
1.617252e+14 8.713313e+32
1.629789e+14 8.834821e+32
1.642422e+14 8.958024e+32
1.655154e+14 9.082945e+32
1.667984e+14 9.209608e+32
1.680914e+14 9.338038e+32
1.693944e+14 9.468258e+32
1.707075e+14 9.600294e+32
1.720307e+14 9.734172e+32
1.733643e+14 9.869916e+32
1.747081e+14 1.000755e+33
1.760624e+14 1.014711e+33
1.774272e+14 1.028861e+33
1.788026e+14 1.043209e+33
1.801886e+14 1.057757e+33
1.815854e+14 1.072507e+33
1.829929e+14 1.087464e+33
1.844114e+14 1.102628e+33
1.858409e+14 1.118005e+33
1.872815e+14 1.133595e+33
1.887333e+14 1.149404e+33
1.901963e+14 1.165432e+33
1.916706e+14 1.181684e+33
1.931564e+14 1.198163e+33
1.946537e+14 1.214872e+33
1.961626e+14 1.231813e+33
1.976832e+14 1.248991e+33
1.992155e+14 1.266409e+33
2.007598e+14 1.284069e+33
2.023160e+14 1.301975e+33
2.038843e+14 1.320132e+33
2.054648e+14 1.338541e+33
2.070575e+14 1.357207e+33
2.086625e+14 1.376134e+33
2.102800e+14 1.395324e+33
2.119100e+14 1.414782e+33
2.135527e+14 1.434511e+33
2.152081e+14 1.454516e+33
2.168763e+14 1.474799e+33
2.185575e+14 1.495366e+33
2.202517e+14 1.516219e+33
2.219590e+14 1.537363e+33
2.236795e+14 1.558801e+33
2.254134e+14 1.580539e+33
2.271608e+14 1.602580e+33
2.289217e+14 1.624928e+33
2.306962e+14 1.647588e+33
2.324845e+14 1.670564e+33
2.342866e+14 1.693860e+33
2.361027e+14 1.717481e+33
2.379329e+14 1.741432e+33
2.397773e+14 1.765716e+33
2.416360e+14 1.790340e+33
2.435091e+14 1.815306e+33
2.453967e+14 1.840621e+33
2.472989e+14 1.866289e+33
2.492159e+14 1.892314e+33
2.511478e+14 1.918703e+33
2.530946e+14 1.945459e+33
2.550565e+14 1.972589e+33
2.570336e+14 2.000097e+33
2.590260e+14 2.027989e+33
2.610339e+14 2.056270e+33
2.630574e+14 2.084945e+33
2.650965e+14 2.114019e+33
2.671515e+14 2.143500e+33
2.692224e+14 2.173391e+33
2.713093e+14 2.203699e+33
2.734124e+14 2.234430e+33
2.755318e+14 2.265590e+33
2.776676e+14 2.297184e+33
2.798200e+14 2.329218e+33
2.819891e+14 2.361700e+33
2.841750e+14 2.394634e+33
2.863778e+14 2.428028e+33
2.885977e+14 2.461887e+33
2.908349e+14 2.496218e+33
2.930893e+14 2.531028e+33
