# epsilon [g/cm^3]   P [dyn/cm^2]
1.364583e+14 6.537687e+32
1.375161e+14 6.667838e+32
1.385821e+14 6.800579e+32
1.396563e+14 6.935964e+32
1.407389e+14 7.074043e+32
1.418299e+14 7.214872e+32
1.429293e+14 7.358504e+32
1.440372e+14 7.504995e+32
1.451538e+14 7.654403e+32
1.462789e+14 7.806785e+32
1.474129e+14 7.962200e+32
1.485556e+14 8.120710e+32
1.497071e+14 8.282375e+32
1.508676e+14 8.447259e+32
1.520371e+14 8.615425e+32
1.532156e+14 8.786939e+32
1.544033e+14 8.961867e+32
1.556002e+14 9.140278e+32
1.568063e+14 9.322240e+32
1.580219e+14 9.507825e+32
1.592468e+14 9.697105e+32
1.604812e+14 9.890153e+32
1.617252e+14 1.008704e+33
1.629789e+14 1.028785e+33
1.642422e+14 1.049266e+33
1.655154e+14 1.070155e+33
1.667984e+14 1.091459e+33
1.680914e+14 1.113188e+33
1.693944e+14 1.135349e+33
1.707075e+14 1.157951e+33
1.720307e+14 1.181003e+33
1.733643e+14 1.204514e+33
1.747081e+14 1.228494e+33
1.760624e+14 1.252950e+33
1.774272e+14 1.277894e+33
1.788026e+14 1.303334e+33
1.801886e+14 1.329280e+33
1.815854e+14 1.355743e+33
1.829929e+14 1.382733e+33
1.844114e+14 1.410260e+33
1.858409e+14 1.438335e+33
1.872815e+14 1.466969e+33
1.887333e+14 1.496173e+33
1.901963e+14 1.525959e+33
1.916706e+14 1.556337e+33
1.931564e+14 1.587320e+33
1.946537e+14 1.618920e+33
1.961626e+14 1.651149e+33
1.976832e+14 1.684020e+33
1.992155e+14 1.717545e+33
2.007598e+14 1.751738e+33
2.023160e+14 1.786611e+33
2.038843e+14 1.822178e+33
2.054648e+14 1.858454e+33
2.070575e+14 1.895451e+33
2.086625e+14 1.933186e+33
2.102800e+14 1.971671e+33
2.119100e+14 2.010923e+33
2.135527e+14 2.050956e+33
2.152081e+14 2.091785e+33
2.168763e+14 2.133428e+33
2.185575e+14 2.175900e+33
2.202517e+14 2.219217e+33
2.219590e+14 2.263397e+33
2.236795e+14 2.308456e+33
2.254134e+14 2.354412e+33
2.271608e+14 2.401283e+33
2.289217e+14 2.449088e+33
2.306962e+14 2.497844e+33
2.324845e+14 2.547570e+33
2.342866e+14 2.598286e+33
2.361027e+14 2.650013e+33
2.379329e+14 2.702768e+33
2.397773e+14 2.756574e+33
2.416360e+14 2.811452e+33
2.435091e+14 2.867421e+33
2.453967e+14 2.924505e+33
2.472989e+14 2.982726e+33
2.492159e+14 3.042105e+33
2.511478e+14 3.102667e+33
2.530946e+14 3.164434e+33
2.550565e+14 3.227431e+33
2.570336e+14 3.291682e+33
2.590260e+14 3.357212e+33
2.610339e+14 3.424046e+33
2.630574e+14 3.492211e+33
2.650965e+14 3.561733e+33
2.671515e+14 3.632640e+33
2.692224e+14 3.704957e+33
2.713093e+14 3.778715e+33
2.734124e+14 3.853940e+33
2.755318e+14 3.930664e+33
2.776676e+14 4.008915e+33
2.798200e+14 4.088723e+33
2.819891e+14 4.170120e+33
2.841750e+14 4.253138e+33
2.863778e+14 4.337809e+33
2.885977e+14 4.424165e+33
2.908349e+14 4.512240e+33
2.930893e+14 4.602069e+33
