# epsilon [g/cm^3]   P [dyn/cm^2]
1.364583e+14 6.583033e+32
1.375161e+14 6.729739e+32
1.385821e+14 6.879714e+32
1.396563e+14 7.033031e+32
1.407389e+14 7.189766e+32
1.418299e+14 7.349993e+32
1.429293e+14 7.513790e+32
1.440372e+14 7.681238e+32
1.451538e+14 7.852418e+32
1.462789e+14 8.027412e+32
1.474129e+14 8.206307e+32
1.485556e+14 8.389188e+32
1.497071e+14 8.576144e+32
1.508676e+14 8.767268e+32
1.520371e+14 8.962650e+32
1.532156e+14 9.162386e+32
1.544033e+14 9.366574e+32
1.556002e+14 9.575312e+32
1.568063e+14 9.788702e+32
1.580219e+14 1.000685e+33
1.592468e+14 1.022985e+33
1.604812e+14 1.045783e+33
1.617252e+14 1.069089e+33
1.629789e+14 1.092914e+33
1.642422e+14 1.117270e+33
1.655154e+14 1.142169e+33
1.667984e+14 1.167623e+33
1.680914e+14 1.193643e+33
1.693944e+14 1.220244e+33
1.707075e+14 1.247438e+33
1.720307e+14 1.275238e+33
1.733643e+14 1.303657e+33
1.747081e+14 1.332709e+33
1.760624e+14 1.362409e+33
1.774272e+14 1.392771e+33
1.788026e+14 1.423810e+33
1.801886e+14 1.455540e+33
1.815854e+14 1.487977e+33
1.829929e+14 1.521138e+33
1.844114e+14 1.555037e+33
1.858409e+14 1.589691e+33
1.872815e+14 1.625118e+33
1.887333e+14 1.661335e+33
1.901963e+14 1.698358e+33
1.916706e+14 1.736207e+33
1.931564e+14 1.774899e+33
1.946537e+14 1.814454e+33
1.961626e+14 1.854889e+33
1.976832e+14 1.896226e+33
1.992155e+14 1.938485e+33
2.007598e+14 1.981685e+33
2.023160e+14 2.025847e+33
2.038843e+14 2.070994e+33
2.054648e+14 2.117147e+33
2.070575e+14 2.164329e+33
2.086625e+14 2.212562e+33
2.102800e+14 2.261870e+33
2.119100e+14 2.312276e+33
2.135527e+14 2.363806e+33
2.152081e+14 2.416485e+33
2.168763e+14 2.470337e+33
2.185575e+14 2.525390e+33
2.202517e+14 2.581669e+33
2.219590e+14 2.639203e+33
2.236795e+14 2.698018e+33
2.254134e+14 2.758145e+33
2.271608e+14 2.819611e+33
2.289217e+14 2.882448e+33
2.306962e+14 2.946684e+33
2.324845e+14 3.012352e+33
2.342866e+14 3.079484e+33
2.361027e+14 3.148111e+33
2.379329e+14 3.218269e+33
2.397773e+14 3.289989e+33
2.416360e+14 3.363308e+33
2.435091e+14 3.438261e+33
2.453967e+14 3.514884e+33
2.472989e+14 3.593214e+33
2.492159e+14 3.673291e+33
2.511478e+14 3.755152e+33
2.530946e+14 3.838837e+33
2.550565e+14 3.924387e+33
2.570336e+14 4.011843e+33
2.590260e+14 4.101249e+33
2.610339e+14 4.192647e+33
2.630574e+14 4.286082e+33
2.650965e+14 4.381599e+33
2.671515e+14 4.479245e+33
2.692224e+14 4.579067e+33
2.713093e+14 4.681113e+33
2.734124e+14 4.785434e+33
2.755318e+14 4.892079e+33
2.776676e+14 5.001102e+33
2.798200e+14 5.112553e+33
2.819891e+14 5.226489e+33
2.841750e+14 5.342963e+33
2.863778e+14 5.462033e+33
2.885977e+14 5.583757e+33
2.908349e+14 5.708194e+33
2.930893e+14 5.835403e+33
