# epsilon [g/cm^3]   P [dyn/cm^2]
1.364583e+14 6.516079e+32
1.375161e+14 6.638392e+32
1.385821e+14 6.763001e+32
1.396563e+14 6.889949e+32
1.407389e+14 7.019280e+32
1.418299e+14 7.151039e+32
1.429293e+14 7.285271e+32
1.440372e+14 7.422022e+32
1.451538e+14 7.561341e+32
1.462789e+14 7.703274e+32
1.474129e+14 7.847872e+32
1.485556e+14 7.995184e+32
1.497071e+14 8.145262e+32
1.508676e+14 8.298156e+32
1.520371e+14 8.453920e+32
1.532156e+14 8.612608e+32
1.544033e+14 8.774275e+32
1.556002e+14 8.938977e+32
1.568063e+14 9.106770e+32
1.580219e+14 9.277713e+32
1.592468e+14 9.451864e+32
1.604812e+14 9.629285e+32
1.617252e+14 9.810036e+32
1.629789e+14 9.994179e+32
1.642422e+14 1.018178e+33
1.655154e+14 1.037290e+33
1.667984e+14 1.056761e+33
1.680914e+14 1.076597e+33
1.693944e+14 1.096806e+33
1.707075e+14 1.117394e+33
1.720307e+14 1.138369e+33
1.733643e+14 1.159737e+33
1.747081e+14 1.181507e+33
1.760624e+14 1.203685e+33
1.774272e+14 1.226279e+33
1.788026e+14 1.249297e+33
1.801886e+14 1.272748e+33
1.815854e+14 1.296639e+33
1.829929e+14 1.320978e+33
1.844114e+14 1.345774e+33
1.858409e+14 1.371035e+33
1.872815e+14 1.396771e+33
1.887333e+14 1.422990e+33
1.901963e+14 1.449700e+33
1.916706e+14 1.476913e+33
1.931564e+14 1.504636e+33
1.946537e+14 1.532879e+33
1.961626e+14 1.561653e+33
1.976832e+14 1.590967e+33
1.992155e+14 1.620830e+33
2.007598e+14 1.651255e+33
2.023160e+14 1.682251e+33
2.038843e+14 1.713828e+33
2.054648e+14 1.745998e+33
2.070575e+14 1.778772e+33
2.086625e+14 1.812162e+33
2.102800e+14 1.846178e+33
2.119100e+14 1.880832e+33
2.135527e+14 1.916137e+33
2.152081e+14 1.952105e+33
2.168763e+14 1.988748e+33
2.185575e+14 2.026078e+33
2.202517e+14 2.064110e+33
2.219590e+14 2.102855e+33
2.236795e+14 2.142328e+33
2.254134e+14 2.182541e+33
2.271608e+14 2.223510e+33
2.289217e+14 2.265247e+33
2.306962e+14 2.307768e+33
2.324845e+14 2.351087e+33
2.342866e+14 2.395219e+33
2.361027e+14 2.440180e+33
2.379329e+14 2.485984e+33
2.397773e+14 2.532649e+33
2.416360e+14 2.580189e+33
2.435091e+14 2.628621e+33
2.453967e+14 2.677963e+33
2.472989e+14 2.728231e+33
2.492159e+14 2.779443e+33
2.511478e+14 2.831615e+33
2.530946e+14 2.884768e+33
2.550565e+14 2.938917e+33
2.570336e+14 2.994084e+33
2.590260e+14 3.050285e+33
2.610339e+14 3.107542e+33
2.630574e+14 3.165874e+33
2.650965e+14 3.225300e+33
2.671515e+14 3.285842e+33
2.692224e+14 3.347521e+33
2.713093e+14 3.410357e+33
2.734124e+14 3.474372e+33
2.755318e+14 3.539590e+33
2.776676e+14 3.606031e+33
2.798200e+14 3.673720e+33
2.819891e+14 3.742679e+33
2.841750e+14 3.812933e+33
2.863778e+14 3.884505e+33
2.885977e+14 3.957421e+33
2.908349e+14 4.031706e+33
2.930893e+14 4.107385e+33
