# epsilon [g/cm^3]   P [dyn/cm^2]
1.364583e+14 6.461682e+32
1.375161e+14 6.564409e+32
1.385821e+14 6.668770e+32
1.396563e+14 6.774789e+32
1.407389e+14 6.882494e+32
1.418299e+14 6.991912e+32
1.429293e+14 7.103068e+32
1.440372e+14 7.215992e+32
1.451538e+14 7.330712e+32
1.462789e+14 7.447255e+32
1.474129e+14 7.565651e+32
1.485556e+14 7.685929e+32
1.497071e+14 7.808119e+32
1.508676e+14 7.932252e+32
1.520371e+14 8.058358e+32
1.532156e+14 8.186469e+32
1.544033e+14 8.316617e+32
1.556002e+14 8.448834e+32
1.568063e+14 8.583153e+32
1.580219e+14 8.719607e+32
1.592468e+14 8.858231e+32
1.604812e+14 8.999058e+32
1.617252e+14 9.142124e+32
1.629789e+14 9.287465e+32
1.642422e+14 9.435116e+32
1.655154e+14 9.585115e+32
1.667984e+14 9.737498e+32
1.680914e+14 9.892304e+32
1.693944e+14 1.004957e+33
1.707075e+14 1.020934e+33
1.720307e+14 1.037165e+33
1.733643e+14 1.053653e+33
1.747081e+14 1.070404e+33
1.760624e+14 1.087421e+33
1.774272e+14 1.104709e+33
1.788026e+14 1.122272e+33
1.801886e+14 1.140114e+33
1.815854e+14 1.158239e+33
1.829929e+14 1.176653e+33
1.844114e+14 1.195359e+33
1.858409e+14 1.214363e+33
1.872815e+14 1.233668e+33
1.887333e+14 1.253281e+33
1.901963e+14 1.273206e+33
1.916706e+14 1.293447e+33
1.931564e+14 1.314010e+33
1.946537e+14 1.334900e+33
1.961626e+14 1.356122e+33
1.976832e+14 1.377682e+33
1.992155e+14 1.399584e+33
2.007598e+14 1.421835e+33
2.023160e+14 1.444439e+33
2.038843e+14 1.467402e+33
2.054648e+14 1.490731e+33
2.070575e+14 1.514431e+33
2.086625e+14 1.538507e+33
2.102800e+14 1.562966e+33
2.119100e+14 1.587814e+33
2.135527e+14 1.613057e+33
2.152081e+14 1.638701e+33
2.168763e+14 1.664753e+33
2.185575e+14 1.691219e+33
2.202517e+14 1.718106e+33
2.219590e+14 1.745420e+33
2.236795e+14 1.773169e+33
2.254134e+14 1.801358e+33
2.271608e+14 1.829996e+33
2.289217e+14 1.859089e+33
2.306962e+14 1.888645e+33
2.324845e+14 1.918671e+33
2.342866e+14 1.949173e+33
2.361027e+14 1.980161e+33
2.379329e+14 2.011642e+33
2.397773e+14 2.043623e+33
2.416360e+14 2.076112e+33
2.435091e+14 2.109118e+33
2.453967e+14 2.142648e+33
2.472989e+14 2.176712e+33
2.492159e+14 2.211317e+33
2.511478e+14 2.246473e+33
2.530946e+14 2.282187e+33
2.550565e+14 2.318469e+33
2.570336e+14 2.355328e+33
2.590260e+14 2.392772e+33
2.610339e+14 2.430813e+33
2.630574e+14 2.469457e+33
2.650965e+14 2.508717e+33
2.671515e+14 2.548600e+33
2.692224e+14 2.589117e+33
2.713093e+14 2.630279e+33
2.734124e+14 2.672095e+33
2.755318e+14 2.714576e+33
2.776676e+14 2.757732e+33
2.798200e+14 2.801574e+33
2.819891e+14 2.846113e+33
2.841750e+14 2.891360e+33
2.863778e+14 2.937327e+33
2.885977e+14 2.984024e+33
2.908349e+14 3.031464e+33
2.930893e+14 3.079658e+33
