# epsilon [g/cm^3]   P [dyn/cm^2]
1.364583e+14 6.602015e+32
1.375161e+14 6.755694e+32
1.385821e+14 6.912950e+32
1.396563e+14 7.073866e+32
1.407389e+14 7.238528e+32
1.418299e+14 7.407023e+32
1.429293e+14 7.579440e+32
1.440372e+14 7.755870e+32
1.451538e+14 7.936407e+32
1.462789e+14 8.121147e+32
1.474129e+14 8.310187e+32
1.485556e+14 8.503627e+32
1.497071e+14 8.701571e+32
1.508676e+14 8.904121e+32
1.520371e+14 9.111387e+32
1.532156e+14 9.323478e+32
1.544033e+14 9.540505e+32
1.556002e+14 9.762584e+32
1.568063e+14 9.989832e+32
1.580219e+14 1.022237e+33
1.592468e+14 1.046032e+33
1.604812e+14 1.070381e+33
1.617252e+14 1.095297e+33
1.629789e+14 1.120793e+33
1.642422e+14 1.146882e+33
1.655154e+14 1.173579e+33
1.667984e+14 1.200897e+33
1.680914e+14 1.228850e+33
1.693944e+14 1.257455e+33
1.707075e+14 1.286725e+33
1.720307e+14 1.316677e+33
1.733643e+14 1.347326e+33
1.747081e+14 1.378689e+33
1.760624e+14 1.410781e+33
1.774272e+14 1.443620e+33
1.788026e+14 1.477224e+33
1.801886e+14 1.511610e+33
1.815854e+14 1.546797e+33
1.829929e+14 1.582802e+33
1.844114e+14 1.619646e+33
1.858409e+14 1.657347e+33
1.872815e+14 1.695926e+33
1.887333e+14 1.735403e+33
1.901963e+14 1.775799e+33
1.916706e+14 1.817135e+33
1.931564e+14 1.859434e+33
1.946537e+14 1.902717e+33
1.961626e+14 1.947007e+33
1.976832e+14 1.992329e+33
1.992155e+14 2.038705e+33
2.007598e+14 2.086161e+33
2.023160e+14 2.134722e+33
2.038843e+14 2.184413e+33
2.054648e+14 2.235260e+33
2.070575e+14 2.287292e+33
2.086625e+14 2.340534e+33
2.102800e+14 2.395016e+33
2.119100e+14 2.450766e+33
2.135527e+14 2.507814e+33
2.152081e+14 2.566189e+33
2.168763e+14 2.625924e+33
2.185575e+14 2.687049e+33
2.202517e+14 2.749596e+33
2.219590e+14 2.813600e+33
2.236795e+14 2.879094e+33
2.254134e+14 2.946112e+33
2.271608e+14 3.014690e+33
2.289217e+14 3.084864e+33
2.306962e+14 3.156672e+33
2.324845e+14 3.230152e+33
2.342866e+14 3.305342e+33
2.361027e+14 3.382282e+33
2.379329e+14 3.461013e+33
2.397773e+14 3.541577e+33
2.416360e+14 3.624016e+33
2.435091e+14 3.708374e+33
2.453967e+14 3.794695e+33
2.472989e+14 3.883026e+33
2.492159e+14 3.973414e+33
2.511478e+14 4.065905e+33
2.530946e+14 4.160549e+33
2.550565e+14 4.257396e+33
2.570336e+14 4.356497e+33
2.590260e+14 4.457906e+33
2.610339e+14 4.561675e+33
2.630574e+14 4.667859e+33
2.650965e+14 4.776515e+33
2.671515e+14 4.887701e+33
2.692224e+14 5.001474e+33
2.713093e+14 5.117896e+33
2.734124e+14 5.237028e+33
2.755318e+14 5.358933e+33
2.776676e+14 5.483675e+33
2.798200e+14 5.611322e+33
2.819891e+14 5.741939e+33
2.841750e+14 5.875597e+33
2.863778e+14 6.012366e+33
2.885977e+14 6.152319e+33
2.908349e+14 6.295530e+33
2.930893e+14 6.442074e+33
