# epsilon [g/cm^3]   P [dyn/cm^2]
1.364583e+14 6.427322e+32
1.375161e+14 6.517786e+32
1.385821e+14 6.609524e+32
1.396563e+14 6.702552e+32
1.407389e+14 6.796890e+32
1.418299e+14 6.892556e+32
1.429293e+14 6.989568e+32
1.440372e+14 7.087945e+32
1.451538e+14 7.187707e+32
1.462789e+14 7.288874e+32
1.474129e+14 7.391464e+32
1.485556e+14 7.495498e+32
1.497071e+14 7.600997e+32
1.508676e+14 7.707980e+32
1.520371e+14 7.816469e+32
1.532156e+14 7.926486e+32
1.544033e+14 8.038050e+32
1.556002e+14 8.151185e+32
1.568063e+14 8.265912e+32
1.580219e+14 8.382254e+32
1.592468e+14 8.500234e+32
1.604812e+14 8.619874e+32
1.617252e+14 8.741198e+32
1.629789e+14 8.864229e+32
1.642422e+14 8.988993e+32
1.655154e+14 9.115512e+32
1.667984e+14 9.243812e+32
1.680914e+14 9.373918e+32
1.693944e+14 9.505855e+32
1.707075e+14 9.639649e+32
1.720307e+14 9.775326e+32
1.733643e+14 9.912913e+32
1.747081e+14 1.005244e+33
1.760624e+14 1.019392e+33
1.774272e+14 1.033740e+33
1.788026e+14 1.048290e+33
1.801886e+14 1.063045e+33
1.815854e+14 1.078007e+33
1.829929e+14 1.093180e+33
1.844114e+14 1.108566e+33
1.858409e+14 1.124169e+33
1.872815e+14 1.139992e+33
1.887333e+14 1.156037e+33
1.901963e+14 1.172308e+33
1.916706e+14 1.188808e+33
1.931564e+14 1.205541e+33
1.946537e+14 1.222509e+33
1.961626e+14 1.239715e+33
1.976832e+14 1.257164e+33
1.992155e+14 1.274859e+33
2.007598e+14 1.292802e+33
2.023160e+14 1.310998e+33
2.038843e+14 1.329450e+33
2.054648e+14 1.348162e+33
2.070575e+14 1.367138e+33
2.086625e+14 1.386380e+33
2.102800e+14 1.405893e+33
2.119100e+14 1.425681e+33
2.135527e+14 1.445747e+33
2.152081e+14 1.466096e+33
2.168763e+14 1.486731e+33
2.185575e+14 1.507657e+33
2.202517e+14 1.528877e+33
2.219590e+14 1.550396e+33
2.236795e+14 1.572217e+33
2.254134e+14 1.594346e+33
2.271608e+14 1.616787e+33
2.289217e+14 1.639543e+33
2.306962e+14 1.662619e+33
2.324845e+14 1.686020e+33
2.342866e+14 1.709751e+33
2.361027e+14 1.733815e+33
2.379329e+14 1.758219e+33
2.397773e+14 1.782966e+33
2.416360e+14 1.808061e+33
2.435091e+14 1.833509e+33
2.453967e+14 1.859315e+33
2.472989e+14 1.885485e+33
2.492159e+14 1.912023e+33
2.511478e+14 1.938935e+33
2.530946e+14 1.966225e+33
2.550565e+14 1.993900e+33
2.570336e+14 2.021964e+33
2.590260e+14 2.050422e+33
2.610339e+14 2.079282e+33
2.630574e+14 2.108548e+33
2.650965e+14 2.138225e+33
2.671515e+14 2.168321e+33
2.692224e+14 2.198840e+33
2.713093e+14 2.229788e+33
2.734124e+14 2.261172e+33
2.755318e+14 2.292998e+33
2.776676e+14 2.325272e+33
2.798200e+14 2.358000e+33
2.819891e+14 2.391188e+33
2.841750e+14 2.424844e+33
2.863778e+14 2.458974e+33
2.885977e+14 2.493583e+33
2.908349e+14 2.528680e+33
2.930893e+14 2.564271e+33
