# epsilon [g/cm^3]   P [dyn/cm^2]
1.364583e+14 6.572962e+32
1.375161e+14 6.715978e+32
1.385821e+14 6.862107e+32
1.396563e+14 7.011414e+32
1.407389e+14 7.163971e+32
1.418299e+14 7.319847e+32
1.429293e+14 7.479114e+32
1.440372e+14 7.641847e+32
1.451538e+14 7.808120e+32
1.462789e+14 7.978012e+32
1.474129e+14 8.151600e+32
1.485556e+14 8.328965e+32
1.497071e+14 8.510189e+32
1.508676e+14 8.695356e+32
1.520371e+14 8.884552e+32
1.532156e+14 9.077865e+32
1.544033e+14 9.275384e+32
1.556002e+14 9.477200e+32
1.568063e+14 9.683408e+32
1.580219e+14 9.894102e+32
1.592468e+14 1.010938e+33
1.604812e+14 1.032934e+33
1.617252e+14 1.055409e+33
1.629789e+14 1.078373e+33
1.642422e+14 1.101837e+33
1.655154e+14 1.125811e+33
1.667984e+14 1.150307e+33
1.680914e+14 1.175335e+33
1.693944e+14 1.200909e+33
1.707075e+14 1.227038e+33
1.720307e+14 1.253737e+33
1.733643e+14 1.281016e+33
1.747081e+14 1.308888e+33
1.760624e+14 1.337368e+33
1.774272e+14 1.366466e+33
1.788026e+14 1.396198e+33
1.801886e+14 1.426577e+33
1.815854e+14 1.457617e+33
1.829929e+14 1.489332e+33
1.844114e+14 1.521738e+33
1.858409e+14 1.554848e+33
1.872815e+14 1.588679e+33
1.887333e+14 1.623246e+33
1.901963e+14 1.658565e+33
1.916706e+14 1.694653e+33
1.931564e+14 1.731525e+33
1.946537e+14 1.769200e+33
1.961626e+14 1.807695e+33
1.976832e+14 1.847028e+33
1.992155e+14 1.887216e+33
2.007598e+14 1.928278e+33
2.023160e+14 1.970234e+33
2.038843e+14 2.013103e+33
2.054648e+14 2.056905e+33
2.070575e+14 2.101660e+33
2.086625e+14 2.147388e+33
2.102800e+14 2.194112e+33
2.119100e+14 2.241852e+33
2.135527e+14 2.290631e+33
2.152081e+14 2.340471e+33
2.168763e+14 2.391396e+33
2.185575e+14 2.443428e+33
2.202517e+14 2.496593e+33
2.219590e+14 2.550915e+33
2.236795e+14 2.606418e+33
2.254134e+14 2.663130e+33
2.271608e+14 2.721075e+33
2.289217e+14 2.780281e+33
2.306962e+14 2.840775e+33
2.324845e+14 2.902585e+33
2.342866e+14 2.965741e+33
2.361027e+14 3.030270e+33
2.379329e+14 3.096204e+33
2.397773e+14 3.163572e+33
2.416360e+14 3.232406e+33
2.435091e+14 3.302737e+33
2.453967e+14 3.374599e+33
2.472989e+14 3.448025e+33
2.492159e+14 3.523048e+33
2.511478e+14 3.599703e+33
2.530946e+14 3.678027e+33
2.550565e+14 3.758054e+33
2.570336e+14 3.839823e+33
2.590260e+14 3.923371e+33
2.610339e+14 4.008737e+33
2.630574e+14 4.095960e+33
2.650965e+14 4.185082e+33
2.671515e+14 4.276142e+33
2.692224e+14 4.369183e+33
2.713093e+14 4.464249e+33
2.734124e+14 4.561384e+33
2.755318e+14 4.660632e+33
2.776676e+14 4.762039e+33
2.798200e+14 4.865653e+33
2.819891e+14 4.971521e+33
2.841750e+14 5.079693e+33
2.863778e+14 5.190219e+33
2.885977e+14 5.303149e+33
2.908349e+14 5.418536e+33
2.930893e+14 5.536434e+33
