# epsilon [g/cm^3]   P [dyn/cm^2]
1.364583e+14 6.444082e+32
1.375161e+14 6.540517e+32
1.385821e+14 6.638395e+32
1.396563e+14 6.737738e+32
1.407389e+14 6.838568e+32
1.418299e+14 6.940906e+32
1.429293e+14 7.044776e+32
1.440372e+14 7.150201e+32
1.451538e+14 7.257203e+32
1.462789e+14 7.365806e+32
1.474129e+14 7.476035e+32
1.485556e+14 7.587913e+32
1.497071e+14 7.701465e+32
1.508676e+14 7.816717e+32
1.520371e+14 7.933694e+32
1.532156e+14 8.052421e+32
1.544033e+14 8.172924e+32
1.556002e+14 8.295231e+32
1.568063e+14 8.419369e+32
1.580219e+14 8.545364e+32
1.592468e+14 8.673244e+32
1.604812e+14 8.803039e+32
1.617252e+14 8.934775e+32
1.629789e+14 9.068484e+32
1.642422e+14 9.204193e+32
1.655154e+14 9.341932e+32
1.667984e+14 9.481734e+32
1.680914e+14 9.623627e+32
1.693944e+14 9.767644e+32
1.707075e+14 9.913816e+32
1.720307e+14 1.006217e+33
1.733643e+14 1.021275e+33
1.747081e+14 1.036559e+33
1.760624e+14 1.052071e+33
1.774272e+14 1.067815e+33
1.788026e+14 1.083795e+33
1.801886e+14 1.100014e+33
1.815854e+14 1.116475e+33
1.829929e+14 1.133183e+33
1.844114e+14 1.150141e+33
1.858409e+14 1.167353e+33
1.872815e+14 1.184822e+33
1.887333e+14 1.202553e+33
1.901963e+14 1.220549e+33
1.916706e+14 1.238814e+33
1.931564e+14 1.257353e+33
1.946537e+14 1.276169e+33
1.961626e+14 1.295267e+33
1.976832e+14 1.314651e+33
1.992155e+14 1.334324e+33
2.007598e+14 1.354292e+33
2.023160e+14 1.374559e+33
2.038843e+14 1.395129e+33
2.054648e+14 1.416007e+33
2.070575e+14 1.437198e+33
2.086625e+14 1.458705e+33
2.102800e+14 1.480535e+33
2.119100e+14 1.502691e+33
2.135527e+14 1.525178e+33
2.152081e+14 1.548003e+33
2.168763e+14 1.571168e+33
2.185575e+14 1.594681e+33
2.202517e+14 1.618545e+33
2.219590e+14 1.642766e+33
2.236795e+14 1.667350e+33
2.254134e+14 1.692302e+33
2.271608e+14 1.717627e+33
2.289217e+14 1.743331e+33
2.306962e+14 1.769420e+33
2.324845e+14 1.795899e+33
2.342866e+14 1.822775e+33
2.361027e+14 1.850052e+33
2.379329e+14 1.877738e+33
2.397773e+14 1.905838e+33
2.416360e+14 1.934359e+33
2.435091e+14 1.963307e+33
2.453967e+14 1.992687e+33
2.472989e+14 2.022508e+33
2.492159e+14 2.052774e+33
2.511478e+14 2.083494e+33
2.530946e+14 2.114673e+33
2.550565e+14 2.146319e+33
2.570336e+14 2.178439e+33
2.590260e+14 2.211039e+33
2.610339e+14 2.244127e+33
2.630574e+14 2.277710e+33
2.650965e+14 2.311796e+33
2.671515e+14 2.346391e+33
2.692224e+14 2.381505e+33
2.713093e+14 2.417144e+33
2.734124e+14 2.453316e+33
2.755318e+14 2.490030e+33
2.776676e+14 2.527293e+33
2.798200e+14 2.565114e+33
2.819891e+14 2.603500e+33
2.841750e+14 2.642461e+33
2.863778e+14 2.682006e+33
2.885977e+14 2.722142e+33
2.908349e+14 2.762878e+33
2.930893e+14 2.804224e+33
