# epsilon [g/cm^3]   P [dyn/cm^2]
1.364583e+14 6.458494e+32
1.375161e+14 6.560080e+32
1.385821e+14 6.663264e+32
1.396563e+14 6.768071e+32
1.407389e+14 6.874526e+32
1.418299e+14 6.982656e+32
1.429293e+14 7.092486e+32
1.440372e+14 7.204044e+32
1.451538e+14 7.317357e+32
1.462789e+14 7.432452e+32
1.474129e+14 7.549358e+32
1.485556e+14 7.668102e+32
1.497071e+14 7.788714e+32
1.508676e+14 7.911223e+32
1.520371e+14 8.035659e+32
1.532156e+14 8.162052e+32
1.544033e+14 8.290434e+32
1.556002e+14 8.420834e+32
1.568063e+14 8.553286e+32
1.580219e+14 8.687821e+32
1.592468e+14 8.824472e+32
1.604812e+14 8.963273e+32
1.617252e+14 9.104257e+32
1.629789e+14 9.247458e+32
1.642422e+14 9.392912e+32
1.655154e+14 9.540653e+32
1.667984e+14 9.690719e+32
1.680914e+14 9.843145e+32
1.693944e+14 9.997968e+32
1.707075e+14 1.015523e+33
1.720307e+14 1.031496e+33
1.733643e+14 1.047720e+33
1.747081e+14 1.064200e+33
1.760624e+14 1.080939e+33
1.774272e+14 1.097941e+33
1.788026e+14 1.115211e+33
1.801886e+14 1.132752e+33
1.815854e+14 1.150569e+33
1.829929e+14 1.168666e+33
1.844114e+14 1.187048e+33
1.858409e+14 1.205719e+33
1.872815e+14 1.224684e+33
1.887333e+14 1.243947e+33
1.901963e+14 1.263513e+33
1.916706e+14 1.283387e+33
1.931564e+14 1.303574e+33
1.946537e+14 1.324078e+33
1.961626e+14 1.344904e+33
1.976832e+14 1.366058e+33
1.992155e+14 1.387545e+33
2.007598e+14 1.409370e+33
2.023160e+14 1.431538e+33
2.038843e+14 1.454055e+33
2.054648e+14 1.476926e+33
2.070575e+14 1.500156e+33
2.086625e+14 1.523752e+33
2.102800e+14 1.547719e+33
2.119100e+14 1.572064e+33
2.135527e+14 1.596791e+33
2.152081e+14 1.621907e+33
2.168763e+14 1.647418e+33
2.185575e+14 1.673330e+33
2.202517e+14 1.699650e+33
2.219590e+14 1.726384e+33
2.236795e+14 1.753538e+33
2.254134e+14 1.781120e+33
2.271608e+14 1.809135e+33
2.289217e+14 1.837591e+33
2.306962e+14 1.866494e+33
2.324845e+14 1.895853e+33
2.342866e+14 1.925673e+33
2.361027e+14 1.955962e+33
2.379329e+14 1.986727e+33
2.397773e+14 2.017976e+33
2.416360e+14 2.049717e+33
2.435091e+14 2.081957e+33
2.453967e+14 2.114705e+33
2.472989e+14 2.147967e+33
2.492159e+14 2.181752e+33
2.511478e+14 2.216069e+33
2.530946e+14 2.250926e+33
2.550565e+14 2.286331e+33
2.570336e+14 2.322293e+33
2.590260e+14 2.358820e+33
2.610339e+14 2.395922e+33
2.630574e+14 2.433608e+33
2.650965e+14 2.471886e+33
2.671515e+14 2.510766e+33
2.692224e+14 2.550258e+33
2.713093e+14 2.590372e+33
2.734124e+14 2.631116e+33
2.755318e+14 2.672501e+33
2.776676e+14 2.714537e+33
2.798200e+14 2.757234e+33
2.819891e+14 2.800602e+33
2.841750e+14 2.844653e+33
2.863778e+14 2.889397e+33
2.885977e+14 2.934844e+33
2.908349e+14 2.981007e+33
2.930893e+14 3.027895e+33
