# epsilon [g/cm^3]   P [dyn/cm^2]
1.364583e+14 6.524281e+32
1.375161e+14 6.649565e+32
1.385821e+14 6.777255e+32
1.396563e+14 6.907397e+32
1.407389e+14 7.040038e+32
1.418299e+14 7.175226e+32
1.429293e+14 7.313010e+32
1.440372e+14 7.453440e+32
1.451538e+14 7.596567e+32
1.462789e+14 7.742442e+32
1.474129e+14 7.891118e+32
1.485556e+14 8.042649e+32
1.497071e+14 8.197090e+32
1.508676e+14 8.354497e+32
1.520371e+14 8.514926e+32
1.532156e+14 8.678436e+32
1.544033e+14 8.845086e+32
1.556002e+14 9.014936e+32
1.568063e+14 9.188048e+32
1.580219e+14 9.364484e+32
1.592468e+14 9.544308e+32
1.604812e+14 9.727585e+32
1.617252e+14 9.914381e+32
1.629789e+14 1.010476e+33
1.642422e+14 1.029880e+33
1.655154e+14 1.049657e+33
1.667984e+14 1.069813e+33
1.680914e+14 1.090357e+33
1.693944e+14 1.111294e+33
1.707075e+14 1.132634e+33
1.720307e+14 1.154384e+33
1.733643e+14 1.176551e+33
1.747081e+14 1.199144e+33
1.760624e+14 1.222171e+33
1.774272e+14 1.245640e+33
1.788026e+14 1.269560e+33
1.801886e+14 1.293939e+33
1.815854e+14 1.318786e+33
1.829929e+14 1.344111e+33
1.844114e+14 1.369921e+33
1.858409e+14 1.396228e+33
1.872815e+14 1.423039e+33
1.887333e+14 1.450365e+33
1.901963e+14 1.478216e+33
1.916706e+14 1.506602e+33
1.931564e+14 1.535533e+33
1.946537e+14 1.565019e+33
1.961626e+14 1.595072e+33
1.976832e+14 1.625702e+33
1.992155e+14 1.656920e+33
2.007598e+14 1.688737e+33
2.023160e+14 1.721166e+33
2.038843e+14 1.754217e+33
2.054648e+14 1.787903e+33
2.070575e+14 1.822235e+33
2.086625e+14 1.857227e+33
2.102800e+14 1.892891e+33
2.119100e+14 1.929240e+33
2.135527e+14 1.966286e+33
2.152081e+14 2.004045e+33
2.168763e+14 2.042528e+33
2.185575e+14 2.081750e+33
2.202517e+14 2.121725e+33
2.219590e+14 2.162468e+33
2.236795e+14 2.203994e+33
2.254134e+14 2.246316e+33
2.271608e+14 2.289452e+33
2.289217e+14 2.333415e+33
2.306962e+14 2.378223e+33
2.324845e+14 2.423892e+33
2.342866e+14 2.470437e+33
2.361027e+14 2.517877e+33
2.379329e+14 2.566227e+33
2.397773e+14 2.615505e+33
2.416360e+14 2.665730e+33
2.435091e+14 2.716920e+33
2.453967e+14 2.769092e+33
2.472989e+14 2.822266e+33
2.492159e+14 2.876461e+33
2.511478e+14 2.931697e+33
2.530946e+14 2.987994e+33
2.550565e+14 3.045372e+33
2.570336e+14 3.103851e+33
2.590260e+14 3.163454e+33
2.610339e+14 3.224201e+33
2.630574e+14 3.286114e+33
2.650965e+14 3.349217e+33
2.671515e+14 3.413531e+33
2.692224e+14 3.479080e+33
2.713093e+14 3.545888e+33
2.734124e+14 3.613979e+33
2.755318e+14 3.683377e+33
2.776676e+14 3.754108e+33
2.798200e+14 3.826197e+33
2.819891e+14 3.899671e+33
2.841750e+14 3.974555e+33
2.863778e+14 4.050878e+33
2.885977e+14 4.128666e+33
2.908349e+14 4.207947e+33
2.930893e+14 4.288752e+33
