# epsilon [g/cm^3]   P [dyn/cm^2]
1.364583e+14 6.634665e+32
1.375161e+14 6.800395e+32
1.385821e+14 6.970265e+32
1.396563e+14 7.144378e+32
1.407389e+14 7.322841e+32
1.418299e+14 7.505761e+32
1.429293e+14 7.693251e+32
1.440372e+14 7.885424e+32
1.451538e+14 8.082397e+32
1.462789e+14 8.284291e+32
1.474129e+14 8.491228e+32
1.485556e+14 8.703334e+32
1.497071e+14 8.920739e+32
1.508676e+14 9.143574e+32
1.520371e+14 9.371975e+32
1.532156e+14 9.606082e+32
1.544033e+14 9.846036e+32
1.556002e+14 1.009198e+33
1.568063e+14 1.034408e+33
1.580219e+14 1.060247e+33
1.592468e+14 1.086731e+33
1.604812e+14 1.113877e+33
1.617252e+14 1.141701e+33
1.629789e+14 1.170220e+33
1.642422e+14 1.199451e+33
1.655154e+14 1.229413e+33
1.667984e+14 1.260123e+33
1.680914e+14 1.291600e+33
1.693944e+14 1.323864e+33
1.707075e+14 1.356933e+33
1.720307e+14 1.390829e+33
1.733643e+14 1.425571e+33
1.747081e+14 1.461181e+33
1.760624e+14 1.497680e+33
1.774272e+14 1.535091e+33
1.788026e+14 1.573437e+33
1.801886e+14 1.612741e+33
1.815854e+14 1.653026e+33
1.829929e+14 1.694318e+33
1.844114e+14 1.736641e+33
1.858409e+14 1.780021e+33
1.872815e+14 1.824485e+33
1.887333e+14 1.870060e+33
1.901963e+14 1.916773e+33
1.916706e+14 1.964653e+33
1.931564e+14 2.013728e+33
1.946537e+14 2.064030e+33
1.961626e+14 2.115589e+33
1.976832e+14 2.168435e+33
1.992155e+14 2.222601e+33
2.007598e+14 2.278120e+33
2.023160e+14 2.335027e+33
2.038843e+14 2.393354e+33
2.054648e+14 2.453139e+33
2.070575e+14 2.514417e+33
2.086625e+14 2.577226e+33
2.102800e+14 2.641603e+33
2.119100e+14 2.707589e+33
2.135527e+14 2.775223e+33
2.152081e+14 2.844547e+33
2.168763e+14 2.915602e+33
2.185575e+14 2.988432e+33
2.202517e+14 3.063081e+33
2.219590e+14 3.139595e+33
2.236795e+14 3.218021e+33
2.254134e+14 3.298405e+33
2.271608e+14 3.380797e+33
2.289217e+14 3.465248e+33
2.306962e+14 3.551808e+33
2.324845e+14 3.640530e+33
2.342866e+14 3.731468e+33
2.361027e+14 3.824678e+33
2.379329e+14 3.920217e+33
2.397773e+14 4.018141e+33
2.416360e+14 4.118512e+33
2.435091e+14 4.221391e+33
2.453967e+14 4.326839e+33
2.472989e+14 4.434921e+33
2.492159e+14 4.545702e+33
2.511478e+14 4.659251e+33
2.530946e+14 4.775637e+33
2.550565e+14 4.894930e+33
2.570336e+14 5.017202e+33
2.590260e+14 5.142529e+33
2.610339e+14 5.270987e+33
2.630574e+14 5.402653e+33
2.650965e+14 5.537608e+33
2.671515e+14 5.675935e+33
2.692224e+14 5.817716e+33
2.713093e+14 5.963040e+33
2.734124e+14 6.111993e+33
2.755318e+14 6.264667e+33
2.776676e+14 6.421155e+33
2.798200e+14 6.581552e+33
2.819891e+14 6.745955e+33
2.841750e+14 6.914466e+33
2.863778e+14 7.087185e+33
2.885977e+14 7.264219e+33
2.908349e+14 7.445675e+33
2.930893e+14 7.631664e+33
