# epsilon [g/cm^3]   P [dyn/cm^2]
1.364583e+14 6.629412e+32
1.375161e+14 6.793198e+32
1.385821e+14 6.961030e+32
1.396563e+14 7.133009e+32
1.407389e+14 7.309237e+32
1.418299e+14 7.489819e+32
1.429293e+14 7.674863e+32
1.440372e+14 7.864478e+32
1.451538e+14 8.058777e+32
1.462789e+14 8.257878e+32
1.474129e+14 8.461897e+32
1.485556e+14 8.670956e+32
1.497071e+14 8.885181e+32
1.508676e+14 9.104698e+32
1.520371e+14 9.329638e+32
1.532156e+14 9.560136e+32
1.544033e+14 9.796329e+32
1.556002e+14 1.003836e+33
1.568063e+14 1.028636e+33
1.580219e+14 1.054050e+33
1.592468e+14 1.080091e+33
1.604812e+14 1.106776e+33
1.617252e+14 1.134120e+33
1.629789e+14 1.162139e+33
1.642422e+14 1.190851e+33
1.655154e+14 1.220272e+33
1.667984e+14 1.250420e+33
1.680914e+14 1.281313e+33
1.693944e+14 1.312969e+33
1.707075e+14 1.345408e+33
1.720307e+14 1.378647e+33
1.733643e+14 1.412708e+33
1.747081e+14 1.447610e+33
1.760624e+14 1.483375e+33
1.774272e+14 1.520023e+33
1.788026e+14 1.557577e+33
1.801886e+14 1.596059e+33
1.815854e+14 1.635491e+33
1.829929e+14 1.675897e+33
1.844114e+14 1.717302e+33
1.858409e+14 1.759729e+33
1.872815e+14 1.803205e+33
1.887333e+14 1.847755e+33
1.901963e+14 1.893406e+33
1.916706e+14 1.940184e+33
1.931564e+14 1.988119e+33
1.946537e+14 2.037237e+33
1.961626e+14 2.087569e+33
1.976832e+14 2.139144e+33
1.992155e+14 2.191994e+33
2.007598e+14 2.246149e+33
2.023160e+14 2.301643e+33
2.038843e+14 2.358507e+33
2.054648e+14 2.416776e+33
2.070575e+14 2.476485e+33
2.086625e+14 2.537669e+33
2.102800e+14 2.600365e+33
2.119100e+14 2.664609e+33
2.135527e+14 2.730441e+33
2.152081e+14 2.797899e+33
2.168763e+14 2.867024e+33
2.185575e+14 2.937857e+33
2.202517e+14 3.010440e+33
2.219590e+14 3.084815e+33
2.236795e+14 3.161029e+33
2.254134e+14 3.239125e+33
2.271608e+14 3.319151e+33
2.289217e+14 3.401154e+33
2.306962e+14 3.485183e+33
2.324845e+14 3.571288e+33
2.342866e+14 3.659520e+33
2.361027e+14 3.749932e+33
2.379329e+14 3.842578e+33
2.397773e+14 3.937512e+33
2.416360e+14 4.034792e+33
2.435091e+14 4.134476e+33
2.453967e+14 4.236622e+33
2.472989e+14 4.341292e+33
2.492159e+14 4.448548e+33
2.511478e+14 4.558454e+33
2.530946e+14 4.671075e+33
2.550565e+14 4.786478e+33
2.570336e+14 4.904733e+33
2.590260e+14 5.025909e+33
2.610339e+14 5.150079e+33
2.630574e+14 5.277317e+33
2.650965e+14 5.407699e+33
2.671515e+14 5.541301e+33
2.692224e+14 5.678204e+33
2.713093e+14 5.818490e+33
2.734124e+14 5.962242e+33
2.755318e+14 6.109545e+33
2.776676e+14 6.260487e+33
2.798200e+14 6.415158e+33
2.819891e+14 6.573651e+33
2.841750e+14 6.736060e+33
2.863778e+14 6.902481e+33
2.885977e+14 7.073013e+33
2.908349e+14 7.247759e+33
2.930893e+14 7.426822e+33
