# epsilon [g/cm^3]   P [dyn/cm^2]
1.364583e+14 6.624073e+32
1.375161e+14 6.785885e+32
1.385821e+14 6.951651e+32
1.396563e+14 7.121465e+32
1.407389e+14 7.295428e+32
1.418299e+14 7.473640e+32
1.429293e+14 7.656205e+32
1.440372e+14 7.843231e+32
1.451538e+14 8.034825e+32
1.462789e+14 8.231099e+32
1.474129e+14 8.432167e+32
1.485556e+14 8.638148e+32
1.497071e+14 8.849160e+32
1.508676e+14 9.065327e+32
1.520371e+14 9.286774e+32
1.532156e+14 9.513630e+32
1.544033e+14 9.746029e+32
1.556002e+14 9.984104e+32
1.568063e+14 1.022800e+33
1.580219e+14 1.047784e+33
1.592468e+14 1.073380e+33
1.604812e+14 1.099600e+33
1.617252e+14 1.126461e+33
1.629789e+14 1.153978e+33
1.642422e+14 1.182167e+33
1.655154e+14 1.211045e+33
1.667984e+14 1.240629e+33
1.680914e+14 1.270935e+33
1.693944e+14 1.301981e+33
1.707075e+14 1.333786e+33
1.720307e+14 1.366367e+33
1.733643e+14 1.399745e+33
1.747081e+14 1.433938e+33
1.760624e+14 1.468966e+33
1.774272e+14 1.504850e+33
1.788026e+14 1.541610e+33
1.801886e+14 1.579268e+33
1.815854e+14 1.617847e+33
1.829929e+14 1.657367e+33
1.844114e+14 1.697853e+33
1.858409e+14 1.739328e+33
1.872815e+14 1.781816e+33
1.887333e+14 1.825343e+33
1.901963e+14 1.869932e+33
1.916706e+14 1.915610e+33
1.931564e+14 1.962405e+33
1.946537e+14 2.010342e+33
1.961626e+14 2.059451e+33
1.976832e+14 2.109759e+33
1.992155e+14 2.161296e+33
2.007598e+14 2.214092e+33
2.023160e+14 2.268178e+33
2.038843e+14 2.323585e+33
2.054648e+14 2.380345e+33
2.070575e+14 2.438492e+33
2.086625e+14 2.498059e+33
2.102800e+14 2.559082e+33
2.119100e+14 2.621595e+33
2.135527e+14 2.685635e+33
2.152081e+14 2.751239e+33
2.168763e+14 2.818446e+33
2.185575e+14 2.887295e+33
2.202517e+14 2.957826e+33
2.219590e+14 3.030079e+33
2.236795e+14 3.104098e+33
2.254134e+14 3.179925e+33
2.271608e+14 3.257604e+33
2.289217e+14 3.337180e+33
2.306962e+14 3.418701e+33
2.324845e+14 3.502212e+33
2.342866e+14 3.587764e+33
2.361027e+14 3.675406e+33
2.379329e+14 3.765188e+33
2.397773e+14 3.857164e+33
2.416360e+14 3.951387e+33
2.435091e+14 4.047911e+33
2.453967e+14 4.146793e+33
2.472989e+14 4.248091e+33
2.492159e+14 4.351863e+33
2.511478e+14 4.458170e+33
2.530946e+14 4.567074e+33
2.550565e+14 4.678638e+33
2.570336e+14 4.792927e+33
2.590260e+14 4.910008e+33
2.610339e+14 5.029950e+33
2.630574e+14 5.152821e+33
2.650965e+14 5.278694e+33
2.671515e+14 5.407641e+33
2.692224e+14 5.539739e+33
2.713093e+14 5.675063e+33
2.734124e+14 5.813693e+33
2.755318e+14 5.955710e+33
2.776676e+14 6.101195e+33
2.798200e+14 6.250235e+33
2.819891e+14 6.402915e+33
2.841750e+14 6.559325e+33
2.863778e+14 6.719556e+33
2.885977e+14 6.883701e+33
2.908349e+14 7.051856e+33
2.930893e+14 7.224118e+33
