# epsilon [g/cm^3]   P [dyn/cm^2]
1.364583e+14 6.554367e+32
1.375161e+14 6.690591e+32
1.385821e+14 6.829646e+32
1.396563e+14 6.971591e+32
1.407389e+14 7.116486e+32
1.418299e+14 7.264393e+32
1.429293e+14 7.415373e+32
1.440372e+14 7.569492e+32
1.451538e+14 7.726813e+32
1.462789e+14 7.887405e+32
1.474129e+14 8.051334e+32
1.485556e+14 8.218670e+32
1.497071e+14 8.389484e+32
1.508676e+14 8.563848e+32
1.520371e+14 8.741836e+32
1.532156e+14 8.923523e+32
1.544033e+14 9.108987e+32
1.556002e+14 9.298305e+32
1.568063e+14 9.491557e+32
1.580219e+14 9.688827e+32
1.592468e+14 9.890196e+32
1.604812e+14 1.009575e+33
1.617252e+14 1.030558e+33
1.629789e+14 1.051976e+33
1.642422e+14 1.073840e+33
1.655154e+14 1.096159e+33
1.667984e+14 1.118941e+33
1.680914e+14 1.142196e+33
1.693944e+14 1.165935e+33
1.707075e+14 1.190168e+33
1.720307e+14 1.214904e+33
1.733643e+14 1.240154e+33
1.747081e+14 1.265929e+33
1.760624e+14 1.292240e+33
1.774272e+14 1.319097e+33
1.788026e+14 1.346513e+33
1.801886e+14 1.374498e+33
1.815854e+14 1.403065e+33
1.829929e+14 1.432226e+33
1.844114e+14 1.461993e+33
1.858409e+14 1.492378e+33
1.872815e+14 1.523396e+33
1.887333e+14 1.555057e+33
1.901963e+14 1.587377e+33
1.916706e+14 1.620369e+33
1.931564e+14 1.654046e+33
1.946537e+14 1.688423e+33
1.961626e+14 1.723514e+33
1.976832e+14 1.759335e+33
1.992155e+14 1.795901e+33
2.007598e+14 1.833226e+33
2.023160e+14 1.871327e+33
2.038843e+14 1.910220e+33
2.054648e+14 1.949922e+33
2.070575e+14 1.990448e+33
2.086625e+14 2.031817e+33
2.102800e+14 2.074045e+33
2.119100e+14 2.117152e+33
2.135527e+14 2.161154e+33
2.152081e+14 2.206070e+33
2.168763e+14 2.251921e+33
2.185575e+14 2.298724e+33
2.202517e+14 2.346500e+33
2.219590e+14 2.395268e+33
2.236795e+14 2.445051e+33
2.254134e+14 2.495868e+33
2.271608e+14 2.547741e+33
2.289217e+14 2.600693e+33
2.306962e+14 2.654744e+33
2.324845e+14 2.709920e+33
2.342866e+14 2.766242e+33
2.361027e+14 2.823734e+33
2.379329e+14 2.882422e+33
2.397773e+14 2.942329e+33
2.416360e+14 3.003481e+33
2.435091e+14 3.065905e+33
2.453967e+14 3.129625e+33
2.472989e+14 3.194670e+33
2.492159e+14 3.261067e+33
2.511478e+14 3.328844e+33
2.530946e+14 3.398030e+33
2.550565e+14 3.468653e+33
2.570336e+14 3.540744e+33
2.590260e+14 3.614334e+33
2.610339e+14 3.689453e+33
2.630574e+14 3.766133e+33
2.650965e+14 3.844407e+33
2.671515e+14 3.924308e+33
2.692224e+14 4.005870e+33
2.713093e+14 4.089126e+33
2.734124e+14 4.174113e+33
2.755318e+14 4.260867e+33
2.776676e+14 4.349423e+33
2.798200e+14 4.439820e+33
2.819891e+14 4.532095e+33
2.841750e+14 4.626289e+33
2.863778e+14 4.722440e+33
2.885977e+14 4.820590e+33
2.908349e+14 4.920779e+33
2.930893e+14 5.023051e+33
