# epsilon [g/cm^3]   P [dyn/cm^2]
1.364583e+14 6.580739e+32
1.375161e+14 6.726603e+32
1.385821e+14 6.875701e+32
1.396563e+14 7.028104e+32
1.407389e+14 7.183884e+32
1.418299e+14 7.343118e+32
1.429293e+14 7.505881e+32
1.440372e+14 7.672251e+32
1.451538e+14 7.842310e+32
1.462789e+14 8.016138e+32
1.474129e+14 8.193818e+32
1.485556e+14 8.375437e+32
1.497071e+14 8.561082e+32
1.508676e+14 8.750842e+32
1.520371e+14 8.944808e+32
1.532156e+14 9.143073e+32
1.544033e+14 9.345732e+32
1.556002e+14 9.552884e+32
1.568063e+14 9.764627e+32
1.580219e+14 9.981064e+32
1.592468e+14 1.020230e+33
1.604812e+14 1.042844e+33
1.617252e+14 1.065959e+33
1.629789e+14 1.089586e+33
1.642422e+14 1.113737e+33
1.655154e+14 1.138423e+33
1.667984e+14 1.163657e+33
1.680914e+14 1.189450e+33
1.693944e+14 1.215815e+33
1.707075e+14 1.242764e+33
1.720307e+14 1.270310e+33
1.733643e+14 1.298467e+33
1.747081e+14 1.327248e+33
1.760624e+14 1.356667e+33
1.774272e+14 1.386738e+33
1.788026e+14 1.417475e+33
1.801886e+14 1.448894e+33
1.815854e+14 1.481010e+33
1.829929e+14 1.513837e+33
1.844114e+14 1.547391e+33
1.858409e+14 1.581690e+33
1.872815e+14 1.616749e+33
1.887333e+14 1.652585e+33
1.901963e+14 1.689215e+33
1.916706e+14 1.726657e+33
1.931564e+14 1.764929e+33
1.946537e+14 1.804049e+33
1.961626e+14 1.844037e+33
1.976832e+14 1.884910e+33
1.992155e+14 1.926690e+33
2.007598e+14 1.969396e+33
2.023160e+14 2.013048e+33
2.038843e+14 2.057668e+33
2.054648e+14 2.103277e+33
2.070575e+14 2.149897e+33
2.086625e+14 2.197551e+33
2.102800e+14 2.246260e+33
2.119100e+14 2.296049e+33
2.135527e+14 2.346942e+33
2.152081e+14 2.398963e+33
2.168763e+14 2.452137e+33
2.185575e+14 2.506489e+33
2.202517e+14 2.562047e+33
2.219590e+14 2.618835e+33
2.236795e+14 2.676883e+33
2.254134e+14 2.736217e+33
2.271608e+14 2.796866e+33
2.289217e+14 2.858860e+33
2.306962e+14 2.922228e+33
2.324845e+14 2.987000e+33
2.342866e+14 3.053208e+33
2.361027e+14 3.120884e+33
2.379329e+14 3.190059e+33
2.397773e+14 3.260768e+33
2.416360e+14 3.333044e+33
2.435091e+14 3.406922e+33
2.453967e+14 3.482438e+33
2.472989e+14 3.559628e+33
2.492159e+14 3.638528e+33
2.511478e+14 3.719177e+33
2.530946e+14 3.801614e+33
2.550565e+14 3.885879e+33
2.570336e+14 3.972011e+33
2.590260e+14 4.060052e+33
2.610339e+14 4.150044e+33
2.630574e+14 4.242032e+33
2.650965e+14 4.336058e+33
2.671515e+14 4.432168e+33
2.692224e+14 4.530409e+33
2.713093e+14 4.630827e+33
2.734124e+14 4.733471e+33
2.755318e+14 4.838390e+33
2.776676e+14 4.945635e+33
2.798200e+14 5.055257e+33
2.819891e+14 5.167309e+33
2.841750e+14 5.281844e+33
2.863778e+14 5.398918e+33
2.885977e+14 5.518587e+33
2.908349e+14 5.640909e+33
2.930893e+14 5.765942e+33
