# epsilon [g/cm^3]   P [dyn/cm^2]
1.364583e+14 6.483090e+32
1.375161e+14 6.593500e+32
1.385821e+14 6.705790e+32
1.396563e+14 6.819993e+32
1.407389e+14 6.936141e+32
1.418299e+14 7.054267e+32
1.429293e+14 7.174405e+32
1.440372e+14 7.296588e+32
1.451538e+14 7.420853e+32
1.462789e+14 7.547234e+32
1.474129e+14 7.675767e+32
1.485556e+14 7.806489e+32
1.497071e+14 7.939437e+32
1.508676e+14 8.074650e+32
1.520371e+14 8.212165e+32
1.532156e+14 8.352022e+32
1.544033e+14 8.494261e+32
1.556002e+14 8.638923e+32
1.568063e+14 8.786048e+32
1.580219e+14 8.935678e+32
1.592468e+14 9.087857e+32
1.604812e+14 9.242628e+32
1.617252e+14 9.400035e+32
1.629789e+14 9.560122e+32
1.642422e+14 9.722935e+32
1.655154e+14 9.888522e+32
1.667984e+14 1.005693e+33
1.680914e+14 1.022820e+33
1.693944e+14 1.040239e+33
1.707075e+14 1.057955e+33
1.720307e+14 1.075973e+33
1.733643e+14 1.094297e+33
1.747081e+14 1.112933e+33
1.760624e+14 1.131887e+33
1.774272e+14 1.151164e+33
1.788026e+14 1.170769e+33
1.801886e+14 1.190707e+33
1.815854e+14 1.210986e+33
1.829929e+14 1.231610e+33
1.844114e+14 1.252584e+33
1.858409e+14 1.273917e+33
1.872815e+14 1.295612e+33
1.887333e+14 1.317677e+33
1.901963e+14 1.340118e+33
1.916706e+14 1.362940e+33
1.931564e+14 1.386152e+33
1.946537e+14 1.409759e+33
1.961626e+14 1.433768e+33
1.976832e+14 1.458185e+33
1.992155e+14 1.483019e+33
2.007598e+14 1.508276e+33
2.023160e+14 1.533962e+33
2.038843e+14 1.560086e+33
2.054648e+14 1.586655e+33
2.070575e+14 1.613677e+33
2.086625e+14 1.641159e+33
2.102800e+14 1.669108e+33
2.119100e+14 1.697534e+33
2.135527e+14 1.726444e+33
2.152081e+14 1.755846e+33
2.168763e+14 1.785749e+33
2.185575e+14 1.816161e+33
2.202517e+14 1.847091e+33
2.219590e+14 1.878548e+33
2.236795e+14 1.910541e+33
2.254134e+14 1.943078e+33
2.271608e+14 1.976170e+33
2.289217e+14 2.009825e+33
2.306962e+14 2.044053e+33
2.324845e+14 2.078865e+33
2.342866e+14 2.114269e+33
2.361027e+14 2.150276e+33
2.379329e+14 2.186896e+33
2.397773e+14 2.224140e+33
2.416360e+14 2.262018e+33
2.435091e+14 2.300541e+33
2.453967e+14 2.339721e+33
2.472989e+14 2.379567e+33
2.492159e+14 2.420093e+33
2.511478e+14 2.461308e+33
2.530946e+14 2.503225e+33
2.550565e+14 2.545856e+33
2.570336e+14 2.589214e+33
2.590260e+14 2.633309e+33
2.610339e+14 2.678156e+33
2.630574e+14 2.723766e+33
2.650965e+14 2.770153e+33
2.671515e+14 2.817330e+33
2.692224e+14 2.865311e+33
2.713093e+14 2.914108e+33
2.734124e+14 2.963737e+33
2.755318e+14 3.014211e+33
2.776676e+14 3.065544e+33
2.798200e+14 3.117752e+33
2.819891e+14 3.170849e+33
2.841750e+14 3.224850e+33
2.863778e+14 3.279771e+33
2.885977e+14 3.335627e+33
2.908349e+14 3.392434e+33
2.930893e+14 3.450209e+33
