# epsilon [g/cm^3]   P [dyn/cm^2]
1.364583e+14 6.594327e+32
1.375161e+14 6.745178e+32
1.385821e+14 6.899480e+32
1.396563e+14 7.057311e+32
1.407389e+14 7.218754e+32
1.418299e+14 7.383889e+32
1.429293e+14 7.552802e+32
1.440372e+14 7.725579e+32
1.451538e+14 7.902308e+32
1.462789e+14 8.083081e+32
1.474129e+14 8.267988e+32
1.485556e+14 8.457126e+32
1.497071e+14 8.650590e+32
1.508676e+14 8.848480e+32
1.520371e+14 9.050897e+32
1.532156e+14 9.257944e+32
1.544033e+14 9.469728e+32
1.556002e+14 9.686356e+32
1.568063e+14 9.907940e+32
1.580219e+14 1.013459e+33
1.592468e+14 1.036643e+33
1.604812e+14 1.060357e+33
1.617252e+14 1.084614e+33
1.629789e+14 1.109425e+33
1.642422e+14 1.134804e+33
1.655154e+14 1.160764e+33
1.667984e+14 1.187318e+33
1.680914e+14 1.214478e+33
1.693944e+14 1.242261e+33
1.707075e+14 1.270679e+33
1.720307e+14 1.299746e+33
1.733643e+14 1.329479e+33
1.747081e+14 1.359892e+33
1.760624e+14 1.391001e+33
1.774272e+14 1.422821e+33
1.788026e+14 1.455370e+33
1.801886e+14 1.488663e+33
1.815854e+14 1.522717e+33
1.829929e+14 1.557551e+33
1.844114e+14 1.593181e+33
1.858409e+14 1.629626e+33
1.872815e+14 1.666905e+33
1.887333e+14 1.705037e+33
1.901963e+14 1.744042e+33
1.916706e+14 1.783938e+33
1.931564e+14 1.824747e+33
1.946537e+14 1.866490e+33
1.961626e+14 1.909188e+33
1.976832e+14 1.952862e+33
1.992155e+14 1.997535e+33
2.007598e+14 2.043231e+33
2.023160e+14 2.089972e+33
2.038843e+14 2.137781e+33
2.054648e+14 2.186685e+33
2.070575e+14 2.236707e+33
2.086625e+14 2.287874e+33
2.102800e+14 2.340211e+33
2.119100e+14 2.393746e+33
2.135527e+14 2.448505e+33
2.152081e+14 2.504516e+33
2.168763e+14 2.561809e+33
2.185575e+14 2.620413e+33
2.202517e+14 2.680357e+33
2.219590e+14 2.741673e+33
2.236795e+14 2.804391e+33
2.254134e+14 2.868544e+33
2.271608e+14 2.934164e+33
2.289217e+14 3.001286e+33
2.306962e+14 3.069943e+33
2.324845e+14 3.140171e+33
2.342866e+14 3.212005e+33
2.361027e+14 3.285482e+33
2.379329e+14 3.360641e+33
2.397773e+14 3.437518e+33
2.416360e+14 3.516155e+33
2.435091e+14 3.596590e+33
2.453967e+14 3.678865e+33
2.472989e+14 3.763022e+33
2.492159e+14 3.849105e+33
2.511478e+14 3.937156e+33
2.530946e+14 4.027222e+33
2.550565e+14 4.119349e+33
2.570336e+14 4.213582e+33
2.590260e+14 4.309972e+33
2.610339e+14 4.408566e+33
2.630574e+14 4.509416e+33
2.650965e+14 4.612573e+33
2.671515e+14 4.718090e+33
2.692224e+14 4.826020e+33
2.713093e+14 4.936420e+33
2.734124e+14 5.049344e+33
2.755318e+14 5.164853e+33
2.776676e+14 5.283003e+33
2.798200e+14 5.403857e+33
2.819891e+14 5.527475e+33
2.841750e+14 5.653921e+33
2.863778e+14 5.783259e+33
2.885977e+14 5.915556e+33
2.908349e+14 6.050880e+33
2.930893e+14 6.189299e+33
