# epsilon [g/cm^3]   P [dyn/cm^2]
1.364583e+14 6.571546e+32
1.375161e+14 6.714044e+32
1.385821e+14 6.859632e+32
1.396563e+14 7.008378e+32
1.407389e+14 7.160348e+32
1.418299e+14 7.315614e+32
1.429293e+14 7.474247e+32
1.440372e+14 7.636319e+32
1.451538e+14 7.801906e+32
1.462789e+14 7.971084e+32
1.474129e+14 8.143930e+32
1.485556e+14 8.320524e+32
1.497071e+14 8.500947e+32
1.508676e+14 8.685283e+32
1.520371e+14 8.873616e+32
1.532156e+14 9.066033e+32
1.544033e+14 9.262622e+32
1.556002e+14 9.463474e+32
1.568063e+14 9.668681e+32
1.580219e+14 9.878338e+32
1.592468e+14 1.009254e+33
1.604812e+14 1.031139e+33
1.617252e+14 1.053498e+33
1.629789e+14 1.076342e+33
1.642422e+14 1.099682e+33
1.655154e+14 1.123528e+33
1.667984e+14 1.147890e+33
1.680914e+14 1.172781e+33
1.693944e+14 1.198212e+33
1.707075e+14 1.224194e+33
1.720307e+14 1.250740e+33
1.733643e+14 1.277861e+33
1.747081e+14 1.305570e+33
1.760624e+14 1.333881e+33
1.774272e+14 1.362805e+33
1.788026e+14 1.392356e+33
1.801886e+14 1.422548e+33
1.815854e+14 1.453395e+33
1.829929e+14 1.484910e+33
1.844114e+14 1.517109e+33
1.858409e+14 1.550006e+33
1.872815e+14 1.583617e+33
1.887333e+14 1.617956e+33
1.901963e+14 1.653040e+33
1.916706e+14 1.688885e+33
1.931564e+14 1.725507e+33
1.946537e+14 1.762923e+33
1.961626e+14 1.801151e+33
1.976832e+14 1.840207e+33
1.992155e+14 1.880110e+33
2.007598e+14 1.920879e+33
2.023160e+14 1.962531e+33
2.038843e+14 2.005087e+33
2.054648e+14 2.048566e+33
2.070575e+14 2.092987e+33
2.086625e+14 2.138372e+33
2.102800e+14 2.184741e+33
2.119100e+14 2.232115e+33
2.135527e+14 2.280516e+33
2.152081e+14 2.329967e+33
2.168763e+14 2.380491e+33
2.185575e+14 2.432109e+33
2.202517e+14 2.484848e+33
2.219590e+14 2.538729e+33
2.236795e+14 2.593780e+33
2.254134e+14 2.650023e+33
2.271608e+14 2.707487e+33
2.289217e+14 2.766196e+33
2.306962e+14 2.826179e+33
2.324845e+14 2.887462e+33
2.342866e+14 2.950074e+33
2.361027e+14 3.014044e+33
2.379329e+14 3.079401e+33
2.397773e+14 3.146175e+33
2.416360e+14 3.214397e+33
2.435091e+14 3.284099e+33
2.453967e+14 3.355312e+33
2.472989e+14 3.428069e+33
2.492159e+14 3.502403e+33
2.511478e+14 3.578350e+33
2.530946e+14 3.655943e+33
2.550565e+14 3.735219e+33
2.570336e+14 3.816214e+33
2.590260e+14 3.898965e+33
2.610339e+14 3.983511e+33
2.630574e+14 4.069890e+33
2.650965e+14 4.158142e+33
2.671515e+14 4.248308e+33
2.692224e+14 4.340429e+33
2.713093e+14 4.434547e+33
2.734124e+14 4.530706e+33
2.755318e+14 4.628951e+33
2.776676e+14 4.729326e+33
2.798200e+14 4.831877e+33
2.819891e+14 4.936652e+33
2.841750e+14 5.043699e+33
2.863778e+14 5.153067e+33
2.885977e+14 5.264807e+33
2.908349e+14 5.378970e+33
2.930893e+14 5.495608e+33
