# epsilon [g/cm^3]   P [dyn/cm^2]
1.364583e+14 6.496892e+32
1.375161e+14 6.612273e+32
1.385821e+14 6.729703e+32
1.396563e+14 6.849219e+32
1.407389e+14 6.970857e+32
1.418299e+14 7.094655e+32
1.429293e+14 7.220652e+32
1.440372e+14 7.348887e+32
1.451538e+14 7.479398e+32
1.462789e+14 7.612228e+32
1.474129e+14 7.747417e+32
1.485556e+14 7.885006e+32
1.497071e+14 8.025039e+32
1.508676e+14 8.167559e+32
1.520371e+14 8.312610e+32
1.532156e+14 8.460237e+32
1.544033e+14 8.610486e+32
1.556002e+14 8.763403e+32
1.568063e+14 8.919036e+32
1.580219e+14 9.077433e+32
1.592468e+14 9.238642e+32
1.604812e+14 9.402715e+32
1.617252e+14 9.569702e+32
1.629789e+14 9.739654e+32
1.642422e+14 9.912625e+32
1.655154e+14 1.008867e+33
1.667984e+14 1.026784e+33
1.680914e+14 1.045019e+33
1.693944e+14 1.063578e+33
1.707075e+14 1.082466e+33
1.720307e+14 1.101690e+33
1.733643e+14 1.121255e+33
1.747081e+14 1.141168e+33
1.760624e+14 1.161435e+33
1.774272e+14 1.182061e+33
1.788026e+14 1.203054e+33
1.801886e+14 1.224419e+33
1.815854e+14 1.246164e+33
1.829929e+14 1.268295e+33
1.844114e+14 1.290820e+33
1.858409e+14 1.313744e+33
1.872815e+14 1.337075e+33
1.887333e+14 1.360821e+33
1.901963e+14 1.384988e+33
1.916706e+14 1.409585e+33
1.931564e+14 1.434618e+33
1.946537e+14 1.460096e+33
1.961626e+14 1.486026e+33
1.976832e+14 1.512417e+33
1.992155e+14 1.539277e+33
2.007598e+14 1.566614e+33
2.023160e+14 1.594436e+33
2.038843e+14 1.622752e+33
2.054648e+14 1.651571e+33
2.070575e+14 1.680902e+33
2.086625e+14 1.710754e+33
2.102800e+14 1.741136e+33
2.119100e+14 1.772057e+33
2.135527e+14 1.803528e+33
2.152081e+14 1.835558e+33
2.168763e+14 1.868156e+33
2.185575e+14 1.901333e+33
2.202517e+14 1.935100e+33
2.219590e+14 1.969466e+33
2.236795e+14 2.004443e+33
2.254134e+14 2.040040e+33
2.271608e+14 2.076270e+33
2.289217e+14 2.113144e+33
2.306962e+14 2.150672e+33
2.324845e+14 2.188866e+33
2.342866e+14 2.227739e+33
2.361027e+14 2.267303e+33
2.379329e+14 2.307569e+33
2.397773e+14 2.348550e+33
2.416360e+14 2.390259e+33
2.435091e+14 2.432708e+33
2.453967e+14 2.475912e+33
2.472989e+14 2.519882e+33
2.492159e+14 2.564634e+33
2.511478e+14 2.610180e+33
2.530946e+14 2.656535e+33
2.550565e+14 2.703714e+33
2.570336e+14 2.751730e+33
2.590260e+14 2.800599e+33
2.610339e+14 2.850336e+33
2.630574e+14 2.900957e+33
2.650965e+14 2.952476e+33
2.671515e+14 3.004910e+33
2.692224e+14 3.058276e+33
2.713093e+14 3.112589e+33
2.734124e+14 3.167866e+33
2.755318e+14 3.224126e+33
2.776676e+14 3.281384e+33
2.798200e+14 3.339660e+33
2.819891e+14 3.398970e+33
2.841750e+14 3.459334e+33
2.863778e+14 3.520770e+33
2.885977e+14 3.583296e+33
2.908349e+14 3.646934e+33
2.930893e+14 3.711701e+33
