# epsilon [g/cm^3]   P [dyn/cm^2]
1.364583e+14 6.433114e+32
1.375161e+14 6.525639e+32
1.385821e+14 6.619496e+32
1.396563e+14 6.714702e+32
1.407389e+14 6.811277e+32
1.418299e+14 6.909241e+32
1.429293e+14 7.008614e+32
1.440372e+14 7.109417e+32
1.451538e+14 7.211669e+32
1.462789e+14 7.315392e+32
1.474129e+14 7.420607e+32
1.485556e+14 7.527335e+32
1.497071e+14 7.635598e+32
1.508676e+14 7.745419e+32
1.520371e+14 7.856818e+32
1.532156e+14 7.969820e+32
1.544033e+14 8.084448e+32
1.556002e+14 8.200723e+32
1.568063e+14 8.318672e+32
1.580219e+14 8.438316e+32
1.592468e+14 8.559682e+32
1.604812e+14 8.682793e+32
1.617252e+14 8.807674e+32
1.629789e+14 8.934352e+32
1.642422e+14 9.062852e+32
1.655154e+14 9.193200e+32
1.667984e+14 9.325423e+32
1.680914e+14 9.459547e+32
1.693944e+14 9.595601e+32
1.707075e+14 9.733611e+32
1.720307e+14 9.873606e+32
1.733643e+14 1.001561e+33
1.747081e+14 1.015967e+33
1.760624e+14 1.030579e+33
1.774272e+14 1.045401e+33
1.788026e+14 1.060437e+33
1.801886e+14 1.075689e+33
1.815854e+14 1.091160e+33
1.829929e+14 1.106854e+33
1.844114e+14 1.122774e+33
1.858409e+14 1.138922e+33
1.872815e+14 1.155303e+33
1.887333e+14 1.171919e+33
1.901963e+14 1.188774e+33
1.916706e+14 1.205872e+33
1.931564e+14 1.223216e+33
1.946537e+14 1.240809e+33
1.961626e+14 1.258655e+33
1.976832e+14 1.276758e+33
1.992155e+14 1.295121e+33
2.007598e+14 1.313748e+33
2.023160e+14 1.332643e+33
2.038843e+14 1.351810e+33
2.054648e+14 1.371253e+33
2.070575e+14 1.390975e+33
2.086625e+14 1.410981e+33
2.102800e+14 1.431275e+33
2.119100e+14 1.451860e+33
2.135527e+14 1.472742e+33
2.152081e+14 1.493924e+33
2.168763e+14 1.515411e+33
2.185575e+14 1.537206e+33
2.202517e+14 1.559315e+33
2.219590e+14 1.581743e+33
2.236795e+14 1.604492e+33
2.254134e+14 1.627569e+33
2.271608e+14 1.650978e+33
2.289217e+14 1.674723e+33
2.306962e+14 1.698810e+33
2.324845e+14 1.723244e+33
2.342866e+14 1.748029e+33
2.361027e+14 1.773170e+33
2.379329e+14 1.798673e+33
2.397773e+14 1.824542e+33
2.416360e+14 1.850784e+33
2.435091e+14 1.877403e+33
2.453967e+14 1.904405e+33
2.472989e+14 1.931796e+33
2.492159e+14 1.959580e+33
2.511478e+14 1.987764e+33
2.530946e+14 2.016354e+33
2.550565e+14 2.045354e+33
2.570336e+14 2.074772e+33
2.590260e+14 2.104613e+33
2.610339e+14 2.134882e+33
2.630574e+14 2.165588e+33
2.650965e+14 2.196735e+33
2.671515e+14 2.228330e+33
2.692224e+14 2.260379e+33
2.713093e+14 2.292889e+33
2.734124e+14 2.325867e+33
2.755318e+14 2.359319e+33
2.776676e+14 2.393252e+33
2.798200e+14 2.427674e+33
2.819891e+14 2.462590e+33
2.841750e+14 2.498009e+33
2.863778e+14 2.533937e+33
2.885977e+14 2.570382e+33
2.908349e+14 2.607351e+33
2.930893e+14 2.644851e+33
