# epsilon [g/cm^3]   P [dyn/cm^2]
1.364583e+14 6.480674e+32
1.375161e+14 6.590215e+32
1.385821e+14 6.701608e+32
1.396563e+14 6.814884e+32
1.407389e+14 6.930075e+32
1.418299e+14 7.047212e+32
1.429293e+14 7.166330e+32
1.440372e+14 7.287461e+32
1.451538e+14 7.410639e+32
1.462789e+14 7.535900e+32
1.474129e+14 7.663278e+32
1.485556e+14 7.792808e+32
1.497071e+14 7.924529e+32
1.508676e+14 8.058475e+32
1.520371e+14 8.194686e+32
1.532156e+14 8.333199e+32
1.544033e+14 8.474054e+32
1.556002e+14 8.617289e+32
1.568063e+14 8.762945e+32
1.580219e+14 8.911063e+32
1.592468e+14 9.061685e+32
1.604812e+14 9.214853e+32
1.617252e+14 9.370610e+32
1.629789e+14 9.528999e+32
1.642422e+14 9.690066e+32
1.655154e+14 9.853855e+32
1.667984e+14 1.002041e+33
1.680914e+14 1.018979e+33
1.693944e+14 1.036202e+33
1.707075e+14 1.053717e+33
1.720307e+14 1.071528e+33
1.733643e+14 1.089639e+33
1.747081e+14 1.108057e+33
1.760624e+14 1.126787e+33
1.774272e+14 1.145832e+33
1.788026e+14 1.165200e+33
1.801886e+14 1.184895e+33
1.815854e+14 1.204923e+33
1.829929e+14 1.225290e+33
1.844114e+14 1.246001e+33
1.858409e+14 1.267062e+33
1.872815e+14 1.288479e+33
1.887333e+14 1.310258e+33
1.901963e+14 1.332405e+33
1.916706e+14 1.354926e+33
1.931564e+14 1.377828e+33
1.946537e+14 1.401117e+33
1.961626e+14 1.424800e+33
1.976832e+14 1.448883e+33
1.992155e+14 1.473373e+33
2.007598e+14 1.498277e+33
2.023160e+14 1.523602e+33
2.038843e+14 1.549355e+33
2.054648e+14 1.575544e+33
2.070575e+14 1.602175e+33
2.086625e+14 1.629256e+33
2.102800e+14 1.656795e+33
2.119100e+14 1.684800e+33
2.135527e+14 1.713278e+33
2.152081e+14 1.742237e+33
2.168763e+14 1.771685e+33
2.185575e+14 1.801632e+33
2.202517e+14 1.832084e+33
2.219590e+14 1.863052e+33
2.236795e+14 1.894543e+33
2.254134e+14 1.926566e+33
2.271608e+14 1.959130e+33
2.289217e+14 1.992245e+33
2.306962e+14 2.025919e+33
2.324845e+14 2.060163e+33
2.342866e+14 2.094985e+33
2.361027e+14 2.130397e+33
2.379329e+14 2.166406e+33
2.397773e+14 2.203024e+33
2.416360e+14 2.240262e+33
2.435091e+14 2.278128e+33
2.453967e+14 2.316635e+33
2.472989e+14 2.355793e+33
2.492159e+14 2.395612e+33
2.511478e+14 2.436105e+33
2.530946e+14 2.477282e+33
2.550565e+14 2.519155e+33
2.570336e+14 2.561736e+33
2.590260e+14 2.605036e+33
2.610339e+14 2.649068e+33
2.630574e+14 2.693845e+33
2.650965e+14 2.739379e+33
2.671515e+14 2.785682e+33
2.692224e+14 2.832768e+33
2.713093e+14 2.880649e+33
2.734124e+14 2.929340e+33
2.755318e+14 2.978854e+33
2.776676e+14 3.029205e+33
2.798200e+14 3.080407e+33
2.819891e+14 3.132475e+33
2.841750e+14 3.185422e+33
2.863778e+14 3.239265e+33
2.885977e+14 3.294017e+33
2.908349e+14 3.349696e+33
2.930893e+14 3.406315e+33
