# epsilon [g/cm^3]   P [dyn/cm^2]
1.364583e+14 6.614984e+32
1.375161e+14 6.773441e+32
1.385821e+14 6.935693e+32
1.396563e+14 7.101832e+32
1.407389e+14 7.271951e+32
1.418299e+14 7.446144e+32
1.429293e+14 7.624511e+32
1.440372e+14 7.807150e+32
1.451538e+14 7.994164e+32
1.462789e+14 8.185658e+32
1.474129e+14 8.381738e+32
1.485556e+14 8.582516e+32
1.497071e+14 8.788104e+32
1.508676e+14 8.998615e+32
1.520371e+14 9.214170e+32
1.532156e+14 9.434888e+32
1.544033e+14 9.660893e+32
1.556002e+14 9.892312e+32
1.568063e+14 1.012927e+33
1.580219e+14 1.037191e+33
1.592468e+14 1.062036e+33
1.604812e+14 1.087477e+33
1.617252e+14 1.113526e+33
1.629789e+14 1.140200e+33
1.642422e+14 1.167512e+33
1.655154e+14 1.195479e+33
1.667984e+14 1.224116e+33
1.680914e+14 1.253439e+33
1.693944e+14 1.283464e+33
1.707075e+14 1.314208e+33
1.720307e+14 1.345689e+33
1.733643e+14 1.377924e+33
1.747081e+14 1.410931e+33
1.760624e+14 1.444729e+33
1.774272e+14 1.479336e+33
1.788026e+14 1.514772e+33
1.801886e+14 1.551057e+33
1.815854e+14 1.588212e+33
1.829929e+14 1.626256e+33
1.844114e+14 1.665212e+33
1.858409e+14 1.705101e+33
1.872815e+14 1.745945e+33
1.887333e+14 1.787768e+33
1.901963e+14 1.830592e+33
1.916706e+14 1.874443e+33
1.931564e+14 1.919343e+33
1.946537e+14 1.965320e+33
1.961626e+14 2.012397e+33
1.976832e+14 2.060603e+33
1.992155e+14 2.109963e+33
2.007598e+14 2.160505e+33
2.023160e+14 2.212258e+33
2.038843e+14 2.265251e+33
2.054648e+14 2.319513e+33
2.070575e+14 2.375076e+33
2.086625e+14 2.431969e+33
2.102800e+14 2.490224e+33
2.119100e+14 2.549876e+33
2.135527e+14 2.610956e+33
2.152081e+14 2.673499e+33
2.168763e+14 2.737541e+33
2.185575e+14 2.803116e+33
2.202517e+14 2.870263e+33
2.219590e+14 2.939018e+33
2.236795e+14 3.009420e+33
2.254134e+14 3.081508e+33
2.271608e+14 3.155323e+33
2.289217e+14 3.230906e+33
2.306962e+14 3.308300e+33
2.324845e+14 3.387547e+33
2.342866e+14 3.468693e+33
2.361027e+14 3.551783e+33
2.379329e+14 3.636863e+33
2.397773e+14 3.723981e+33
2.416360e+14 3.813186e+33
2.435091e+14 3.904528e+33
2.453967e+14 3.998058e+33
2.472989e+14 4.093828e+33
2.492159e+14 4.191893e+33
2.511478e+14 4.292306e+33
2.530946e+14 4.395125e+33
2.550565e+14 4.500407e+33
2.570336e+14 4.608210e+33
2.590260e+14 4.718596e+33
2.610339e+14 4.831626e+33
2.630574e+14 4.947364e+33
2.650965e+14 5.065874e+33
2.671515e+14 5.187223e+33
2.692224e+14 5.311479e+33
2.713093e+14 5.438711e+33
2.734124e+14 5.568991e+33
2.755318e+14 5.702392e+33
2.776676e+14 5.838988e+33
2.798200e+14 5.978856e+33
2.819891e+14 6.122075e+33
2.841750e+14 6.268724e+33
2.863778e+14 6.418887e+33
2.885977e+14 6.572646e+33
2.908349e+14 6.730088e+33
2.930893e+14 6.891302e+33
