# epsilon [g/cm^3]   P [dyn/cm^2]
1.364583e+14 6.613451e+32
1.375161e+14 6.771342e+32
1.385821e+14 6.933003e+32
1.396563e+14 7.098523e+32
1.407389e+14 7.267995e+32
1.418299e+14 7.441513e+32
1.429293e+14 7.619174e+32
1.440372e+14 7.801076e+32
1.451538e+14 7.987321e+32
1.462789e+14 8.178012e+32
1.474129e+14 8.373256e+32
1.485556e+14 8.573161e+32
1.497071e+14 8.777839e+32
1.508676e+14 8.987404e+32
1.520371e+14 9.201971e+32
1.532156e+14 9.421661e+32
1.544033e+14 9.646597e+32
1.556002e+14 9.876902e+32
1.568063e+14 1.011271e+33
1.580219e+14 1.035414e+33
1.592468e+14 1.060134e+33
1.604812e+14 1.085444e+33
1.617252e+14 1.111358e+33
1.629789e+14 1.137891e+33
1.642422e+14 1.165057e+33
1.655154e+14 1.192872e+33
1.667984e+14 1.221351e+33
1.680914e+14 1.250509e+33
1.693944e+14 1.280364e+33
1.707075e+14 1.310932e+33
1.720307e+14 1.342230e+33
1.733643e+14 1.374274e+33
1.747081e+14 1.407084e+33
1.760624e+14 1.440677e+33
1.774272e+14 1.475072e+33
1.788026e+14 1.510289e+33
1.801886e+14 1.546346e+33
1.815854e+14 1.583263e+33
1.829929e+14 1.621063e+33
1.844114e+14 1.659764e+33
1.858409e+14 1.699390e+33
1.872815e+14 1.739962e+33
1.887333e+14 1.781502e+33
1.901963e+14 1.824034e+33
1.916706e+14 1.867581e+33
1.931564e+14 1.912169e+33
1.946537e+14 1.957820e+33
1.961626e+14 2.004562e+33
1.976832e+14 2.052419e+33
1.992155e+14 2.101419e+33
2.007598e+14 2.151589e+33
2.023160e+14 2.202956e+33
2.038843e+14 2.255550e+33
2.054648e+14 2.309400e+33
2.070575e+14 2.364535e+33
2.086625e+14 2.420987e+33
2.102800e+14 2.478786e+33
2.119100e+14 2.537965e+33
2.135527e+14 2.598557e+33
2.152081e+14 2.660596e+33
2.168763e+14 2.724116e+33
2.185575e+14 2.789152e+33
2.202517e+14 2.855741e+33
2.219590e+14 2.923919e+33
2.236795e+14 2.993726e+33
2.254134e+14 3.065199e+33
2.271608e+14 3.138378e+33
2.289217e+14 3.213304e+33
2.306962e+14 3.290020e+33
2.324845e+14 3.368567e+33
2.342866e+14 3.448989e+33
2.361027e+14 3.531331e+33
2.379329e+14 3.615638e+33
2.397773e+14 3.701959e+33
2.416360e+14 3.790341e+33
2.435091e+14 3.880832e+33
2.453967e+14 3.973484e+33
2.472989e+14 4.068348e+33
2.492159e+14 4.165477e+33
2.511478e+14 4.264925e+33
2.530946e+14 4.366746e+33
2.550565e+14 4.470999e+33
2.570336e+14 4.577741e+33
2.590260e+14 4.687031e+33
2.610339e+14 4.798931e+33
2.630574e+14 4.913502e+33
2.650965e+14 5.030808e+33
2.671515e+14 5.150914e+33
2.692224e+14 5.273889e+33
2.713093e+14 5.399799e+33
2.734124e+14 5.528715e+33
2.755318e+14 5.660709e+33
2.776676e+14 5.795854e+33
2.798200e+14 5.934226e+33
2.819891e+14 6.075901e+33
2.841750e+14 6.220959e+33
2.863778e+14 6.369480e+33
2.885977e+14 6.521546e+33
2.908349e+14 6.677243e+33
2.930893e+14 6.836657e+33
