# epsilon [g/cm^3]   P [dyn/cm^2]
1.364583e+14 6.434639e+32
1.375161e+14 6.527708e+32
1.385821e+14 6.622122e+32
1.396563e+14 6.717903e+32
1.407389e+14 6.815068e+32
1.418299e+14 6.913639e+32
1.429293e+14 7.013636e+32
1.440372e+14 7.115079e+32
1.451538e+14 7.217989e+32
1.462789e+14 7.322387e+32
1.474129e+14 7.428296e+32
1.485556e+14 7.535736e+32
1.497071e+14 7.644731e+32
1.508676e+14 7.755302e+32
1.520371e+14 7.867472e+32
1.532156e+14 7.981264e+32
1.544033e+14 8.096703e+32
1.556002e+14 8.213811e+32
1.568063e+14 8.332612e+32
1.580219e+14 8.453133e+32
1.592468e+14 8.575396e+32
1.604812e+14 8.699428e+32
1.617252e+14 8.825253e+32
1.629789e+14 8.952899e+32
1.642422e+14 9.082391e+32
1.655154e+14 9.213755e+32
1.667984e+14 9.347020e+32
1.680914e+14 9.482212e+32
1.693944e+14 9.619360e+32
1.707075e+14 9.758491e+32
1.720307e+14 9.899635e+32
1.733643e+14 1.004282e+33
1.747081e+14 1.018808e+33
1.760624e+14 1.033543e+33
1.774272e+14 1.048492e+33
1.788026e+14 1.063657e+33
1.801886e+14 1.079042e+33
1.815854e+14 1.094648e+33
1.829929e+14 1.110481e+33
1.844114e+14 1.126543e+33
1.858409e+14 1.142837e+33
1.872815e+14 1.159366e+33
1.887333e+14 1.176135e+33
1.901963e+14 1.193146e+33
1.916706e+14 1.210403e+33
1.931564e+14 1.227910e+33
1.946537e+14 1.245670e+33
1.961626e+14 1.263687e+33
1.976832e+14 1.281965e+33
1.992155e+14 1.300507e+33
2.007598e+14 1.319317e+33
2.023160e+14 1.338399e+33
2.038843e+14 1.357757e+33
2.054648e+14 1.377395e+33
2.070575e+14 1.397318e+33
2.086625e+14 1.417528e+33
2.102800e+14 1.438031e+33
2.119100e+14 1.458830e+33
2.135527e+14 1.479930e+33
2.152081e+14 1.501335e+33
2.168763e+14 1.523050e+33
2.185575e+14 1.545079e+33
2.202517e+14 1.567426e+33
2.219590e+14 1.590097e+33
2.236795e+14 1.613096e+33
2.254134e+14 1.636427e+33
2.271608e+14 1.660096e+33
2.289217e+14 1.684107e+33
2.306962e+14 1.708465e+33
2.324845e+14 1.733176e+33
2.342866e+14 1.758244e+33
2.361027e+14 1.783675e+33
2.379329e+14 1.809473e+33
2.397773e+14 1.835645e+33
2.416360e+14 1.862195e+33
2.435091e+14 1.889129e+33
2.453967e+14 1.916453e+33
2.472989e+14 1.944172e+33
2.492159e+14 1.972292e+33
2.511478e+14 2.000818e+33
2.530946e+14 2.029757e+33
2.550565e+14 2.059115e+33
2.570336e+14 2.088897e+33
2.590260e+14 2.119111e+33
2.610339e+14 2.149761e+33
2.630574e+14 2.180854e+33
2.650965e+14 2.212397e+33
2.671515e+14 2.244397e+33
2.692224e+14 2.276859e+33
2.713093e+14 2.309791e+33
2.734124e+14 2.343199e+33
2.755318e+14 2.377090e+33
2.776676e+14 2.411471e+33
2.798200e+14 2.446350e+33
2.819891e+14 2.481733e+33
2.841750e+14 2.517628e+33
2.863778e+14 2.554042e+33
2.885977e+14 2.590983e+33
2.908349e+14 2.628458e+33
2.930893e+14 2.666475e+33
