# epsilon [g/cm^3]   P [dyn/cm^2]
1.364583e+14 6.560358e+32
1.375161e+14 6.698768e+32
1.385821e+14 6.840098e+32
1.396563e+14 6.984409e+32
1.407389e+14 7.131765e+32
1.418299e+14 7.282230e+32
1.429293e+14 7.435870e+32
1.440372e+14 7.592751e+32
1.451538e+14 7.752942e+32
1.462789e+14 7.916512e+32
1.474129e+14 8.083534e+32
1.485556e+14 8.254079e+32
1.497071e+14 8.428223e+32
1.508676e+14 8.606040e+32
1.520371e+14 8.787609e+32
1.532156e+14 8.973009e+32
1.544033e+14 9.162320e+32
1.556002e+14 9.355626e+32
1.568063e+14 9.553010e+32
1.580219e+14 9.754558e+32
1.592468e+14 9.960358e+32
1.604812e+14 1.017050e+33
1.617252e+14 1.038508e+33
1.629789e+14 1.060418e+33
1.642422e+14 1.082790e+33
1.655154e+14 1.105635e+33
1.667984e+14 1.128962e+33
1.680914e+14 1.152780e+33
1.693944e+14 1.177101e+33
1.707075e+14 1.201936e+33
1.720307e+14 1.227294e+33
1.733643e+14 1.253187e+33
1.747081e+14 1.279627e+33
1.760624e+14 1.306624e+33
1.774272e+14 1.334191e+33
1.788026e+14 1.362340e+33
1.801886e+14 1.391082e+33
1.815854e+14 1.420431e+33
1.829929e+14 1.450399e+33
1.844114e+14 1.481000e+33
1.858409e+14 1.512246e+33
1.872815e+14 1.544151e+33
1.887333e+14 1.576729e+33
1.901963e+14 1.609995e+33
1.916706e+14 1.643962e+33
1.931564e+14 1.678646e+33
1.946537e+14 1.714062e+33
1.961626e+14 1.750225e+33
1.976832e+14 1.787151e+33
1.992155e+14 1.824856e+33
2.007598e+14 1.863357e+33
2.023160e+14 1.902670e+33
2.038843e+14 1.942812e+33
2.054648e+14 1.983801e+33
2.070575e+14 2.025655e+33
2.086625e+14 2.068392e+33
2.102800e+14 2.112031e+33
2.119100e+14 2.156590e+33
2.135527e+14 2.202090e+33
2.152081e+14 2.248549e+33
2.168763e+14 2.295989e+33
2.185575e+14 2.344429e+33
2.202517e+14 2.393892e+33
2.219590e+14 2.444398e+33
2.236795e+14 2.495969e+33
2.254134e+14 2.548629e+33
2.271608e+14 2.602399e+33
2.289217e+14 2.657304e+33
2.306962e+14 2.713368e+33
2.324845e+14 2.770614e+33
2.342866e+14 2.829068e+33
2.361027e+14 2.888756e+33
2.379329e+14 2.949702e+33
2.397773e+14 3.011935e+33
2.416360e+14 3.075480e+33
2.435091e+14 3.140366e+33
2.453967e+14 3.206621e+33
2.472989e+14 3.274274e+33
2.492159e+14 3.343354e+33
2.511478e+14 3.413892e+33
2.530946e+14 3.485918e+33
2.550565e+14 3.559463e+33
2.570336e+14 3.634560e+33
2.590260e+14 3.711242e+33
2.610339e+14 3.789541e+33
2.630574e+14 3.869492e+33
2.650965e+14 3.951130e+33
2.671515e+14 4.034491e+33
2.692224e+14 4.119610e+33
2.713093e+14 4.206525e+33
2.734124e+14 4.295273e+33
2.755318e+14 4.385895e+33
2.776676e+14 4.478428e+33
2.798200e+14 4.572913e+33
2.819891e+14 4.669392e+33
2.841750e+14 4.767906e+33
2.863778e+14 4.868498e+33
2.885977e+14 4.971213e+33
2.908349e+14 5.076095e+33
2.930893e+14 5.183190e+33
