# epsilon [g/cm^3]   P [dyn/cm^2]
1.364583e+14 6.500033e+32
1.375161e+14 6.616546e+32
1.385821e+14 6.735149e+32
1.396563e+14 6.855877e+32
1.407389e+14 6.978769e+32
1.418299e+14 7.103864e+32
1.429293e+14 7.231202e+32
1.440372e+14 7.360822e+32
1.451538e+14 7.492765e+32
1.462789e+14 7.627074e+32
1.474129e+14 7.763790e+32
1.485556e+14 7.902956e+32
1.497071e+14 8.044617e+32
1.508676e+14 8.188818e+32
1.520371e+14 8.335603e+32
1.532156e+14 8.485020e+32
1.544033e+14 8.637115e+32
1.556002e+14 8.791936e+32
1.568063e+14 8.949532e+32
1.580219e+14 9.109953e+32
1.592468e+14 9.273250e+32
1.604812e+14 9.439474e+32
1.617252e+14 9.608678e+32
1.629789e+14 9.780914e+32
1.642422e+14 9.956238e+32
1.655154e+14 1.013470e+33
1.667984e+14 1.031637e+33
1.680914e+14 1.050129e+33
1.693944e+14 1.068953e+33
1.707075e+14 1.088114e+33
1.720307e+14 1.107618e+33
1.733643e+14 1.127473e+33
1.747081e+14 1.147683e+33
1.760624e+14 1.168255e+33
1.774272e+14 1.189196e+33
1.788026e+14 1.210513e+33
1.801886e+14 1.232211e+33
1.815854e+14 1.254299e+33
1.829929e+14 1.276782e+33
1.844114e+14 1.299668e+33
1.858409e+14 1.322965e+33
1.872815e+14 1.346679e+33
1.887333e+14 1.370819e+33
1.901963e+14 1.395391e+33
1.916706e+14 1.420403e+33
1.931564e+14 1.445864e+33
1.946537e+14 1.471782e+33
1.961626e+14 1.498163e+33
1.976832e+14 1.525018e+33
1.992155e+14 1.552354e+33
2.007598e+14 1.580180e+33
2.023160e+14 1.608505e+33
2.038843e+14 1.637338e+33
2.054648e+14 1.666687e+33
2.070575e+14 1.696563e+33
2.086625e+14 1.726974e+33
2.102800e+14 1.757930e+33
2.119100e+14 1.789441e+33
2.135527e+14 1.821517e+33
2.152081e+14 1.854168e+33
2.168763e+14 1.887404e+33
2.185575e+14 1.921236e+33
2.202517e+14 1.955674e+33
2.219590e+14 1.990730e+33
2.236795e+14 2.026414e+33
2.254134e+14 2.062737e+33
2.271608e+14 2.099712e+33
2.289217e+14 2.137350e+33
2.306962e+14 2.175662e+33
2.324845e+14 2.214661e+33
2.342866e+14 2.254359e+33
2.361027e+14 2.294769e+33
2.379329e+14 2.335902e+33
2.397773e+14 2.377774e+33
2.416360e+14 2.420396e+33
2.435091e+14 2.463781e+33
2.453967e+14 2.507945e+33
2.472989e+14 2.552900e+33
2.492159e+14 2.598661e+33
2.511478e+14 2.645242e+33
2.530946e+14 2.692659e+33
2.550565e+14 2.740925e+33
2.570336e+14 2.790056e+33
2.590260e+14 2.840068e+33
2.610339e+14 2.890977e+33
2.630574e+14 2.942798e+33
2.650965e+14 2.995548e+33
2.671515e+14 3.049243e+33
2.692224e+14 3.103901e+33
2.713093e+14 3.159539e+33
2.734124e+14 3.216174e+33
2.755318e+14 3.273824e+33
2.776676e+14 3.332508e+33
2.798200e+14 3.392243e+33
2.819891e+14 3.453049e+33
2.841750e+14 3.514946e+33
2.863778e+14 3.577951e+33
2.885977e+14 3.642087e+33
2.908349e+14 3.707371e+33
2.930893e+14 3.773826e+33
