# epsilon [g/cm^3]   P [dyn/cm^2]
1.364583e+14 6.536671e+32
1.375161e+14 6.666453e+32
1.385821e+14 6.798811e+32
1.396563e+14 6.933797e+32
1.407389e+14 7.071464e+32
1.418299e+14 7.211863e+32
1.429293e+14 7.355050e+32
1.440372e+14 7.501080e+32
1.451538e+14 7.650010e+32
1.462789e+14 7.801896e+32
1.474129e+14 7.956798e+32
1.485556e+14 8.114775e+32
1.497071e+14 8.275889e+32
1.508676e+14 8.440202e+32
1.520371e+14 8.607777e+32
1.532156e+14 8.778679e+32
1.544033e+14 8.952974e+32
1.556002e+14 9.130730e+32
1.568063e+14 9.312015e+32
1.580219e+14 9.496899e+32
1.592468e+14 9.685454e+32
1.604812e+14 9.877753e+32
1.617252e+14 1.007387e+33
1.629789e+14 1.027388e+33
1.642422e+14 1.047786e+33
1.655154e+14 1.068589e+33
1.667984e+14 1.089805e+33
1.680914e+14 1.111443e+33
1.693944e+14 1.133510e+33
1.707075e+14 1.156015e+33
1.720307e+14 1.178967e+33
1.733643e+14 1.202375e+33
1.747081e+14 1.226247e+33
1.760624e+14 1.250593e+33
1.774272e+14 1.275423e+33
1.788026e+14 1.300746e+33
1.801886e+14 1.326572e+33
1.815854e+14 1.352910e+33
1.829929e+14 1.379771e+33
1.844114e+14 1.407165e+33
1.858409e+14 1.435104e+33
1.872815e+14 1.463597e+33
1.887333e+14 1.492656e+33
1.901963e+14 1.522292e+33
1.916706e+14 1.552516e+33
1.931564e+14 1.583340e+33
1.946537e+14 1.614776e+33
1.961626e+14 1.646837e+33
1.976832e+14 1.679534e+33
1.992155e+14 1.712880e+33
2.007598e+14 1.746888e+33
2.023160e+14 1.781571e+33
2.038843e+14 1.816943e+33
2.054648e+14 1.853017e+33
2.070575e+14 1.889808e+33
2.086625e+14 1.927329e+33
2.102800e+14 1.965595e+33
2.119100e+14 2.004621e+33
2.135527e+14 2.044421e+33
2.152081e+14 2.085012e+33
2.168763e+14 2.126408e+33
2.185575e+14 2.168627e+33
2.202517e+14 2.211684e+33
2.219590e+14 2.255595e+33
2.236795e+14 2.300379e+33
2.254134e+14 2.346051e+33
2.271608e+14 2.392631e+33
2.289217e+14 2.440135e+33
2.306962e+14 2.488582e+33
2.324845e+14 2.537992e+33
2.342866e+14 2.588382e+33
2.361027e+14 2.639773e+33
2.379329e+14 2.692184e+33
2.397773e+14 2.745635e+33
2.416360e+14 2.800148e+33
2.435091e+14 2.855743e+33
2.453967e+14 2.912442e+33
2.472989e+14 2.970267e+33
2.492159e+14 3.029240e+33
2.511478e+14 3.089384e+33
2.530946e+14 3.150722e+33
2.550565e+14 3.213277e+33
2.570336e+14 3.277075e+33
2.590260e+14 3.342139e+33
2.610339e+14 3.408495e+33
2.630574e+14 3.476169e+33
2.650965e+14 3.545186e+33
2.671515e+14 3.615573e+33
2.692224e+14 3.687358e+33
2.713093e+14 3.760569e+33
2.734124e+14 3.835232e+33
2.755318e+14 3.911379e+33
2.776676e+14 3.989037e+33
2.798200e+14 4.068237e+33
2.819891e+14 4.149009e+33
2.841750e+14 4.231385e+33
2.863778e+14 4.315396e+33
2.885977e+14 4.401076e+33
2.908349e+14 4.488457e+33
2.930893e+14 4.577572e+33
