# epsilon [g/cm^3]   P [dyn/cm^2]
1.364583e+14 6.533433e+32
1.375161e+14 6.662038e+32
1.385821e+14 6.793175e+32
1.396563e+14 6.926893e+32
1.407389e+14 7.063243e+32
1.418299e+14 7.202277e+32
1.429293e+14 7.344048e+32
1.440372e+14 7.488609e+32
1.451538e+14 7.636016e+32
1.462789e+14 7.786324e+32
1.474129e+14 7.939592e+32
1.485556e+14 8.095876e+32
1.497071e+14 8.255236e+32
1.508676e+14 8.417734e+32
1.520371e+14 8.583430e+32
1.532156e+14 8.752387e+32
1.544033e+14 8.924671e+32
1.556002e+14 9.100345e+32
1.568063e+14 9.279478e+32
1.580219e+14 9.462137e+32
1.592468e+14 9.648391e+32
1.604812e+14 9.838311e+32
1.617252e+14 1.003197e+33
1.629789e+14 1.022944e+33
1.642422e+14 1.043080e+33
1.655154e+14 1.063612e+33
1.667984e+14 1.084548e+33
1.680914e+14 1.105897e+33
1.693944e+14 1.127665e+33
1.707075e+14 1.149863e+33
1.720307e+14 1.172497e+33
1.733643e+14 1.195576e+33
1.747081e+14 1.219110e+33
1.760624e+14 1.243107e+33
1.774272e+14 1.267577e+33
1.788026e+14 1.292528e+33
1.801886e+14 1.317970e+33
1.815854e+14 1.343914e+33
1.829929e+14 1.370367e+33
1.844114e+14 1.397342e+33
1.858409e+14 1.424847e+33
1.872815e+14 1.452894e+33
1.887333e+14 1.481493e+33
1.901963e+14 1.510655e+33
1.916706e+14 1.540391e+33
1.931564e+14 1.570713e+33
1.946537e+14 1.601631e+33
1.961626e+14 1.633157e+33
1.976832e+14 1.665305e+33
1.992155e+14 1.698085e+33
2.007598e+14 1.731510e+33
2.023160e+14 1.765594e+33
2.038843e+14 1.800348e+33
2.054648e+14 1.835786e+33
2.070575e+14 1.871922e+33
2.086625e+14 1.908769e+33
2.102800e+14 1.946342e+33
2.119100e+14 1.984654e+33
2.135527e+14 2.023720e+33
2.152081e+14 2.063555e+33
2.168763e+14 2.104175e+33
2.185575e+14 2.145594e+33
2.202517e+14 2.187828e+33
2.219590e+14 2.230893e+33
2.236795e+14 2.274807e+33
2.254134e+14 2.319584e+33
2.271608e+14 2.365243e+33
2.289217e+14 2.411801e+33
2.306962e+14 2.459275e+33
2.324845e+14 2.507684e+33
2.342866e+14 2.557046e+33
2.361027e+14 2.607379e+33
2.379329e+14 2.658703e+33
2.397773e+14 2.711037e+33
2.416360e+14 2.764402e+33
2.435091e+14 2.818817e+33
2.453967e+14 2.874303e+33
2.472989e+14 2.930881e+33
2.492159e+14 2.988573e+33
2.511478e+14 3.047401e+33
2.530946e+14 3.107386e+33
2.550565e+14 3.168552e+33
2.570336e+14 3.230923e+33
2.590260e+14 3.294521e+33
2.610339e+14 3.359371e+33
2.630574e+14 3.425497e+33
2.650965e+14 3.492925e+33
2.671515e+14 3.561680e+33
2.692224e+14 3.631789e+33
2.713093e+14 3.703278e+33
2.734124e+14 3.776174e+33
2.755318e+14 3.850504e+33
2.776676e+14 3.926298e+33
2.798200e+14 4.003584e+33
2.819891e+14 4.082391e+33
2.841750e+14 4.162750e+33
2.863778e+14 4.244690e+33
2.885977e+14 4.328243e+33
2.908349e+14 4.413441e+33
2.930893e+14 4.500316e+33
