# epsilon [g/cm^3]   P [dyn/cm^2]
1.364583e+14 6.506213e+32
1.375161e+14 6.624958e+32
1.385821e+14 6.745871e+32
1.396563e+14 6.868990e+32
1.407389e+14 6.994356e+32
1.418299e+14 7.122011e+32
1.429293e+14 7.251995e+32
1.440372e+14 7.384351e+32
1.451538e+14 7.519123e+32
1.462789e+14 7.656355e+32
1.474129e+14 7.796092e+32
1.485556e+14 7.938379e+32
1.497071e+14 8.083262e+32
1.508676e+14 8.230790e+32
1.520371e+14 8.381011e+32
1.532156e+14 8.533973e+32
1.544033e+14 8.689727e+32
1.556002e+14 8.848324e+32
1.568063e+14 9.009815e+32
1.580219e+14 9.174254e+32
1.592468e+14 9.341693e+32
1.604812e+14 9.512189e+32
1.617252e+14 9.685796e+32
1.629789e+14 9.862572e+32
1.642422e+14 1.004257e+33
1.655154e+14 1.022586e+33
1.667984e+14 1.041249e+33
1.680914e+14 1.060253e+33
1.693944e+14 1.079604e+33
1.707075e+14 1.099308e+33
1.720307e+14 1.119372e+33
1.733643e+14 1.139801e+33
1.747081e+14 1.160604e+33
1.760624e+14 1.181786e+33
1.774272e+14 1.203355e+33
1.788026e+14 1.225317e+33
1.801886e+14 1.247681e+33
1.815854e+14 1.270452e+33
1.829929e+14 1.293639e+33
1.844114e+14 1.317250e+33
1.858409e+14 1.341291e+33
1.872815e+14 1.365771e+33
1.887333e+14 1.390697e+33
1.901963e+14 1.416079e+33
1.916706e+14 1.441924e+33
1.931564e+14 1.468241e+33
1.946537e+14 1.495038e+33
1.961626e+14 1.522324e+33
1.976832e+14 1.550108e+33
1.992155e+14 1.578399e+33
2.007598e+14 1.607206e+33
2.023160e+14 1.636539e+33
2.038843e+14 1.666408e+33
2.054648e+14 1.696822e+33
2.070575e+14 1.727790e+33
2.086625e+14 1.759324e+33
2.102800e+14 1.791434e+33
2.119100e+14 1.824129e+33
2.135527e+14 1.857422e+33
2.152081e+14 1.891322e+33
2.168763e+14 1.925840e+33
2.185575e+14 1.960989e+33
2.202517e+14 1.996779e+33
2.219590e+14 2.033222e+33
2.236795e+14 2.070331e+33
2.254134e+14 2.108116e+33
2.271608e+14 2.146592e+33
2.289217e+14 2.185769e+33
2.306962e+14 2.225662e+33
2.324845e+14 2.266282e+33
2.342866e+14 2.307644e+33
2.361027e+14 2.349761e+33
2.379329e+14 2.392647e+33
2.397773e+14 2.436315e+33
2.416360e+14 2.480781e+33
2.435091e+14 2.526058e+33
2.453967e+14 2.572161e+33
2.472989e+14 2.619105e+33
2.492159e+14 2.666907e+33
2.511478e+14 2.715581e+33
2.530946e+14 2.765143e+33
2.550565e+14 2.815610e+33
2.570336e+14 2.866997e+33
2.590260e+14 2.919323e+33
2.610339e+14 2.972604e+33
2.630574e+14 3.026857e+33
2.650965e+14 3.082100e+33
2.671515e+14 3.138352e+33
2.692224e+14 3.195630e+33
2.713093e+14 3.253954e+33
2.734124e+14 3.313342e+33
2.755318e+14 3.373814e+33
2.776676e+14 3.435389e+33
2.798200e+14 3.498089e+33
2.819891e+14 3.561933e+33
2.841750e+14 3.626942e+33
2.863778e+14 3.693137e+33
2.885977e+14 3.760541e+33
2.908349e+14 3.829174e+33
2.930893e+14 3.899061e+33
