# epsilon [g/cm^3]   P [dyn/cm^2]
1.364583e+14 6.614292e+32
1.375161e+14 6.772493e+32
1.385821e+14 6.934478e+32
1.396563e+14 7.100337e+32
1.407389e+14 7.270164e+32
1.418299e+14 7.444052e+32
1.429293e+14 7.622100e+32
1.440372e+14 7.804406e+32
1.451538e+14 7.991072e+32
1.462789e+14 8.182203e+32
1.474129e+14 8.377906e+32
1.485556e+14 8.578289e+32
1.497071e+14 8.783465e+32
1.508676e+14 8.993549e+32
1.520371e+14 9.208658e+32
1.532156e+14 9.428911e+32
1.544033e+14 9.654433e+32
1.556002e+14 9.885348e+32
1.568063e+14 1.012179e+33
1.580219e+14 1.036388e+33
1.592468e+14 1.061176e+33
1.604812e+14 1.086558e+33
1.617252e+14 1.112546e+33
1.629789e+14 1.139156e+33
1.642422e+14 1.166403e+33
1.655154e+14 1.194301e+33
1.667984e+14 1.222866e+33
1.680914e+14 1.252115e+33
1.693944e+14 1.282063e+33
1.707075e+14 1.312727e+33
1.720307e+14 1.344125e+33
1.733643e+14 1.376274e+33
1.747081e+14 1.409192e+33
1.760624e+14 1.442897e+33
1.774272e+14 1.477409e+33
1.788026e+14 1.512745e+33
1.801886e+14 1.548927e+33
1.815854e+14 1.585975e+33
1.829929e+14 1.623908e+33
1.844114e+14 1.662749e+33
1.858409e+14 1.702519e+33
1.872815e+14 1.743240e+33
1.887333e+14 1.784935e+33
1.901963e+14 1.827627e+33
1.916706e+14 1.871340e+33
1.931564e+14 1.916099e+33
1.946537e+14 1.961928e+33
1.961626e+14 2.008854e+33
1.976832e+14 2.056902e+33
1.992155e+14 2.106099e+33
2.007598e+14 2.156473e+33
2.023160e+14 2.208052e+33
2.038843e+14 2.260864e+33
2.054648e+14 2.314940e+33
2.070575e+14 2.370309e+33
2.086625e+14 2.427002e+33
2.102800e+14 2.485051e+33
2.119100e+14 2.544489e+33
2.135527e+14 2.605348e+33
2.152081e+14 2.667663e+33
2.168763e+14 2.731468e+33
2.185575e+14 2.796800e+33
2.202517e+14 2.863694e+33
2.219590e+14 2.932188e+33
2.236795e+14 3.002320e+33
2.254134e+14 3.074130e+33
2.271608e+14 3.147657e+33
2.289217e+14 3.222943e+33
2.306962e+14 3.300030e+33
2.324845e+14 3.378960e+33
2.342866e+14 3.459778e+33
2.361027e+14 3.542530e+33
2.379329e+14 3.627260e+33
2.397773e+14 3.714017e+33
2.416360e+14 3.802850e+33
2.435091e+14 3.893806e+33
2.453967e+14 3.986939e+33
2.472989e+14 4.082299e+33
2.492159e+14 4.179940e+33
2.511478e+14 4.279916e+33
2.530946e+14 4.382283e+33
2.550565e+14 4.487099e+33
2.570336e+14 4.594422e+33
2.590260e+14 4.704312e+33
2.610339e+14 4.816830e+33
2.630574e+14 4.932039e+33
2.650965e+14 5.050004e+33
2.671515e+14 5.170790e+33
2.692224e+14 5.294466e+33
2.713093e+14 5.421099e+33
2.734124e+14 5.550762e+33
2.755318e+14 5.683525e+33
2.776676e+14 5.819464e+33
2.798200e+14 5.958655e+33
2.819891e+14 6.101174e+33
2.841750e+14 6.247103e+33
2.863778e+14 6.396521e+33
2.885977e+14 6.549514e+33
2.908349e+14 6.706166e+33
2.930893e+14 6.866564e+33
