# epsilon [g/cm^3]   P [dyn/cm^2]
1.364583e+14 6.536387e+32
1.375161e+14 6.666066e+32
1.385821e+14 6.798317e+32
1.396563e+14 6.933192e+32
1.407389e+14 7.070742e+32
1.418299e+14 7.211022e+32
1.429293e+14 7.354085e+32
1.440372e+14 7.499986e+32
1.451538e+14 7.648782e+32
1.462789e+14 7.800529e+32
1.474129e+14 7.955287e+32
1.485556e+14 8.113116e+32
1.497071e+14 8.274076e+32
1.508676e+14 8.438229e+32
1.520371e+14 8.605639e+32
1.532156e+14 8.776370e+32
1.544033e+14 8.950489e+32
1.556002e+14 9.128061e+32
1.568063e+14 9.309157e+32
1.580219e+14 9.493846e+32
1.592468e+14 9.682199e+32
1.604812e+14 9.874288e+32
1.617252e+14 1.007019e+33
1.629789e+14 1.026998e+33
1.642422e+14 1.047373e+33
1.655154e+14 1.068152e+33
1.667984e+14 1.089343e+33
1.680914e+14 1.110955e+33
1.693944e+14 1.132996e+33
1.707075e+14 1.155474e+33
1.720307e+14 1.178398e+33
1.733643e+14 1.201777e+33
1.747081e+14 1.225620e+33
1.760624e+14 1.249935e+33
1.774272e+14 1.274733e+33
1.788026e+14 1.300023e+33
1.801886e+14 1.325815e+33
1.815854e+14 1.352119e+33
1.829929e+14 1.378944e+33
1.844114e+14 1.406301e+33
1.858409e+14 1.434202e+33
1.872815e+14 1.462655e+33
1.887333e+14 1.491674e+33
1.901963e+14 1.521268e+33
1.916706e+14 1.551449e+33
1.931564e+14 1.582229e+33
1.946537e+14 1.613619e+33
1.961626e+14 1.645633e+33
1.976832e+14 1.678281e+33
1.992155e+14 1.711577e+33
2.007598e+14 1.745534e+33
2.023160e+14 1.780164e+33
2.038843e+14 1.815482e+33
2.054648e+14 1.851500e+33
2.070575e+14 1.888233e+33
2.086625e+14 1.925694e+33
2.102800e+14 1.963899e+33
2.119100e+14 2.002862e+33
2.135527e+14 2.042597e+33
2.152081e+14 2.083121e+33
2.168763e+14 2.124449e+33
2.185575e+14 2.166597e+33
2.202517e+14 2.209581e+33
2.219590e+14 2.253418e+33
2.236795e+14 2.298125e+33
2.254134e+14 2.343719e+33
2.271608e+14 2.390217e+33
2.289217e+14 2.437637e+33
2.306962e+14 2.485999e+33
2.324845e+14 2.535319e+33
2.342866e+14 2.585619e+33
2.361027e+14 2.636916e+33
2.379329e+14 2.689231e+33
2.397773e+14 2.742584e+33
2.416360e+14 2.796995e+33
2.435091e+14 2.852486e+33
2.453967e+14 2.909078e+33
2.472989e+14 2.966793e+33
2.492159e+14 3.025652e+33
2.511478e+14 3.085679e+33
2.530946e+14 3.146898e+33
2.550565e+14 3.209330e+33
2.570336e+14 3.273002e+33
2.590260e+14 3.337936e+33
2.610339e+14 3.404159e+33
2.630574e+14 3.471696e+33
2.650965e+14 3.540572e+33
2.671515e+14 3.610815e+33
2.692224e+14 3.682452e+33
2.713093e+14 3.755510e+33
2.734124e+14 3.830017e+33
2.755318e+14 3.906003e+33
2.776676e+14 3.983496e+33
2.798200e+14 4.062526e+33
2.819891e+14 4.143124e+33
2.841750e+14 4.225322e+33
2.863778e+14 4.309150e+33
2.885977e+14 4.394641e+33
2.908349e+14 4.481828e+33
2.930893e+14 4.570745e+33
