# epsilon [g/cm^3]   P [dyn/cm^2]
1.364583e+14 6.516225e+32
1.375161e+14 6.638591e+32
1.385821e+14 6.763255e+32
1.396563e+14 6.890260e+32
1.407389e+14 7.019650e+32
1.418299e+14 7.151469e+32
1.429293e+14 7.285764e+32
1.440372e+14 7.422581e+32
1.451538e+14 7.561967e+32
1.462789e+14 7.703971e+32
1.474129e+14 7.848641e+32
1.485556e+14 7.996028e+32
1.497071e+14 8.146182e+32
1.508676e+14 8.299156e+32
1.520371e+14 8.455003e+32
1.532156e+14 8.613777e+32
1.544033e+14 8.775532e+32
1.556002e+14 8.940325e+32
1.568063e+14 9.108212e+32
1.580219e+14 9.279252e+32
1.592468e+14 9.453504e+32
1.604812e+14 9.631028e+32
1.617252e+14 9.811885e+32
1.629789e+14 9.996139e+32
1.642422e+14 1.018385e+33
1.655154e+14 1.037509e+33
1.667984e+14 1.056992e+33
1.680914e+14 1.076841e+33
1.693944e+14 1.097063e+33
1.707075e+14 1.117664e+33
1.720307e+14 1.138652e+33
1.733643e+14 1.160035e+33
1.747081e+14 1.181819e+33
1.760624e+14 1.204012e+33
1.774272e+14 1.226621e+33
1.788026e+14 1.249656e+33
1.801886e+14 1.273122e+33
1.815854e+14 1.297030e+33
1.829929e+14 1.321386e+33
1.844114e+14 1.346200e+33
1.858409e+14 1.371480e+33
1.872815e+14 1.397235e+33
1.887333e+14 1.423473e+33
1.901963e+14 1.450204e+33
1.916706e+14 1.477437e+33
1.931564e+14 1.505181e+33
1.946537e+14 1.533446e+33
1.961626e+14 1.562242e+33
1.976832e+14 1.591579e+33
1.992155e+14 1.621467e+33
2.007598e+14 1.651916e+33
2.023160e+14 1.682936e+33
2.038843e+14 1.714540e+33
2.054648e+14 1.746736e+33
2.070575e+14 1.779538e+33
2.086625e+14 1.812955e+33
2.102800e+14 1.847000e+33
2.119100e+14 1.881684e+33
2.135527e+14 1.917019e+33
2.152081e+14 1.953019e+33
2.168763e+14 1.989694e+33
2.185575e+14 2.027057e+33
2.202517e+14 2.065123e+33
2.219590e+14 2.103903e+33
2.236795e+14 2.143411e+33
2.254134e+14 2.183662e+33
2.271608e+14 2.224668e+33
2.289217e+14 2.266444e+33
2.306962e+14 2.309005e+33
2.324845e+14 2.352365e+33
2.342866e+14 2.396539e+33
2.361027e+14 2.441543e+33
2.379329e+14 2.487392e+33
2.397773e+14 2.534102e+33
2.416360e+14 2.581689e+33
2.435091e+14 2.630169e+33
2.453967e+14 2.679560e+33
2.472989e+14 2.729879e+33
2.492159e+14 2.781142e+33
2.511478e+14 2.833369e+33
2.530946e+14 2.886575e+33
2.550565e+14 2.940781e+33
2.570336e+14 2.996005e+33
2.590260e+14 3.052266e+33
2.610339e+14 3.109584e+33
2.630574e+14 3.167977e+33
2.650965e+14 3.227468e+33
2.671515e+14 3.288075e+33
2.692224e+14 3.349821e+33
2.713093e+14 3.412726e+33
2.734124e+14 3.476812e+33
2.755318e+14 3.542102e+33
2.776676e+14 3.608618e+33
2.798200e+14 3.676383e+33
2.819891e+14 3.745421e+33
2.841750e+14 3.815755e+33
2.863778e+14 3.887409e+33
2.885977e+14 3.960410e+33
2.908349e+14 4.034781e+33
2.930893e+14 4.110548e+33
