# epsilon [g/cm^3]   P [dyn/cm^2]
1.364583e+14 6.567779e+32
1.375161e+14 6.708899e+32
1.385821e+14 6.853052e+32
1.396563e+14 7.000302e+32
1.407389e+14 7.150716e+32
1.418299e+14 7.304362e+32
1.429293e+14 7.461310e+32
1.440372e+14 7.621630e+32
1.451538e+14 7.785394e+32
1.462789e+14 7.952677e+32
1.474129e+14 8.123555e+32
1.485556e+14 8.298104e+32
1.497071e+14 8.476404e+32
1.508676e+14 8.658534e+32
1.520371e+14 8.844579e+32
1.532156e+14 9.034620e+32
1.544033e+14 9.228745e+32
1.556002e+14 9.427042e+32
1.568063e+14 9.629599e+32
1.580219e+14 9.836508e+32
1.592468e+14 1.004786e+33
1.604812e+14 1.026376e+33
1.617252e+14 1.048429e+33
1.629789e+14 1.070957e+33
1.642422e+14 1.093968e+33
1.655154e+14 1.117474e+33
1.667984e+14 1.141485e+33
1.680914e+14 1.166012e+33
1.693944e+14 1.191066e+33
1.707075e+14 1.216658e+33
1.720307e+14 1.242800e+33
1.733643e+14 1.269504e+33
1.747081e+14 1.296782e+33
1.760624e+14 1.324645e+33
1.774272e+14 1.353108e+33
1.788026e+14 1.382182e+33
1.801886e+14 1.411880e+33
1.815854e+14 1.442217e+33
1.829929e+14 1.473206e+33
1.844114e+14 1.504860e+33
1.858409e+14 1.537195e+33
1.872815e+14 1.570224e+33
1.887333e+14 1.603963e+33
1.901963e+14 1.638427e+33
1.916706e+14 1.673632e+33
1.931564e+14 1.709593e+33
1.946537e+14 1.746326e+33
1.961626e+14 1.783849e+33
1.976832e+14 1.822179e+33
1.992155e+14 1.861331e+33
2.007598e+14 1.901326e+33
2.023160e+14 1.942179e+33
2.038843e+14 1.983910e+33
2.054648e+14 2.026538e+33
2.070575e+14 2.070082e+33
2.086625e+14 2.114561e+33
2.102800e+14 2.159996e+33
2.119100e+14 2.206408e+33
2.135527e+14 2.253816e+33
2.152081e+14 2.302244e+33
2.168763e+14 2.351712e+33
2.185575e+14 2.402242e+33
2.202517e+14 2.453859e+33
2.219590e+14 2.506584e+33
2.236795e+14 2.560443e+33
2.254134e+14 2.615459e+33
2.271608e+14 2.671657e+33
2.289217e+14 2.729062e+33
2.306962e+14 2.787701e+33
2.324845e+14 2.847599e+33
2.342866e+14 2.908785e+33
2.361027e+14 2.971286e+33
2.379329e+14 3.035129e+33
2.397773e+14 3.100344e+33
2.416360e+14 3.166961e+33
2.435091e+14 3.235009e+33
2.453967e+14 3.304519e+33
2.472989e+14 3.375522e+33
2.492159e+14 3.448051e+33
2.511478e+14 3.522139e+33
2.530946e+14 3.597818e+33
2.550565e+14 3.675124e+33
2.570336e+14 3.754091e+33
2.590260e+14 3.834754e+33
2.610339e+14 3.917151e+33
2.630574e+14 4.001318e+33
2.650965e+14 4.087293e+33
2.671515e+14 4.175116e+33
2.692224e+14 4.264826e+33
2.713093e+14 4.356464e+33
2.734124e+14 4.450070e+33
2.755318e+14 4.545688e+33
2.776676e+14 4.643360e+33
2.798200e+14 4.743131e+33
2.819891e+14 4.845046e+33
2.841750e+14 4.949150e+33
2.863778e+14 5.055492e+33
2.885977e+14 5.164118e+33
2.908349e+14 5.275078e+33
2.930893e+14 5.388423e+33
