# epsilon [g/cm^3]   P [dyn/cm^2]
1.364583e+14 6.499802e+32
1.375161e+14 6.616232e+32
1.385821e+14 6.734748e+32
1.396563e+14 6.855387e+32
1.407389e+14 6.978187e+32
1.418299e+14 7.103187e+32
1.429293e+14 7.230426e+32
1.440372e+14 7.359944e+32
1.451538e+14 7.491782e+32
1.462789e+14 7.625981e+32
1.474129e+14 7.762585e+32
1.485556e+14 7.901635e+32
1.497071e+14 8.043177e+32
1.508676e+14 8.187253e+32
1.520371e+14 8.333911e+32
1.532156e+14 8.483196e+32
1.544033e+14 8.635154e+32
1.556002e+14 8.789835e+32
1.568063e+14 8.947287e+32
1.580219e+14 9.107559e+32
1.592468e+14 9.270702e+32
1.604812e+14 9.436767e+32
1.617252e+14 9.605807e+32
1.629789e+14 9.777875e+32
1.642422e+14 9.953025e+32
1.655154e+14 1.013131e+33
1.667984e+14 1.031279e+33
1.680914e+14 1.049753e+33
1.693944e+14 1.068557e+33
1.707075e+14 1.087698e+33
1.720307e+14 1.107182e+33
1.733643e+14 1.127014e+33
1.747081e+14 1.147203e+33
1.760624e+14 1.167752e+33
1.774272e+14 1.188670e+33
1.788026e+14 1.209963e+33
1.801886e+14 1.231637e+33
1.815854e+14 1.253699e+33
1.829929e+14 1.276156e+33
1.844114e+14 1.299016e+33
1.858409e+14 1.322285e+33
1.872815e+14 1.345971e+33
1.887333e+14 1.370081e+33
1.901963e+14 1.394624e+33
1.916706e+14 1.419605e+33
1.931564e+14 1.445035e+33
1.946537e+14 1.470919e+33
1.961626e+14 1.497268e+33
1.976832e+14 1.524088e+33
1.992155e+14 1.551389e+33
2.007598e+14 1.579179e+33
2.023160e+14 1.607467e+33
2.038843e+14 1.636261e+33
2.054648e+14 1.665571e+33
2.070575e+14 1.695407e+33
2.086625e+14 1.725776e+33
2.102800e+14 1.756690e+33
2.119100e+14 1.788157e+33
2.135527e+14 1.820188e+33
2.152081e+14 1.852793e+33
2.168763e+14 1.885982e+33
2.185575e+14 1.919766e+33
2.202517e+14 1.954154e+33
2.219590e+14 1.989159e+33
2.236795e+14 2.024791e+33
2.254134e+14 2.061060e+33
2.271608e+14 2.097980e+33
2.289217e+14 2.135561e+33
2.306962e+14 2.173815e+33
2.324845e+14 2.212754e+33
2.342866e+14 2.252391e+33
2.361027e+14 2.292738e+33
2.379329e+14 2.333808e+33
2.397773e+14 2.375613e+33
2.416360e+14 2.418167e+33
2.435091e+14 2.461484e+33
2.453967e+14 2.505576e+33
2.472989e+14 2.550458e+33
2.492159e+14 2.596144e+33
2.511478e+14 2.642649e+33
2.530946e+14 2.689987e+33
2.550565e+14 2.738172e+33
2.570336e+14 2.787221e+33
2.590260e+14 2.837148e+33
2.610339e+14 2.887969e+33
2.630574e+14 2.939701e+33
2.650965e+14 2.992360e+33
2.671515e+14 3.045962e+33
2.692224e+14 3.100524e+33
2.713093e+14 3.156063e+33
2.734124e+14 3.212598e+33
2.755318e+14 3.270145e+33
2.776676e+14 3.328723e+33
2.798200e+14 3.388350e+33
2.819891e+14 3.449045e+33
2.841750e+14 3.510827e+33
2.863778e+14 3.573717e+33
2.885977e+14 3.637732e+33
2.908349e+14 3.702895e+33
2.930893e+14 3.769224e+33
