# epsilon [g/cm^3]   P [dyn/cm^2]
1.364583e+14 6.577449e+32
1.375161e+14 6.722108e+32
1.385821e+14 6.869949e+32
1.396563e+14 7.021041e+32
1.407389e+14 7.175456e+32
1.418299e+14 7.333268e+32
1.429293e+14 7.494550e+32
1.440372e+14 7.659379e+32
1.451538e+14 7.827833e+32
1.462789e+14 7.999992e+32
1.474129e+14 8.175938e+32
1.485556e+14 8.355753e+32
1.497071e+14 8.539523e+32
1.508676e+14 8.727334e+32
1.520371e+14 8.919276e+32
1.532156e+14 9.115440e+32
1.544033e+14 9.315918e+32
1.556002e+14 9.520804e+32
1.568063e+14 9.730197e+32
1.580219e+14 9.944196e+32
1.592468e+14 1.016290e+33
1.604812e+14 1.038642e+33
1.617252e+14 1.061485e+33
1.629789e+14 1.084830e+33
1.642422e+14 1.108689e+33
1.655154e+14 1.133073e+33
1.667984e+14 1.157992e+33
1.680914e+14 1.183460e+33
1.693944e+14 1.209489e+33
1.707075e+14 1.236089e+33
1.720307e+14 1.263275e+33
1.733643e+14 1.291058e+33
1.747081e+14 1.319453e+33
1.760624e+14 1.348472e+33
1.774272e+14 1.378129e+33
1.788026e+14 1.408438e+33
1.801886e+14 1.439414e+33
1.815854e+14 1.471072e+33
1.829929e+14 1.503425e+33
1.844114e+14 1.536490e+33
1.858409e+14 1.570283e+33
1.872815e+14 1.604818e+33
1.887333e+14 1.640113e+33
1.901963e+14 1.676185e+33
1.916706e+14 1.713049e+33
1.931564e+14 1.750725e+33
1.946537e+14 1.789229e+33
1.961626e+14 1.828580e+33
1.976832e+14 1.868796e+33
1.992155e+14 1.909897e+33
2.007598e+14 1.951902e+33
2.023160e+14 1.994830e+33
2.038843e+14 2.038703e+33
2.054648e+14 2.083541e+33
2.070575e+14 2.129364e+33
2.086625e+14 2.176196e+33
2.102800e+14 2.224058e+33
2.119100e+14 2.272972e+33
2.135527e+14 2.322962e+33
2.152081e+14 2.374051e+33
2.168763e+14 2.426264e+33
2.185575e+14 2.479625e+33
2.202517e+14 2.534160e+33
2.219590e+14 2.589895e+33
2.236795e+14 2.646855e+33
2.254134e+14 2.705067e+33
2.271608e+14 2.764561e+33
2.289217e+14 2.825362e+33
2.306962e+14 2.887501e+33
2.324845e+14 2.951006e+33
2.342866e+14 3.015908e+33
2.361027e+14 3.082238e+33
2.379329e+14 3.150026e+33
2.397773e+14 3.219305e+33
2.416360e+14 3.290108e+33
2.435091e+14 3.362468e+33
2.453967e+14 3.436420e+33
2.472989e+14 3.511998e+33
2.492159e+14 3.589238e+33
2.511478e+14 3.668177e+33
2.530946e+14 3.748852e+33
2.550565e+14 3.831301e+33
2.570336e+14 3.915563e+33
2.590260e+14 4.001679e+33
2.610339e+14 4.089689e+33
2.630574e+14 4.179634e+33
2.650965e+14 4.271558e+33
2.671515e+14 4.365503e+33
2.692224e+14 4.461515e+33
2.713093e+14 4.559638e+33
2.734124e+14 4.659919e+33
2.755318e+14 4.762405e+33
2.776676e+14 4.867146e+33
2.798200e+14 4.974190e+33
2.819891e+14 5.083588e+33
2.841750e+14 5.195393e+33
2.863778e+14 5.309656e+33
2.885977e+14 5.426432e+33
2.908349e+14 5.545777e+33
2.930893e+14 5.667747e+33
