# epsilon [g/cm^3]   P [dyn/cm^2]
1.364583e+14 6.616936e+32
1.375161e+14 6.776113e+32
1.385821e+14 6.939119e+32
1.396563e+14 7.106046e+32
1.407389e+14 7.276989e+32
1.418299e+14 7.452044e+32
1.429293e+14 7.631310e+32
1.440372e+14 7.814889e+32
1.451538e+14 8.002883e+32
1.462789e+14 8.195400e+32
1.474129e+14 8.392549e+32
1.485556e+14 8.594440e+32
1.497071e+14 8.801187e+32
1.508676e+14 9.012908e+32
1.520371e+14 9.229723e+32
1.532156e+14 9.451752e+32
1.544033e+14 9.679124e+32
1.556002e+14 9.911964e+32
1.568063e+14 1.015041e+33
1.580219e+14 1.039458e+33
1.592468e+14 1.064464e+33
1.604812e+14 1.090070e+33
1.617252e+14 1.116293e+33
1.629789e+14 1.143147e+33
1.642422e+14 1.170646e+33
1.655154e+14 1.198807e+33
1.667984e+14 1.227645e+33
1.680914e+14 1.257178e+33
1.693944e+14 1.287420e+33
1.707075e+14 1.318390e+33
1.720307e+14 1.350106e+33
1.733643e+14 1.382584e+33
1.747081e+14 1.415843e+33
1.760624e+14 1.449903e+33
1.774272e+14 1.484781e+33
1.788026e+14 1.520499e+33
1.801886e+14 1.557076e+33
1.815854e+14 1.594533e+33
1.829929e+14 1.632891e+33
1.844114e+14 1.672172e+33
1.858409e+14 1.712398e+33
1.872815e+14 1.753591e+33
1.887333e+14 1.795776e+33
1.901963e+14 1.838975e+33
1.916706e+14 1.883213e+33
1.931564e+14 1.928516e+33
1.946537e+14 1.974908e+33
1.961626e+14 2.022416e+33
1.976832e+14 2.071067e+33
1.992155e+14 2.120889e+33
2.007598e+14 2.171909e+33
2.023160e+14 2.224156e+33
2.038843e+14 2.277661e+33
2.054648e+14 2.332452e+33
2.070575e+14 2.388561e+33
2.086625e+14 2.446021e+33
2.102800e+14 2.504862e+33
2.119100e+14 2.565119e+33
2.135527e+14 2.626825e+33
2.152081e+14 2.690016e+33
2.168763e+14 2.754727e+33
2.185575e+14 2.820995e+33
2.202517e+14 2.888856e+33
2.219590e+14 2.958351e+33
2.236795e+14 3.029517e+33
2.254134e+14 3.102395e+33
2.271608e+14 3.177026e+33
2.289217e+14 3.253452e+33
2.306962e+14 3.331717e+33
2.324845e+14 3.411865e+33
2.342866e+14 3.493941e+33
2.361027e+14 3.577991e+33
2.379329e+14 3.664063e+33
2.397773e+14 3.752205e+33
2.416360e+14 3.842468e+33
2.435091e+14 3.934903e+33
2.453967e+14 4.029560e+33
2.472989e+14 4.126495e+33
2.492159e+14 4.225762e+33
2.511478e+14 4.327417e+33
2.530946e+14 4.431517e+33
2.550565e+14 4.538122e+33
2.570336e+14 4.647291e+33
2.590260e+14 4.759086e+33
2.610339e+14 4.873570e+33
2.630574e+14 4.990809e+33
2.650965e+14 5.110867e+33
2.671515e+14 5.233814e+33
2.692224e+14 5.359719e+33
2.713093e+14 5.488652e+33
2.734124e+14 5.620687e+33
2.755318e+14 5.755898e+33
2.776676e+14 5.894362e+33
2.798200e+14 6.036156e+33
2.819891e+14 6.181362e+33
2.841750e+14 6.330061e+33
2.863778e+14 6.482336e+33
2.885977e+14 6.638275e+33
2.908349e+14 6.797965e+33
2.930893e+14 6.961497e+33
