# epsilon [g/cm^3]   P [dyn/cm^2]
1.364583e+14 6.567600e+32
1.375161e+14 6.708655e+32
1.385821e+14 6.852739e+32
1.396563e+14 6.999918e+32
1.407389e+14 7.150259e+32
1.418299e+14 7.303828e+32
1.429293e+14 7.460695e+32
1.440372e+14 7.620931e+32
1.451538e+14 7.784609e+32
1.462789e+14 7.951803e+32
1.474129e+14 8.122587e+32
1.485556e+14 8.297039e+32
1.497071e+14 8.475238e+32
1.508676e+14 8.657264e+32
1.520371e+14 8.843200e+32
1.532156e+14 9.033129e+32
1.544033e+14 9.227137e+32
1.556002e+14 9.425312e+32
1.568063e+14 9.627743e+32
1.580219e+14 9.834522e+32
1.592468e+14 1.004574e+33
1.604812e+14 1.026150e+33
1.617252e+14 1.048189e+33
1.629789e+14 1.070701e+33
1.642422e+14 1.093697e+33
1.655154e+14 1.117187e+33
1.667984e+14 1.141181e+33
1.680914e+14 1.165691e+33
1.693944e+14 1.190727e+33
1.707075e+14 1.216301e+33
1.720307e+14 1.242424e+33
1.733643e+14 1.269108e+33
1.747081e+14 1.296365e+33
1.760624e+14 1.324207e+33
1.774272e+14 1.352648e+33
1.788026e+14 1.381699e+33
1.801886e+14 1.411375e+33
1.815854e+14 1.441687e+33
1.829929e+14 1.472651e+33
1.844114e+14 1.504280e+33
1.858409e+14 1.536588e+33
1.872815e+14 1.569590e+33
1.887333e+14 1.603301e+33
1.901963e+14 1.637735e+33
1.916706e+14 1.672910e+33
1.931564e+14 1.708839e+33
1.946537e+14 1.745541e+33
1.961626e+14 1.783031e+33
1.976832e+14 1.821325e+33
1.992155e+14 1.860443e+33
2.007598e+14 1.900400e+33
2.023160e+14 1.941216e+33
2.038843e+14 1.982908e+33
2.054648e+14 2.025496e+33
2.070575e+14 2.068998e+33
2.086625e+14 2.113435e+33
2.102800e+14 2.158826e+33
2.119100e+14 2.205192e+33
2.135527e+14 2.252554e+33
2.152081e+14 2.300933e+33
2.168763e+14 2.350351e+33
2.185575e+14 2.400831e+33
2.202517e+14 2.452394e+33
2.219590e+14 2.505066e+33
2.236795e+14 2.558868e+33
2.254134e+14 2.613826e+33
2.271608e+14 2.669964e+33
2.289217e+14 2.727308e+33
2.306962e+14 2.785883e+33
2.324845e+14 2.845717e+33
2.342866e+14 2.906836e+33
2.361027e+14 2.969267e+33
2.379329e+14 3.033039e+33
2.397773e+14 3.098181e+33
2.416360e+14 3.164722e+33
2.435091e+14 3.232692e+33
2.453967e+14 3.302122e+33
2.472989e+14 3.373043e+33
2.492159e+14 3.445487e+33
2.511478e+14 3.519487e+33
2.530946e+14 3.595077e+33
2.550565e+14 3.672290e+33
2.570336e+14 3.751161e+33
2.590260e+14 3.831726e+33
2.610339e+14 3.914022e+33
2.630574e+14 3.998085e+33
2.650965e+14 4.083953e+33
2.671515e+14 4.171666e+33
2.692224e+14 4.261263e+33
2.713093e+14 4.352784e+33
2.734124e+14 4.446270e+33
2.755318e+14 4.541764e+33
2.776676e+14 4.639310e+33
2.798200e+14 4.738950e+33
2.819891e+14 4.840731e+33
2.841750e+14 4.944697e+33
2.863778e+14 5.050896e+33
2.885977e+14 5.159376e+33
2.908349e+14 5.270187e+33
2.930893e+14 5.383376e+33
