# epsilon [g/cm^3]   P [dyn/cm^2]
1.364583e+14 6.472184e+32
1.375161e+14 6.578677e+32
1.385821e+14 6.686921e+32
1.396563e+14 6.796947e+32
1.407389e+14 6.908783e+32
1.418299e+14 7.022459e+32
1.429293e+14 7.138005e+32
1.440372e+14 7.255453e+32
1.451538e+14 7.374833e+32
1.462789e+14 7.496177e+32
1.474129e+14 7.619518e+32
1.485556e+14 7.744889e+32
1.497071e+14 7.872322e+32
1.508676e+14 8.001852e+32
1.520371e+14 8.133513e+32
1.532156e+14 8.267341e+32
1.544033e+14 8.403370e+32
1.556002e+14 8.541638e+32
1.568063e+14 8.682181e+32
1.580219e+14 8.825036e+32
1.592468e+14 8.970242e+32
1.604812e+14 9.117837e+32
1.617252e+14 9.267861e+32
1.629789e+14 9.420353e+32
1.642422e+14 9.575354e+32
1.655154e+14 9.732905e+32
1.667984e+14 9.893049e+32
1.680914e+14 1.005583e+33
1.693944e+14 1.022128e+33
1.707075e+14 1.038946e+33
1.720307e+14 1.056041e+33
1.733643e+14 1.073417e+33
1.747081e+14 1.091079e+33
1.760624e+14 1.109031e+33
1.774272e+14 1.127279e+33
1.788026e+14 1.145827e+33
1.801886e+14 1.164681e+33
1.815854e+14 1.183844e+33
1.829929e+14 1.203323e+33
1.844114e+14 1.223122e+33
1.858409e+14 1.243247e+33
1.872815e+14 1.263703e+33
1.887333e+14 1.284496e+33
1.901963e+14 1.305631e+33
1.916706e+14 1.327114e+33
1.931564e+14 1.348950e+33
1.946537e+14 1.371145e+33
1.961626e+14 1.393706e+33
1.976832e+14 1.416638e+33
1.992155e+14 1.439947e+33
2.007598e+14 1.463639e+33
2.023160e+14 1.487722e+33
2.038843e+14 1.512201e+33
2.054648e+14 1.537082e+33
2.070575e+14 1.562373e+33
2.086625e+14 1.588080e+33
2.102800e+14 1.614210e+33
2.119100e+14 1.640770e+33
2.135527e+14 1.667767e+33
2.152081e+14 1.695208e+33
2.168763e+14 1.723101e+33
2.185575e+14 1.751453e+33
2.202517e+14 1.780271e+33
2.219590e+14 1.809563e+33
2.236795e+14 1.839337e+33
2.254134e+14 1.869602e+33
2.271608e+14 1.900364e+33
2.289217e+14 1.931632e+33
2.306962e+14 1.963415e+33
2.324845e+14 1.995721e+33
2.342866e+14 2.028558e+33
2.361027e+14 2.061936e+33
2.379329e+14 2.095862e+33
2.397773e+14 2.130347e+33
2.416360e+14 2.165400e+33
2.435091e+14 2.201029e+33
2.453967e+14 2.237244e+33
2.472989e+14 2.274056e+33
2.492159e+14 2.311473e+33
2.511478e+14 2.349505e+33
2.530946e+14 2.388164e+33
2.550565e+14 2.427458e+33
2.570336e+14 2.467399e+33
2.590260e+14 2.507997e+33
2.610339e+14 2.549263e+33
2.630574e+14 2.591209e+33
2.650965e+14 2.633844e+33
2.671515e+14 2.677181e+33
2.692224e+14 2.721231e+33
2.713093e+14 2.766006e+33
2.734124e+14 2.811517e+33
2.755318e+14 2.857777e+33
2.776676e+14 2.904799e+33
2.798200e+14 2.952594e+33
2.819891e+14 3.001175e+33
2.841750e+14 3.050556e+33
2.863778e+14 3.100750e+33
2.885977e+14 3.151769e+33
2.908349e+14 3.203628e+33
2.930893e+14 3.256340e+33
