# epsilon [g/cm^3]   P [dyn/cm^2]
1.364583e+14 6.619216e+32
1.375161e+14 6.779235e+32
1.385821e+14 6.943122e+32
1.396563e+14 7.110971e+32
1.407389e+14 7.282877e+32
1.418299e+14 7.458940e+32
1.429293e+14 7.639259e+32
1.440372e+14 7.823937e+32
1.451538e+14 8.013079e+32
1.462789e+14 8.206794e+32
1.474129e+14 8.405192e+32
1.485556e+14 8.608386e+32
1.497071e+14 8.816493e+32
1.508676e+14 9.029630e+32
1.520371e+14 9.247920e+32
1.532156e+14 9.471487e+32
1.544033e+14 9.700459e+32
1.556002e+14 9.934966e+32
1.568063e+14 1.017514e+33
1.580219e+14 1.042112e+33
1.592468e+14 1.067305e+33
1.604812e+14 1.093107e+33
1.617252e+14 1.119533e+33
1.629789e+14 1.146598e+33
1.642422e+14 1.174316e+33
1.655154e+14 1.202705e+33
1.667984e+14 1.231781e+33
1.680914e+14 1.261559e+33
1.693944e+14 1.292057e+33
1.707075e+14 1.323292e+33
1.720307e+14 1.355282e+33
1.733643e+14 1.388046e+33
1.747081e+14 1.421602e+33
1.760624e+14 1.455969e+33
1.774272e+14 1.491167e+33
1.788026e+14 1.527215e+33
1.801886e+14 1.564136e+33
1.815854e+14 1.601948e+33
1.829929e+14 1.640675e+33
1.844114e+14 1.680338e+33
1.858409e+14 1.720960e+33
1.872815e+14 1.762564e+33
1.887333e+14 1.805174e+33
1.901963e+14 1.848814e+33
1.916706e+14 1.893509e+33
1.931564e+14 1.939284e+33
1.946537e+14 1.986166e+33
1.961626e+14 2.034181e+33
1.976832e+14 2.083357e+33
1.992155e+14 2.133722e+33
2.007598e+14 2.185304e+33
2.023160e+14 2.238134e+33
2.038843e+14 2.292240e+33
2.054648e+14 2.347655e+33
2.070575e+14 2.404409e+33
2.086625e+14 2.462535e+33
2.102800e+14 2.522067e+33
2.119100e+14 2.583037e+33
2.135527e+14 2.645482e+33
2.152081e+14 2.709436e+33
2.168763e+14 2.774936e+33
2.185575e+14 2.842020e+33
2.202517e+14 2.910725e+33
2.219590e+14 2.981091e+33
2.236795e+14 3.053159e+33
2.254134e+14 3.126968e+33
2.271608e+14 3.202562e+33
2.289217e+14 3.279984e+33
2.306962e+14 3.359277e+33
2.324845e+14 3.440487e+33
2.342866e+14 3.523660e+33
2.361027e+14 3.608844e+33
2.379329e+14 3.696088e+33
2.397773e+14 3.785440e+33
2.416360e+14 3.876952e+33
2.435091e+14 3.970677e+33
2.453967e+14 4.066668e+33
2.472989e+14 4.164979e+33
2.492159e+14 4.265666e+33
2.511478e+14 4.368788e+33
2.530946e+14 4.474403e+33
2.550565e+14 4.582571e+33
2.570336e+14 4.693354e+33
2.590260e+14 4.806815e+33
2.610339e+14 4.923019e+33
2.630574e+14 5.042032e+33
2.650965e+14 5.163923e+33
2.671515e+14 5.288760e+33
2.692224e+14 5.416615e+33
2.713093e+14 5.547561e+33
2.734124e+14 5.681672e+33
2.755318e+14 5.819026e+33
2.776676e+14 5.959700e+33
2.798200e+14 6.103774e+33
2.819891e+14 6.251332e+33
2.841750e+14 6.402457e+33
2.863778e+14 6.557236e+33
2.885977e+14 6.715756e+33
2.908349e+14 6.878108e+33
2.930893e+14 7.044386e+33
