# epsilon [g/cm^3]   P [dyn/cm^2]
1.364583e+14 6.576221e+32
1.375161e+14 6.720430e+32
1.385821e+14 6.867802e+32
1.396563e+14 7.018405e+32
1.407389e+14 7.172311e+32
1.418299e+14 7.329592e+32
1.429293e+14 7.490322e+32
1.440372e+14 7.654576e+32
1.451538e+14 7.822433e+32
1.462789e+14 7.993970e+32
1.474129e+14 8.169269e+32
1.485556e+14 8.348412e+32
1.497071e+14 8.531484e+32
1.508676e+14 8.718570e+32
1.520371e+14 8.909759e+32
1.532156e+14 9.105140e+32
1.544033e+14 9.304806e+32
1.556002e+14 9.508850e+32
1.568063e+14 9.717369e+32
1.580219e+14 9.930460e+32
1.592468e+14 1.014822e+33
1.604812e+14 1.037076e+33
1.617252e+14 1.059818e+33
1.629789e+14 1.083059e+33
1.642422e+14 1.106809e+33
1.655154e+14 1.131080e+33
1.667984e+14 1.155884e+33
1.680914e+14 1.181231e+33
1.693944e+14 1.207134e+33
1.707075e+14 1.233605e+33
1.720307e+14 1.260657e+33
1.733643e+14 1.288302e+33
1.747081e+14 1.316553e+33
1.760624e+14 1.345423e+33
1.774272e+14 1.374927e+33
1.788026e+14 1.405078e+33
1.801886e+14 1.435889e+33
1.815854e+14 1.467377e+33
1.829929e+14 1.499555e+33
1.844114e+14 1.532438e+33
1.858409e+14 1.566043e+33
1.872815e+14 1.600385e+33
1.887333e+14 1.635480e+33
1.901963e+14 1.671344e+33
1.916706e+14 1.707995e+33
1.931564e+14 1.745449e+33
1.946537e+14 1.783725e+33
1.961626e+14 1.822840e+33
1.976832e+14 1.862813e+33
1.992155e+14 1.903662e+33
2.007598e+14 1.945407e+33
2.023160e+14 1.988068e+33
2.038843e+14 2.031664e+33
2.054648e+14 2.076216e+33
2.070575e+14 2.121746e+33
2.086625e+14 2.168273e+33
2.102800e+14 2.215821e+33
2.119100e+14 2.264412e+33
2.135527e+14 2.314068e+33
2.152081e+14 2.364813e+33
2.168763e+14 2.416670e+33
2.185575e+14 2.469665e+33
2.202517e+14 2.523822e+33
2.219590e+14 2.579167e+33
2.236795e+14 2.635725e+33
2.254134e+14 2.693524e+33
2.271608e+14 2.752590e+33
2.289217e+14 2.812951e+33
2.306962e+14 2.874636e+33
2.324845e+14 2.937674e+33
2.342866e+14 3.002094e+33
2.361027e+14 3.067926e+33
2.379329e+14 3.135203e+33
2.397773e+14 3.203954e+33
2.416360e+14 3.274214e+33
2.435091e+14 3.346013e+33
2.453967e+14 3.419388e+33
2.472989e+14 3.494371e+33
2.492159e+14 3.570999e+33
2.511478e+14 3.649307e+33
2.530946e+14 3.729332e+33
2.550565e+14 3.811113e+33
2.570336e+14 3.894686e+33
2.590260e+14 3.980092e+33
2.610339e+14 4.067372e+33
2.630574e+14 4.156565e+33
2.650965e+14 4.247713e+33
2.671515e+14 4.340861e+33
2.692224e+14 4.436051e+33
2.713093e+14 4.533329e+33
2.734124e+14 4.632740e+33
2.755318e+14 4.734331e+33
2.776676e+14 4.838150e+33
2.798200e+14 4.944245e+33
2.819891e+14 5.052667e+33
2.841750e+14 5.163467e+33
2.863778e+14 5.276696e+33
2.885977e+14 5.392408e+33
2.908349e+14 5.510658e+33
2.930893e+14 5.631500e+33
