# epsilon [g/cm^3]   P [dyn/cm^2]
1.364583e+14 6.575145e+32
1.375161e+14 6.718961e+32
1.385821e+14 6.865922e+32
1.396563e+14 7.016098e+32
1.407389e+14 7.169558e+32
1.418299e+14 7.326375e+32
1.429293e+14 7.486622e+32
1.440372e+14 7.650374e+32
1.451538e+14 7.817708e+32
1.462789e+14 7.988702e+32
1.474129e+14 8.163435e+32
1.485556e+14 8.341991e+32
1.497071e+14 8.524452e+32
1.508676e+14 8.710904e+32
1.520371e+14 8.901434e+32
1.532156e+14 9.096132e+32
1.544033e+14 9.295088e+32
1.556002e+14 9.498396e+32
1.568063e+14 9.706151e+32
1.580219e+14 9.918450e+32
1.592468e+14 1.013539e+33
1.604812e+14 1.035708e+33
1.617252e+14 1.058362e+33
1.629789e+14 1.081511e+33
1.642422e+14 1.105166e+33
1.655154e+14 1.129339e+33
1.667984e+14 1.154041e+33
1.680914e+14 1.179283e+33
1.693944e+14 1.205077e+33
1.707075e+14 1.231435e+33
1.720307e+14 1.258369e+33
1.733643e+14 1.285893e+33
1.747081e+14 1.314019e+33
1.760624e+14 1.342760e+33
1.774272e+14 1.372130e+33
1.788026e+14 1.402142e+33
1.801886e+14 1.432810e+33
1.815854e+14 1.464150e+33
1.829929e+14 1.496174e+33
1.844114e+14 1.528900e+33
1.858409e+14 1.562341e+33
1.872815e+14 1.596513e+33
1.887333e+14 1.631433e+33
1.901963e+14 1.667117e+33
1.916706e+14 1.703581e+33
1.931564e+14 1.740843e+33
1.946537e+14 1.778920e+33
1.961626e+14 1.817829e+33
1.976832e+14 1.857590e+33
1.992155e+14 1.898220e+33
2.007598e+14 1.939739e+33
2.023160e+14 1.982166e+33
2.038843e+14 2.025522e+33
2.054648e+14 2.069825e+33
2.070575e+14 2.115098e+33
2.086625e+14 2.161360e+33
2.102800e+14 2.208635e+33
2.119100e+14 2.256944e+33
2.135527e+14 2.306309e+33
2.152081e+14 2.356754e+33
2.168763e+14 2.408302e+33
2.185575e+14 2.460978e+33
2.202517e+14 2.514806e+33
2.219590e+14 2.569811e+33
2.236795e+14 2.626020e+33
2.254134e+14 2.683458e+33
2.271608e+14 2.742152e+33
2.289217e+14 2.802130e+33
2.306962e+14 2.863420e+33
2.324845e+14 2.926050e+33
2.342866e+14 2.990051e+33
2.361027e+14 3.055451e+33
2.379329e+14 3.122282e+33
2.397773e+14 3.190574e+33
2.416360e+14 3.260360e+33
2.435091e+14 3.331673e+33
2.453967e+14 3.404545e+33
2.472989e+14 3.479012e+33
2.492159e+14 3.555107e+33
2.511478e+14 3.632866e+33
2.530946e+14 3.712327e+33
2.550565e+14 3.793525e+33
2.570336e+14 3.876499e+33
2.590260e+14 3.961288e+33
2.610339e+14 4.047932e+33
2.630574e+14 4.136471e+33
2.650965e+14 4.226946e+33
2.671515e+14 4.319401e+33
2.692224e+14 4.413877e+33
2.713093e+14 4.510420e+33
2.734124e+14 4.609075e+33
2.755318e+14 4.709888e+33
2.776676e+14 4.812905e+33
2.798200e+14 4.918176e+33
2.819891e+14 5.025749e+33
2.841750e+14 5.135676e+33
2.863778e+14 5.248006e+33
2.885977e+14 5.362794e+33
2.908349e+14 5.480092e+33
2.930893e+14 5.599956e+33
