# epsilon [g/cm^3]   P [dyn/cm^2]
1.364583e+14 6.551739e+32
1.375161e+14 6.687004e+32
1.385821e+14 6.825062e+32
1.396563e+14 6.965971e+32
1.407389e+14 7.109788e+32
1.418299e+14 7.256575e+32
1.429293e+14 7.406392e+32
1.440372e+14 7.559302e+32
1.451538e+14 7.715370e+32
1.462789e+14 7.874659e+32
1.474129e+14 8.037237e+32
1.485556e+14 8.203172e+32
1.497071e+14 8.372532e+32
1.508676e+14 8.545389e+32
1.520371e+14 8.721815e+32
1.532156e+14 8.901883e+32
1.544033e+14 9.085669e+32
1.556002e+14 9.273249e+32
1.568063e+14 9.464702e+32
1.580219e+14 9.660108e+32
1.592468e+14 9.859547e+32
1.604812e+14 1.006310e+33
1.617252e+14 1.027086e+33
1.629789e+14 1.048291e+33
1.642422e+14 1.069934e+33
1.655154e+14 1.092024e+33
1.667984e+14 1.114569e+33
1.680914e+14 1.137580e+33
1.693944e+14 1.161067e+33
1.707075e+14 1.185038e+33
1.720307e+14 1.209504e+33
1.733643e+14 1.234475e+33
1.747081e+14 1.259961e+33
1.760624e+14 1.285974e+33
1.774272e+14 1.312524e+33
1.788026e+14 1.339622e+33
1.801886e+14 1.367279e+33
1.815854e+14 1.395508e+33
1.829929e+14 1.424319e+33
1.844114e+14 1.453725e+33
1.858409e+14 1.483739e+33
1.872815e+14 1.514371e+33
1.887333e+14 1.545637e+33
1.901963e+14 1.577547e+33
1.916706e+14 1.610117e+33
1.931564e+14 1.643359e+33
1.946537e+14 1.677287e+33
1.961626e+14 1.711916e+33
1.976832e+14 1.747260e+33
1.992155e+14 1.783333e+33
2.007598e+14 1.820152e+33
2.023160e+14 1.857730e+33
2.038843e+14 1.896084e+33
2.054648e+14 1.935230e+33
2.070575e+14 1.975184e+33
2.086625e+14 2.015964e+33
2.102800e+14 2.057585e+33
2.119100e+14 2.100065e+33
2.135527e+14 2.143422e+33
2.152081e+14 2.187675e+33
2.168763e+14 2.232841e+33
2.185575e+14 2.278939e+33
2.202517e+14 2.325990e+33
2.219590e+14 2.374012e+33
2.236795e+14 2.423025e+33
2.254134e+14 2.473050e+33
2.271608e+14 2.524108e+33
2.289217e+14 2.576220e+33
2.306962e+14 2.629408e+33
2.324845e+14 2.683694e+33
2.342866e+14 2.739101e+33
2.361027e+14 2.795651e+33
2.379329e+14 2.853369e+33
2.397773e+14 2.912279e+33
2.416360e+14 2.972405e+33
2.435091e+14 3.033773e+33
2.453967e+14 3.096407e+33
2.472989e+14 3.160335e+33
2.492159e+14 3.225582e+33
2.511478e+14 3.292177e+33
2.530946e+14 3.360146e+33
2.550565e+14 3.429519e+33
2.570336e+14 3.500324e+33
2.590260e+14 3.572590e+33
2.610339e+14 3.646349e+33
2.630574e+14 3.721631e+33
2.650965e+14 3.798466e+33
2.671515e+14 3.876889e+33
2.692224e+14 3.956930e+33
2.713093e+14 4.038623e+33
2.734124e+14 4.122004e+33
2.755318e+14 4.207105e+33
2.776676e+14 4.293964e+33
2.798200e+14 4.382616e+33
2.819891e+14 4.473098e+33
2.841750e+14 4.565449e+33
2.863778e+14 4.659706e+33
2.885977e+14 4.755909e+33
2.908349e+14 4.854098e+33
2.930893e+14 4.954314e+33
