# epsilon [g/cm^3]   P [dyn/cm^2]
1.364583e+14 6.632592e+32
1.375161e+14 6.797555e+32
1.385821e+14 6.966620e+32
1.396563e+14 7.139891e+32
1.407389e+14 7.317471e+32
1.418299e+14 7.499468e+32
1.429293e+14 7.685991e+32
1.440372e+14 7.877154e+32
1.451538e+14 8.073071e+32
1.462789e+14 8.273861e+32
1.474129e+14 8.479644e+32
1.485556e+14 8.690546e+32
1.497071e+14 8.906694e+32
1.508676e+14 9.128217e+32
1.520371e+14 9.355250e+32
1.532156e+14 9.587929e+32
1.544033e+14 9.826396e+32
1.556002e+14 1.007079e+33
1.568063e+14 1.032127e+33
1.580219e+14 1.057798e+33
1.592468e+14 1.084107e+33
1.604812e+14 1.111070e+33
1.617252e+14 1.138704e+33
1.629789e+14 1.167025e+33
1.642422e+14 1.196051e+33
1.655154e+14 1.225799e+33
1.667984e+14 1.256286e+33
1.680914e+14 1.287532e+33
1.693944e+14 1.319555e+33
1.707075e+14 1.352374e+33
1.720307e+14 1.386010e+33
1.733643e+14 1.420482e+33
1.747081e+14 1.455812e+33
1.760624e+14 1.492020e+33
1.774272e+14 1.529129e+33
1.788026e+14 1.567161e+33
1.801886e+14 1.606139e+33
1.815854e+14 1.646086e+33
1.829929e+14 1.687026e+33
1.844114e+14 1.728985e+33
1.858409e+14 1.771988e+33
1.872815e+14 1.816060e+33
1.887333e+14 1.861228e+33
1.901963e+14 1.907520e+33
1.916706e+14 1.954963e+33
1.931564e+14 2.003586e+33
1.946537e+14 2.053418e+33
1.961626e+14 2.104490e+33
1.976832e+14 2.156832e+33
1.992155e+14 2.210476e+33
2.007598e+14 2.265453e+33
2.023160e+14 2.321799e+33
2.038843e+14 2.379546e+33
2.054648e+14 2.438729e+33
2.070575e+14 2.499383e+33
2.086625e+14 2.561547e+33
2.102800e+14 2.625257e+33
2.119100e+14 2.690551e+33
2.135527e+14 2.757469e+33
2.152081e+14 2.826052e+33
2.168763e+14 2.896340e+33
2.185575e+14 2.968376e+33
2.202517e+14 3.042204e+33
2.219590e+14 3.117869e+33
2.236795e+14 3.195415e+33
2.254134e+14 3.274890e+33
2.271608e+14 3.356342e+33
2.289217e+14 3.439819e+33
2.306962e+14 3.525373e+33
2.324845e+14 3.613054e+33
2.342866e+14 3.702916e+33
2.361027e+14 3.795014e+33
2.379329e+14 3.889401e+33
2.397773e+14 3.986137e+33
2.416360e+14 4.085278e+33
2.435091e+14 4.186886e+33
2.453967e+14 4.291020e+33
2.472989e+14 4.397744e+33
2.492159e+14 4.507123e+33
2.511478e+14 4.619222e+33
2.530946e+14 4.734109e+33
2.550565e+14 4.851854e+33
2.570336e+14 4.972527e+33
2.590260e+14 5.096201e+33
2.610339e+14 5.222952e+33
2.630574e+14 5.352855e+33
2.650965e+14 5.485989e+33
2.671515e+14 5.622434e+33
2.692224e+14 5.762272e+33
2.713093e+14 5.905589e+33
2.734124e+14 6.052470e+33
2.755318e+14 6.203004e+33
2.776676e+14 6.357283e+33
2.798200e+14 6.515398e+33
2.819891e+14 6.677446e+33
2.841750e+14 6.843525e+33
2.863778e+14 7.013734e+33
2.885977e+14 7.188176e+33
2.908349e+14 7.366957e+33
2.930893e+14 7.550185e+33
