# epsilon [g/cm^3]   P [dyn/cm^2]
1.364583e+14 6.449448e+32
1.375161e+14 6.547800e+32
1.385821e+14 6.647651e+32
1.396563e+14 6.749025e+32
1.407389e+14 6.851944e+32
1.418299e+14 6.956434e+32
1.429293e+14 7.062516e+32
1.440372e+14 7.170217e+32
1.451538e+14 7.279559e+32
1.462789e+14 7.390569e+32
1.474129e+14 7.503273e+32
1.485556e+14 7.617694e+32
1.497071e+14 7.733861e+32
1.508676e+14 7.851799e+32
1.520371e+14 7.971536e+32
1.532156e+14 8.093098e+32
1.544033e+14 8.216514e+32
1.556002e+14 8.341813e+32
1.568063e+14 8.469022e+32
1.580219e+14 8.598171e+32
1.592468e+14 8.729289e+32
1.604812e+14 8.862407e+32
1.617252e+14 8.997555e+32
1.629789e+14 9.134764e+32
1.642422e+14 9.274065e+32
1.655154e+14 9.415491e+32
1.667984e+14 9.559073e+32
1.680914e+14 9.704845e+32
1.693944e+14 9.852840e+32
1.707075e+14 1.000309e+33
1.720307e+14 1.015563e+33
1.733643e+14 1.031050e+33
1.747081e+14 1.046773e+33
1.760624e+14 1.062736e+33
1.774272e+14 1.078943e+33
1.788026e+14 1.095396e+33
1.801886e+14 1.112100e+33
1.815854e+14 1.129059e+33
1.829929e+14 1.146277e+33
1.844114e+14 1.163757e+33
1.858409e+14 1.181504e+33
1.872815e+14 1.199521e+33
1.887333e+14 1.217814e+33
1.901963e+14 1.236385e+33
1.916706e+14 1.255239e+33
1.931564e+14 1.274381e+33
1.946537e+14 1.293815e+33
1.961626e+14 1.313545e+33
1.976832e+14 1.333576e+33
1.992155e+14 1.353912e+33
2.007598e+14 1.374559e+33
2.023160e+14 1.395520e+33
2.038843e+14 1.416802e+33
2.054648e+14 1.438407e+33
2.070575e+14 1.460342e+33
2.086625e+14 1.482612e+33
2.102800e+14 1.505221e+33
2.119100e+14 1.528175e+33
2.135527e+14 1.551479e+33
2.152081e+14 1.575138e+33
2.168763e+14 1.599159e+33
2.185575e+14 1.623545e+33
2.202517e+14 1.648303e+33
2.219590e+14 1.673439e+33
2.236795e+14 1.698959e+33
2.254134e+14 1.724867e+33
2.271608e+14 1.751171e+33
2.289217e+14 1.777875e+33
2.306962e+14 1.804987e+33
2.324845e+14 1.832512e+33
2.342866e+14 1.860457e+33
2.361027e+14 1.888828e+33
2.379329e+14 1.917632e+33
2.397773e+14 1.946875e+33
2.416360e+14 1.976564e+33
2.435091e+14 2.006706e+33
2.453967e+14 2.037308e+33
2.472989e+14 2.068376e+33
2.492159e+14 2.099918e+33
2.511478e+14 2.131940e+33
2.530946e+14 2.164452e+33
2.550565e+14 2.197459e+33
2.570336e+14 2.230969e+33
2.590260e+14 2.264990e+33
2.610339e+14 2.299530e+33
2.630574e+14 2.334597e+33
2.650965e+14 2.370199e+33
2.671515e+14 2.406343e+33
2.692224e+14 2.443039e+33
2.713093e+14 2.480294e+33
2.734124e+14 2.518118e+33
2.755318e+14 2.556518e+33
2.776676e+14 2.595504e+33
2.798200e+14 2.635084e+33
2.819891e+14 2.675268e+33
2.841750e+14 2.716065e+33
2.863778e+14 2.757484e+33
2.885977e+14 2.799534e+33
2.908349e+14 2.842226e+33
2.930893e+14 2.885568e+33
