# epsilon [g/cm^3]   P [dyn/cm^2]
1.364583e+14 6.529261e+32
1.375161e+14 6.656352e+32
1.385821e+14 6.785916e+32
1.396563e+14 6.918003e+32
1.407389e+14 7.052660e+32
1.418299e+14 7.189938e+32
1.429293e+14 7.329889e+32
1.440372e+14 7.472564e+32
1.451538e+14 7.618015e+32
1.462789e+14 7.766298e+32
1.474129e+14 7.917467e+32
1.485556e+14 8.071579e+32
1.497071e+14 8.228691e+32
1.508676e+14 8.388860e+32
1.520371e+14 8.552147e+32
1.532156e+14 8.718613e+32
1.544033e+14 8.888319e+32
1.556002e+14 9.061328e+32
1.568063e+14 9.237705e+32
1.580219e+14 9.417515e+32
1.592468e+14 9.600824e+32
1.604812e+14 9.787702e+32
1.617252e+14 9.978218e+32
1.629789e+14 1.017244e+33
1.642422e+14 1.037045e+33
1.655154e+14 1.057230e+33
1.667984e+14 1.077809e+33
1.680914e+14 1.098788e+33
1.693944e+14 1.120176e+33
1.707075e+14 1.141980e+33
1.720307e+14 1.164208e+33
1.733643e+14 1.186870e+33
1.747081e+14 1.209972e+33
1.760624e+14 1.233524e+33
1.774272e+14 1.257534e+33
1.788026e+14 1.282011e+33
1.801886e+14 1.306965e+33
1.815854e+14 1.332405e+33
1.829929e+14 1.358340e+33
1.844114e+14 1.384780e+33
1.858409e+14 1.411734e+33
1.872815e+14 1.439214e+33
1.887333e+14 1.467227e+33
1.901963e+14 1.495787e+33
1.916706e+14 1.524902e+33
1.931564e+14 1.554584e+33
1.946537e+14 1.584843e+33
1.961626e+14 1.615692e+33
1.976832e+14 1.647141e+33
1.992155e+14 1.679202e+33
2.007598e+14 1.711888e+33
2.023160e+14 1.745209e+33
2.038843e+14 1.779179e+33
2.054648e+14 1.813811e+33
2.070575e+14 1.849116e+33
2.086625e+14 1.885109e+33
2.102800e+14 1.921802e+33
2.119100e+14 1.959209e+33
2.135527e+14 1.997345e+33
2.152081e+14 2.036223e+33
2.168763e+14 2.075857e+33
2.185575e+14 2.116263e+33
2.202517e+14 2.157456e+33
2.219590e+14 2.199450e+33
2.236795e+14 2.242262e+33
2.254134e+14 2.285907e+33
2.271608e+14 2.330402e+33
2.289217e+14 2.375763e+33
2.306962e+14 2.422006e+33
2.324845e+14 2.469150e+33
2.342866e+14 2.517212e+33
2.361027e+14 2.566209e+33
2.379329e+14 2.616159e+33
2.397773e+14 2.667082e+33
2.416360e+14 2.718996e+33
2.435091e+14 2.771921e+33
2.453967e+14 2.825876e+33
2.472989e+14 2.880881e+33
2.492159e+14 2.936957e+33
2.511478e+14 2.994124e+33
2.530946e+14 3.052404e+33
2.550565e+14 3.111818e+33
2.570336e+14 3.172389e+33
2.590260e+14 3.234139e+33
2.610339e+14 3.297090e+33
2.630574e+14 3.361268e+33
2.650965e+14 3.426694e+33
2.671515e+14 3.493394e+33
2.692224e+14 3.561392e+33
2.713093e+14 3.630713e+33
2.734124e+14 3.701384e+33
2.755318e+14 3.773431e+33
2.776676e+14 3.846880e+33
2.798200e+14 3.921759e+33
2.819891e+14 3.998095e+33
2.841750e+14 4.075917e+33
2.863778e+14 4.155254e+33
2.885977e+14 4.236135e+33
2.908349e+14 4.318590e+33
2.930893e+14 4.402651e+33
