# epsilon [g/cm^3]   P [dyn/cm^2]
1.364583e+14 6.445393e+32
1.375161e+14 6.542297e+32
1.385821e+14 6.640657e+32
1.396563e+14 6.740496e+32
1.407389e+14 6.841836e+32
1.418299e+14 6.944700e+32
1.429293e+14 7.049110e+32
1.440372e+14 7.155090e+32
1.451538e+14 7.262663e+32
1.462789e+14 7.371854e+32
1.474129e+14 7.482686e+32
1.485556e+14 7.595185e+32
1.497071e+14 7.709375e+32
1.508676e+14 7.825281e+32
1.520371e+14 7.942931e+32
1.532156e+14 8.062349e+32
1.544033e+14 8.183562e+32
1.556002e+14 8.306598e+32
1.568063e+14 8.431484e+32
1.580219e+14 8.558247e+32
1.592468e+14 8.686916e+32
1.604812e+14 8.817520e+32
1.617252e+14 8.950087e+32
1.629789e+14 9.084647e+32
1.642422e+14 9.221230e+32
1.655154e+14 9.359867e+32
1.667984e+14 9.500588e+32
1.680914e+14 9.643425e+32
1.693944e+14 9.788409e+32
1.707075e+14 9.935573e+32
1.720307e+14 1.008495e+33
1.733643e+14 1.023657e+33
1.747081e+14 1.039047e+33
1.760624e+14 1.054669e+33
1.774272e+14 1.070525e+33
1.788026e+14 1.086620e+33
1.801886e+14 1.102957e+33
1.815854e+14 1.119539e+33
1.829929e+14 1.136371e+33
1.844114e+14 1.153456e+33
1.858409e+14 1.170798e+33
1.872815e+14 1.188400e+33
1.887333e+14 1.206267e+33
1.901963e+14 1.224403e+33
1.916706e+14 1.242811e+33
1.931564e+14 1.261496e+33
1.946537e+14 1.280462e+33
1.961626e+14 1.299713e+33
1.976832e+14 1.319254e+33
1.992155e+14 1.339088e+33
2.007598e+14 1.359220e+33
2.023160e+14 1.379656e+33
2.038843e+14 1.400398e+33
2.054648e+14 1.421452e+33
2.070575e+14 1.442823e+33
2.086625e+14 1.464515e+33
2.102800e+14 1.486534e+33
2.119100e+14 1.508883e+33
2.135527e+14 1.531568e+33
2.152081e+14 1.554595e+33
2.168763e+14 1.577967e+33
2.185575e+14 1.601691e+33
2.202517e+14 1.625772e+33
2.219590e+14 1.650215e+33
2.236795e+14 1.675025e+33
2.254134e+14 1.700208e+33
2.271608e+14 1.725770e+33
2.289217e+14 1.751716e+33
2.306962e+14 1.778052e+33
2.324845e+14 1.804784e+33
2.342866e+14 1.831918e+33
2.361027e+14 1.859460e+33
2.379329e+14 1.887416e+33
2.397773e+14 1.915793e+33
2.416360e+14 1.944596e+33
2.435091e+14 1.973832e+33
2.453967e+14 2.003507e+33
2.472989e+14 2.033629e+33
2.492159e+14 2.064204e+33
2.511478e+14 2.095238e+33
2.530946e+14 2.126739e+33
2.550565e+14 2.158713e+33
2.570336e+14 2.191169e+33
2.590260e+14 2.224112e+33
2.610339e+14 2.257550e+33
2.630574e+14 2.291491e+33
2.650965e+14 2.325943e+33
2.671515e+14 2.360912e+33
2.692224e+14 2.396407e+33
2.713093e+14 2.432436e+33
2.734124e+14 2.469007e+33
2.755318e+14 2.506127e+33
2.776676e+14 2.543805e+33
2.798200e+14 2.582050e+33
2.819891e+14 2.620870e+33
2.841750e+14 2.660274e+33
2.863778e+14 2.700270e+33
2.885977e+14 2.740867e+33
2.908349e+14 2.782074e+33
2.930893e+14 2.823902e+33
