# epsilon [g/cm^3]   P [dyn/cm^2]
1.364583e+14 6.533411e+32
1.375161e+14 6.662008e+32
1.385821e+14 6.793136e+32
1.396563e+14 6.926846e+32
1.407389e+14 7.063187e+32
1.418299e+14 7.202211e+32
1.429293e+14 7.343973e+32
1.440372e+14 7.488524e+32
1.451538e+14 7.635921e+32
1.462789e+14 7.786218e+32
1.474129e+14 7.939475e+32
1.485556e+14 8.095747e+32
1.497071e+14 8.255096e+32
1.508676e+14 8.417581e+32
1.520371e+14 8.583264e+32
1.532156e+14 8.752208e+32
1.544033e+14 8.924478e+32
1.556002e+14 9.100139e+32
1.568063e+14 9.279257e+32
1.580219e+14 9.461900e+32
1.592468e+14 9.648139e+32
1.604812e+14 9.838043e+32
1.617252e+14 1.003169e+33
1.629789e+14 1.022914e+33
1.642422e+14 1.043048e+33
1.655154e+14 1.063578e+33
1.667984e+14 1.084513e+33
1.680914e+14 1.105859e+33
1.693944e+14 1.127626e+33
1.707075e+14 1.149821e+33
1.720307e+14 1.172453e+33
1.733643e+14 1.195530e+33
1.747081e+14 1.219062e+33
1.760624e+14 1.243056e+33
1.774272e+14 1.267524e+33
1.788026e+14 1.292472e+33
1.801886e+14 1.317912e+33
1.815854e+14 1.343852e+33
1.829929e+14 1.370303e+33
1.844114e+14 1.397275e+33
1.858409e+14 1.424778e+33
1.872815e+14 1.452822e+33
1.887333e+14 1.481417e+33
1.901963e+14 1.510576e+33
1.916706e+14 1.540309e+33
1.931564e+14 1.570627e+33
1.946537e+14 1.601541e+33
1.961626e+14 1.633065e+33
1.976832e+14 1.665208e+33
1.992155e+14 1.697984e+33
2.007598e+14 1.731406e+33
2.023160e+14 1.765485e+33
2.038843e+14 1.800235e+33
2.054648e+14 1.835669e+33
2.070575e+14 1.871801e+33
2.086625e+14 1.908643e+33
2.102800e+14 1.946211e+33
2.119100e+14 1.984518e+33
2.135527e+14 2.023580e+33
2.152081e+14 2.063410e+33
2.168763e+14 2.104024e+33
2.185575e+14 2.145437e+33
2.202517e+14 2.187666e+33
2.219590e+14 2.230726e+33
2.236795e+14 2.274633e+33
2.254134e+14 2.319405e+33
2.271608e+14 2.365058e+33
2.289217e+14 2.411609e+33
2.306962e+14 2.459077e+33
2.324845e+14 2.507479e+33
2.342866e+14 2.556834e+33
2.361027e+14 2.607160e+33
2.379329e+14 2.658476e+33
2.397773e+14 2.710803e+33
2.416360e+14 2.764160e+33
2.435091e+14 2.818567e+33
2.453967e+14 2.874045e+33
2.472989e+14 2.930615e+33
2.492159e+14 2.988298e+33
2.511478e+14 3.047116e+33
2.530946e+14 3.107093e+33
2.550565e+14 3.168250e+33
2.570336e+14 3.230610e+33
2.590260e+14 3.294199e+33
2.610339e+14 3.359038e+33
2.630574e+14 3.425154e+33
2.650965e+14 3.492571e+33
2.671515e+14 3.561316e+33
2.692224e+14 3.631413e+33
2.713093e+14 3.702890e+33
2.734124e+14 3.775774e+33
2.755318e+14 3.850093e+33
2.776676e+14 3.925874e+33
2.798200e+14 4.003147e+33
2.819891e+14 4.081941e+33
2.841750e+14 4.162286e+33
2.863778e+14 4.244212e+33
2.885977e+14 4.327751e+33
2.908349e+14 4.412934e+33
2.930893e+14 4.499794e+33
