# epsilon [g/cm^3]   P [dyn/cm^2]
1.364583e+14 6.540640e+32
1.375161e+14 6.671865e+32
1.385821e+14 6.805722e+32
1.396563e+14 6.942265e+32
1.407389e+14 7.081547e+32
1.418299e+14 7.223624e+32
1.429293e+14 7.368551e+32
1.440372e+14 7.516386e+32
1.451538e+14 7.667186e+32
1.462789e+14 7.821013e+32
1.474129e+14 7.977925e+32
1.485556e+14 8.137986e+32
1.497071e+14 8.301258e+32
1.508676e+14 8.467806e+32
1.520371e+14 8.637695e+32
1.532156e+14 8.810992e+32
1.544033e+14 8.987767e+32
1.556002e+14 9.168088e+32
1.568063e+14 9.352026e+32
1.580219e+14 9.539656e+32
1.592468e+14 9.731049e+32
1.604812e+14 9.926283e+32
1.617252e+14 1.012543e+33
1.629789e+14 1.032858e+33
1.642422e+14 1.053580e+33
1.655154e+14 1.074718e+33
1.667984e+14 1.096280e+33
1.680914e+14 1.118275e+33
1.693944e+14 1.140710e+33
1.707075e+14 1.163597e+33
1.720307e+14 1.186942e+33
1.733643e+14 1.210755e+33
1.747081e+14 1.235047e+33
1.760624e+14 1.259825e+33
1.774272e+14 1.285101e+33
1.788026e+14 1.310884e+33
1.801886e+14 1.337184e+33
1.815854e+14 1.364012e+33
1.829929e+14 1.391378e+33
1.844114e+14 1.419293e+33
1.858409e+14 1.447768e+33
1.872815e+14 1.476815e+33
1.887333e+14 1.506444e+33
1.901963e+14 1.536668e+33
1.916706e+14 1.567498e+33
1.931564e+14 1.598947e+33
1.946537e+14 1.631026e+33
1.961626e+14 1.663749e+33
1.976832e+14 1.697129e+33
1.992155e+14 1.731178e+33
2.007598e+14 1.765911e+33
2.023160e+14 1.801340e+33
2.038843e+14 1.837480e+33
2.054648e+14 1.874346e+33
2.070575e+14 1.911951e+33
2.086625e+14 1.950310e+33
2.102800e+14 1.989439e+33
2.119100e+14 2.029353e+33
2.135527e+14 2.070068e+33
2.152081e+14 2.111599e+33
2.168763e+14 2.153964e+33
2.185575e+14 2.197179e+33
2.202517e+14 2.241261e+33
2.219590e+14 2.286227e+33
2.236795e+14 2.332096e+33
2.254134e+14 2.378884e+33
2.271608e+14 2.426612e+33
2.289217e+14 2.475297e+33
2.306962e+14 2.524959e+33
2.324845e+14 2.575617e+33
2.342866e+14 2.627291e+33
2.361027e+14 2.680002e+33
2.379329e+14 2.733771e+33
2.397773e+14 2.788619e+33
2.416360e+14 2.844566e+33
2.435091e+14 2.901637e+33
2.453967e+14 2.959852e+33
2.472989e+14 3.019236e+33
2.492159e+14 3.079810e+33
2.511478e+14 3.141600e+33
2.530946e+14 3.204630e+33
2.550565e+14 3.268924e+33
2.570336e+14 3.334509e+33
2.590260e+14 3.401409e+33
2.610339e+14 3.469651e+33
2.630574e+14 3.539262e+33
2.650965e+14 3.610270e+33
2.671515e+14 3.682703e+33
2.692224e+14 3.756589e+33
2.713093e+14 3.831957e+33
2.734124e+14 3.908838e+33
2.755318e+14 3.987260e+33
2.776676e+14 4.067256e+33
2.798200e+14 4.148858e+33
2.819891e+14 4.232096e+33
2.841750e+14 4.317004e+33
2.863778e+14 4.403616e+33
2.885977e+14 4.491966e+33
2.908349e+14 4.582088e+33
2.930893e+14 4.674018e+33
