# epsilon [g/cm^3]   P [dyn/cm^2]
1.364583e+14 6.569393e+32
1.375161e+14 6.711104e+32
1.385821e+14 6.855872e+32
1.396563e+14 7.003763e+32
1.407389e+14 7.154844e+32
1.418299e+14 7.309184e+32
1.429293e+14 7.466853e+32
1.440372e+14 7.627923e+32
1.451538e+14 7.792468e+32
1.462789e+14 7.960563e+32
1.474129e+14 8.132283e+32
1.485556e+14 8.307708e+32
1.497071e+14 8.486916e+32
1.508676e+14 8.669991e+32
1.520371e+14 8.857015e+32
1.532156e+14 9.048073e+32
1.544033e+14 9.243252e+32
1.556002e+14 9.442642e+32
1.568063e+14 9.646333e+32
1.580219e+14 9.854418e+32
1.592468e+14 1.006699e+33
1.604812e+14 1.028415e+33
1.617252e+14 1.050599e+33
1.629789e+14 1.073262e+33
1.642422e+14 1.096414e+33
1.655154e+14 1.120065e+33
1.667984e+14 1.144227e+33
1.680914e+14 1.168909e+33
1.693944e+14 1.194124e+33
1.707075e+14 1.219883e+33
1.720307e+14 1.246198e+33
1.733643e+14 1.273080e+33
1.747081e+14 1.300542e+33
1.760624e+14 1.328596e+33
1.774272e+14 1.357256e+33
1.788026e+14 1.386534e+33
1.801886e+14 1.416443e+33
1.815854e+14 1.446998e+33
1.829929e+14 1.478212e+33
1.844114e+14 1.510099e+33
1.858409e+14 1.542674e+33
1.872815e+14 1.575951e+33
1.887333e+14 1.609947e+33
1.901963e+14 1.644676e+33
1.916706e+14 1.680154e+33
1.931564e+14 1.716397e+33
1.946537e+14 1.753422e+33
1.961626e+14 1.791246e+33
1.976832e+14 1.829885e+33
1.992155e+14 1.869358e+33
2.007598e+14 1.909683e+33
2.023160e+14 1.950878e+33
2.038843e+14 1.992961e+33
2.054648e+14 2.035952e+33
2.070575e+14 2.079870e+33
2.086625e+14 2.124736e+33
2.102800e+14 2.170569e+33
2.119100e+14 2.217391e+33
2.135527e+14 2.265224e+33
2.152081e+14 2.314088e+33
2.168763e+14 2.364006e+33
2.185575e+14 2.415001e+33
2.202517e+14 2.467095e+33
2.219590e+14 2.520314e+33
2.236795e+14 2.574681e+33
2.254134e+14 2.630220e+33
2.271608e+14 2.686958e+33
2.289217e+14 2.744919e+33
2.306962e+14 2.804131e+33
2.324845e+14 2.864620e+33
2.342866e+14 2.926414e+33
2.361027e+14 2.989541e+33
2.379329e+14 3.054029e+33
2.397773e+14 3.119909e+33
2.416360e+14 3.187209e+33
2.435091e+14 3.255962e+33
2.453967e+14 3.326198e+33
2.472989e+14 3.397948e+33
2.492159e+14 3.471247e+33
2.511478e+14 3.546126e+33
2.530946e+14 3.622621e+33
2.550565e+14 3.700766e+33
2.570336e+14 3.780597e+33
2.590260e+14 3.862150e+33
2.610339e+14 3.945462e+33
2.630574e+14 4.030571e+33
2.650965e+14 4.117516e+33
2.671515e+14 4.206336e+33
2.692224e+14 4.297073e+33
2.713093e+14 4.389766e+33
2.734124e+14 4.484460e+33
2.755318e+14 4.581196e+33
2.776676e+14 4.680019e+33
2.798200e+14 4.780973e+33
2.819891e+14 4.884105e+33
2.841750e+14 4.989462e+33
2.863778e+14 5.097092e+33
2.885977e+14 5.207043e+33
2.908349e+14 5.319366e+33
2.930893e+14 5.434113e+33
