# epsilon [g/cm^3]   P [dyn/cm^2]
1.364583e+14 6.630164e+32
1.375161e+14 6.794229e+32
1.385821e+14 6.962353e+32
1.396563e+14 7.134638e+32
1.407389e+14 7.311185e+32
1.418299e+14 7.492102e+32
1.429293e+14 7.677495e+32
1.440372e+14 7.867476e+32
1.451538e+14 8.062158e+32
1.462789e+14 8.261658e+32
1.474129e+14 8.466094e+32
1.485556e+14 8.675589e+32
1.497071e+14 8.890268e+32
1.508676e+14 9.110259e+32
1.520371e+14 9.335694e+32
1.532156e+14 9.566707e+32
1.544033e+14 9.803437e+32
1.556002e+14 1.004602e+33
1.568063e+14 1.029462e+33
1.580219e+14 1.054936e+33
1.592468e+14 1.081040e+33
1.604812e+14 1.107791e+33
1.617252e+14 1.135203e+33
1.629789e+14 1.163294e+33
1.642422e+14 1.192080e+33
1.655154e+14 1.221578e+33
1.667984e+14 1.251806e+33
1.680914e+14 1.282783e+33
1.693944e+14 1.314525e+33
1.707075e+14 1.347053e+33
1.720307e+14 1.380386e+33
1.733643e+14 1.414544e+33
1.747081e+14 1.449548e+33
1.760624e+14 1.485417e+33
1.774272e+14 1.522174e+33
1.788026e+14 1.559840e+33
1.801886e+14 1.598439e+33
1.815854e+14 1.637992e+33
1.829929e+14 1.678525e+33
1.844114e+14 1.720060e+33
1.858409e+14 1.762623e+33
1.872815e+14 1.806240e+33
1.887333e+14 1.850935e+33
1.901963e+14 1.896737e+33
1.916706e+14 1.943672e+33
1.931564e+14 1.991769e+33
1.946537e+14 2.041055e+33
1.961626e+14 2.091562e+33
1.976832e+14 2.143318e+33
1.992155e+14 2.196355e+33
2.007598e+14 2.250704e+33
2.023160e+14 2.306398e+33
2.038843e+14 2.363470e+33
2.054648e+14 2.421954e+33
2.070575e+14 2.481886e+33
2.086625e+14 2.543301e+33
2.102800e+14 2.606235e+33
2.119100e+14 2.670727e+33
2.135527e+14 2.736815e+33
2.152081e+14 2.804537e+33
2.168763e+14 2.873936e+33
2.185575e+14 2.945052e+33
2.202517e+14 3.017928e+33
2.219590e+14 3.092607e+33
2.236795e+14 3.169134e+33
2.254134e+14 3.247555e+33
2.271608e+14 3.327916e+33
2.289217e+14 3.410266e+33
2.306962e+14 3.494654e+33
2.324845e+14 3.581130e+33
2.342866e+14 3.669745e+33
2.361027e+14 3.760554e+33
2.379329e+14 3.853609e+33
2.397773e+14 3.948968e+33
2.416360e+14 4.046686e+33
2.435091e+14 4.146821e+33
2.453967e+14 4.249435e+33
2.472989e+14 4.354588e+33
2.492159e+14 4.462343e+33
2.511478e+14 4.572765e+33
2.530946e+14 4.685919e+33
2.550565e+14 4.801873e+33
2.570336e+14 4.920696e+33
2.590260e+14 5.042459e+33
2.610339e+14 5.167236e+33
2.630574e+14 5.295100e+33
2.650965e+14 5.426128e+33
2.671515e+14 5.560398e+33
2.692224e+14 5.697991e+33
2.713093e+14 5.838989e+33
2.734124e+14 5.983476e+33
2.755318e+14 6.131538e+33
2.776676e+14 6.283264e+33
2.798200e+14 6.438745e+33
2.819891e+14 6.598072e+33
2.841750e+14 6.761343e+33
2.863778e+14 6.928653e+33
2.885977e+14 7.100104e+33
2.908349e+14 7.275797e+33
2.930893e+14 7.455838e+33
