# epsilon [g/cm^3]   P [dyn/cm^2]
1.364583e+14 6.638865e+32
1.375161e+14 6.806151e+32
1.385821e+14 6.977653e+32
1.396563e+14 7.153476e+32
1.407389e+14 7.333729e+32
1.418299e+14 7.518525e+32
1.429293e+14 7.707977e+32
1.440372e+14 7.902202e+32
1.451538e+14 8.101322e+32
1.462789e+14 8.305459e+32
1.474129e+14 8.514740e+32
1.485556e+14 8.729295e+32
1.497071e+14 8.949256e+32
1.508676e+14 9.174759e+32
1.520371e+14 9.405945e+32
1.532156e+14 9.642956e+32
1.544033e+14 9.885939e+32
1.556002e+14 1.013505e+33
1.568063e+14 1.039043e+33
1.580219e+14 1.065225e+33
1.592468e+14 1.092066e+33
1.604812e+14 1.119584e+33
1.617252e+14 1.147795e+33
1.629789e+14 1.176718e+33
1.642422e+14 1.206368e+33
1.655154e+14 1.236767e+33
1.667984e+14 1.267931e+33
1.680914e+14 1.299880e+33
1.693944e+14 1.332634e+33
1.707075e+14 1.366214e+33
1.720307e+14 1.400640e+33
1.733643e+14 1.435933e+33
1.747081e+14 1.472116e+33
1.760624e+14 1.509210e+33
1.774272e+14 1.547239e+33
1.788026e+14 1.586227e+33
1.801886e+14 1.626197e+33
1.815854e+14 1.667174e+33
1.829929e+14 1.709183e+33
1.844114e+14 1.752251e+33
1.858409e+14 1.796404e+33
1.872815e+14 1.841670e+33
1.887333e+14 1.888076e+33
1.901963e+14 1.935652e+33
1.916706e+14 1.984427e+33
1.931564e+14 2.034430e+33
1.946537e+14 2.085694e+33
1.961626e+14 2.138249e+33
1.976832e+14 2.192129e+33
1.992155e+14 2.247366e+33
2.007598e+14 2.303996e+33
2.023160e+14 2.362052e+33
2.038843e+14 2.421571e+33
2.054648e+14 2.482589e+33
2.070575e+14 2.545146e+33
2.086625e+14 2.609278e+33
2.102800e+14 2.675027e+33
2.119100e+14 2.742432e+33
2.135527e+14 2.811536e+33
2.152081e+14 2.882381e+33
2.168763e+14 2.955012e+33
2.185575e+14 3.029472e+33
2.202517e+14 3.105809e+33
2.219590e+14 3.184069e+33
2.236795e+14 3.264301e+33
2.254134e+14 3.346555e+33
2.271608e+14 3.430881e+33
2.289217e+14 3.517333e+33
2.306962e+14 3.605963e+33
2.324845e+14 3.696826e+33
2.342866e+14 3.789978e+33
2.361027e+14 3.885478e+33
2.379329e+14 3.983385e+33
2.397773e+14 4.083758e+33
2.416360e+14 4.186661e+33
2.435091e+14 4.292156e+33
2.453967e+14 4.400310e+33
2.472989e+14 4.511189e+33
2.492159e+14 4.624862e+33
2.511478e+14 4.741399e+33
2.530946e+14 4.860873e+33
2.550565e+14 4.983358e+33
2.570336e+14 5.108928e+33
2.590260e+14 5.237663e+33
2.610339e+14 5.369642e+33
2.630574e+14 5.504946e+33
2.650965e+14 5.643660e+33
2.671515e+14 5.785869e+33
2.692224e+14 5.931661e+33
2.713093e+14 6.081127e+33
2.734124e+14 6.234360e+33
2.755318e+14 6.391453e+33
2.776676e+14 6.552505e+33
2.798200e+14 6.717615e+33
2.819891e+14 6.886886e+33
2.841750e+14 7.060421e+33
2.863778e+14 7.238330e+33
2.885977e+14 7.420722e+33
2.908349e+14 7.607709e+33
2.930893e+14 7.799408e+33
