# epsilon [g/cm^3]   P [dyn/cm^2]
1.364583e+14 6.488192e+32
1.375161e+14 6.600438e+32
1.385821e+14 6.714626e+32
1.396563e+14 6.830789e+32
1.407389e+14 6.948962e+32
1.418299e+14 7.069180e+32
1.429293e+14 7.191477e+32
1.440372e+14 7.315890e+32
1.451538e+14 7.442455e+32
1.462789e+14 7.571210e+32
1.474129e+14 7.702192e+32
1.485556e+14 7.835441e+32
1.497071e+14 7.970994e+32
1.508676e+14 8.108893e+32
1.520371e+14 8.249177e+32
1.532156e+14 8.391889e+32
1.544033e+14 8.537069e+32
1.556002e+14 8.684760e+32
1.568063e+14 8.835007e+32
1.580219e+14 8.987853e+32
1.592468e+14 9.143344e+32
1.604812e+14 9.301524e+32
1.617252e+14 9.462441e+32
1.629789e+14 9.626142e+32
1.642422e+14 9.792674e+32
1.655154e+14 9.962088e+32
1.667984e+14 1.013443e+33
1.680914e+14 1.030976e+33
1.693944e+14 1.048812e+33
1.707075e+14 1.066956e+33
1.720307e+14 1.085415e+33
1.733643e+14 1.104193e+33
1.747081e+14 1.123295e+33
1.760624e+14 1.142728e+33
1.774272e+14 1.162497e+33
1.788026e+14 1.182609e+33
1.801886e+14 1.203068e+33
1.815854e+14 1.223881e+33
1.829929e+14 1.245054e+33
1.844114e+14 1.266594e+33
1.858409e+14 1.288506e+33
1.872815e+14 1.310797e+33
1.887333e+14 1.333474e+33
1.901963e+14 1.356543e+33
1.916706e+14 1.380011e+33
1.931564e+14 1.403886e+33
1.946537e+14 1.428173e+33
1.961626e+14 1.452880e+33
1.976832e+14 1.478015e+33
1.992155e+14 1.503585e+33
2.007598e+14 1.529597e+33
2.023160e+14 1.556059e+33
2.038843e+14 1.582979e+33
2.054648e+14 1.610365e+33
2.070575e+14 1.638224e+33
2.086625e+14 1.666566e+33
2.102800e+14 1.695397e+33
2.119100e+14 1.724728e+33
2.135527e+14 1.754566e+33
2.152081e+14 1.784920e+33
2.168763e+14 1.815799e+33
2.185575e+14 1.847212e+33
2.202517e+14 1.879169e+33
2.219590e+14 1.911679e+33
2.236795e+14 1.944751e+33
2.254134e+14 1.978395e+33
2.271608e+14 2.012622e+33
2.289217e+14 2.047440e+33
2.306962e+14 2.082861e+33
2.324845e+14 2.118895e+33
2.342866e+14 2.155552e+33
2.361027e+14 2.192843e+33
2.379329e+14 2.230779e+33
2.397773e+14 2.269372e+33
2.416360e+14 2.308632e+33
2.435091e+14 2.348572e+33
2.453967e+14 2.389202e+33
2.472989e+14 2.430535e+33
2.492159e+14 2.472584e+33
2.511478e+14 2.515359e+33
2.530946e+14 2.558875e+33
2.550565e+14 2.603144e+33
2.570336e+14 2.648179e+33
2.590260e+14 2.693992e+33
2.610339e+14 2.740598e+33
2.630574e+14 2.788011e+33
2.650965e+14 2.836244e+33
2.671515e+14 2.885311e+33
2.692224e+14 2.935227e+33
2.713093e+14 2.986006e+33
2.734124e+14 3.037665e+33
2.755318e+14 3.090216e+33
2.776676e+14 3.143677e+33
2.798200e+14 3.198063e+33
2.819891e+14 3.253390e+33
2.841750e+14 3.309673e+33
2.863778e+14 3.366931e+33
2.885977e+14 3.425179e+33
2.908349e+14 3.484435e+33
2.930893e+14 3.544716e+33
