# epsilon [g/cm^3]   P [dyn/cm^2]
1.364583e+14 6.560014e+32
1.375161e+14 6.698298e+32
1.385821e+14 6.839498e+32
1.396563e+14 6.983673e+32
1.407389e+14 7.130888e+32
1.418299e+14 7.281206e+32
1.429293e+14 7.434692e+32
1.440372e+14 7.591414e+32
1.451538e+14 7.751440e+32
1.462789e+14 7.914839e+32
1.474129e+14 8.081683e+32
1.485556e+14 8.252043e+32
1.497071e+14 8.425995e+32
1.508676e+14 8.603613e+32
1.520371e+14 8.784976e+32
1.532156e+14 8.970162e+32
1.544033e+14 9.159251e+32
1.556002e+14 9.352327e+32
1.568063e+14 9.549472e+32
1.580219e+14 9.750774e+32
1.592468e+14 9.956318e+32
1.604812e+14 1.016620e+33
1.617252e+14 1.038050e+33
1.629789e+14 1.059932e+33
1.642422e+14 1.082275e+33
1.655154e+14 1.105089e+33
1.667984e+14 1.128384e+33
1.680914e+14 1.152170e+33
1.693944e+14 1.176458e+33
1.707075e+14 1.201257e+33
1.720307e+14 1.226580e+33
1.733643e+14 1.252436e+33
1.747081e+14 1.278837e+33
1.760624e+14 1.305795e+33
1.774272e+14 1.333321e+33
1.788026e+14 1.361427e+33
1.801886e+14 1.390125e+33
1.815854e+14 1.419429e+33
1.829929e+14 1.449350e+33
1.844114e+14 1.479902e+33
1.858409e+14 1.511098e+33
1.872815e+14 1.542952e+33
1.887333e+14 1.575477e+33
1.901963e+14 1.608688e+33
1.916706e+14 1.642599e+33
1.931564e+14 1.677225e+33
1.946537e+14 1.712580e+33
1.961626e+14 1.748681e+33
1.976832e+14 1.785543e+33
1.992155e+14 1.823182e+33
2.007598e+14 1.861614e+33
2.023160e+14 1.900857e+33
2.038843e+14 1.940927e+33
2.054648e+14 1.981841e+33
2.070575e+14 2.023618e+33
2.086625e+14 2.066276e+33
2.102800e+14 2.109832e+33
2.119100e+14 2.154307e+33
2.135527e+14 2.199720e+33
2.152081e+14 2.246089e+33
2.168763e+14 2.293437e+33
2.185575e+14 2.341782e+33
2.202517e+14 2.391146e+33
2.219590e+14 2.441551e+33
2.236795e+14 2.493019e+33
2.254134e+14 2.545571e+33
2.271608e+14 2.599231e+33
2.289217e+14 2.654023e+33
2.306962e+14 2.709969e+33
2.324845e+14 2.767095e+33
2.342866e+14 2.825425e+33
2.361027e+14 2.884984e+33
2.379329e+14 2.945799e+33
2.397773e+14 3.007896e+33
2.416360e+14 3.071302e+33
2.435091e+14 3.136045e+33
2.453967e+14 3.202152e+33
2.472989e+14 3.269653e+33
2.492159e+14 3.338576e+33
2.511478e+14 3.408953e+33
2.530946e+14 3.480813e+33
2.550565e+14 3.554188e+33
2.570336e+14 3.629110e+33
2.590260e+14 3.705611e+33
2.610339e+14 3.783725e+33
2.630574e+14 3.863485e+33
2.650965e+14 3.944926e+33
2.671515e+14 4.028085e+33
2.692224e+14 4.112996e+33
2.713093e+14 4.199698e+33
2.734124e+14 4.288226e+33
2.755318e+14 4.378622e+33
2.776676e+14 4.470922e+33
2.798200e+14 4.565168e+33
2.819891e+14 4.661401e+33
2.841750e+14 4.759663e+33
2.863778e+14 4.859996e+33
2.885977e+14 4.962444e+33
2.908349e+14 5.067051e+33
2.930893e+14 5.173864e+33
