# epsilon [g/cm^3]   P [dyn/cm^2]
1.364583e+14 6.594178e+32
1.375161e+14 6.744974e+32
1.385821e+14 6.899219e+32
1.396563e+14 7.056991e+32
1.407389e+14 7.218371e+32
1.418299e+14 7.383441e+32
1.429293e+14 7.552286e+32
1.440372e+14 7.724993e+32
1.451538e+14 7.901649e+32
1.462789e+14 8.082344e+32
1.474129e+14 8.267172e+32
1.485556e+14 8.456227e+32
1.497071e+14 8.649605e+32
1.508676e+14 8.847405e+32
1.520371e+14 9.049728e+32
1.532156e+14 9.256678e+32
1.544033e+14 9.468361e+32
1.556002e+14 9.684884e+32
1.568063e+14 9.906359e+32
1.580219e+14 1.013290e+33
1.592468e+14 1.036462e+33
1.604812e+14 1.060164e+33
1.617252e+14 1.084408e+33
1.629789e+14 1.109206e+33
1.642422e+14 1.134571e+33
1.655154e+14 1.160517e+33
1.667984e+14 1.187056e+33
1.680914e+14 1.214202e+33
1.693944e+14 1.241968e+33
1.707075e+14 1.270369e+33
1.720307e+14 1.299420e+33
1.733643e+14 1.329136e+33
1.747081e+14 1.359530e+33
1.760624e+14 1.390620e+33
1.774272e+14 1.422421e+33
1.788026e+14 1.454949e+33
1.801886e+14 1.488221e+33
1.815854e+14 1.522254e+33
1.829929e+14 1.557065e+33
1.844114e+14 1.592672e+33
1.858409e+14 1.629094e+33
1.872815e+14 1.666348e+33
1.887333e+14 1.704454e+33
1.901963e+14 1.743432e+33
1.916706e+14 1.783301e+33
1.931564e+14 1.824081e+33
1.946537e+14 1.865795e+33
1.961626e+14 1.908462e+33
1.976832e+14 1.952105e+33
1.992155e+14 1.996746e+33
2.007598e+14 2.042407e+33
2.023160e+14 2.089113e+33
2.038843e+14 2.136887e+33
2.054648e+14 2.185754e+33
2.070575e+14 2.235738e+33
2.086625e+14 2.286865e+33
2.102800e+14 2.339161e+33
2.119100e+14 2.392653e+33
2.135527e+14 2.447369e+33
2.152081e+14 2.503336e+33
2.168763e+14 2.560582e+33
2.185575e+14 2.619138e+33
2.202517e+14 2.679032e+33
2.219590e+14 2.740297e+33
2.236795e+14 2.802962e+33
2.254134e+14 2.867061e+33
2.271608e+14 2.932625e+33
2.289217e+14 2.999688e+33
2.306962e+14 3.068286e+33
2.324845e+14 3.138451e+33
2.342866e+14 3.210222e+33
2.361027e+14 3.283634e+33
2.379329e+14 3.358724e+33
2.397773e+14 3.435532e+33
2.416360e+14 3.514096e+33
2.435091e+14 3.594456e+33
2.453967e+14 3.676655e+33
2.472989e+14 3.760733e+33
2.492159e+14 3.846734e+33
2.511478e+14 3.934701e+33
2.530946e+14 4.024680e+33
2.550565e+14 4.116717e+33
2.570336e+14 4.210859e+33
2.590260e+14 4.307153e+33
2.610339e+14 4.405649e+33
2.630574e+14 4.506398e+33
2.650965e+14 4.609451e+33
2.671515e+14 4.714860e+33
2.692224e+14 4.822680e+33
2.713093e+14 4.932966e+33
2.734124e+14 5.045773e+33
2.755318e+14 5.161161e+33
2.776676e+14 5.279186e+33
2.798200e+14 5.399911e+33
2.819891e+14 5.523397e+33
2.841750e+14 5.649707e+33
2.863778e+14 5.778905e+33
2.885977e+14 5.911057e+33
2.908349e+14 6.046232e+33
2.930893e+14 6.184498e+33
