# epsilon [g/cm^3]   P [dyn/cm^2]
1.364583e+14 6.564535e+32
1.375161e+14 6.704470e+32
1.385821e+14 6.847388e+32
1.396563e+14 6.993352e+32
1.407389e+14 7.142428e+32
1.418299e+14 7.294682e+32
1.429293e+14 7.450181e+32
1.440372e+14 7.608996e+32
1.451538e+14 7.771195e+32
1.462789e+14 7.936852e+32
1.474129e+14 8.106041e+32
1.485556e+14 8.278836e+32
1.497071e+14 8.455314e+32
1.508676e+14 8.635554e+32
1.520371e+14 8.819637e+32
1.532156e+14 9.007643e+32
1.544033e+14 9.199658e+32
1.556002e+14 9.395765e+32
1.568063e+14 9.596053e+32
1.580219e+14 9.800610e+32
1.592468e+14 1.000953e+33
1.604812e+14 1.022290e+33
1.617252e+14 1.044082e+33
1.629789e+14 1.066338e+33
1.642422e+14 1.089069e+33
1.655154e+14 1.112285e+33
1.667984e+14 1.135995e+33
1.680914e+14 1.160211e+33
1.693944e+14 1.184943e+33
1.707075e+14 1.210202e+33
1.720307e+14 1.236000e+33
1.733643e+14 1.262347e+33
1.747081e+14 1.289257e+33
1.760624e+14 1.316739e+33
1.774272e+14 1.344808e+33
1.788026e+14 1.373475e+33
1.801886e+14 1.402753e+33
1.815854e+14 1.432655e+33
1.829929e+14 1.463195e+33
1.844114e+14 1.494386e+33
1.858409e+14 1.526241e+33
1.872815e+14 1.558776e+33
1.887333e+14 1.592004e+33
1.901963e+14 1.625941e+33
1.916706e+14 1.660600e+33
1.931564e+14 1.695999e+33
1.946537e+14 1.732152e+33
1.961626e+14 1.769076e+33
1.976832e+14 1.806787e+33
1.992155e+14 1.845302e+33
2.007598e+14 1.884638e+33
2.023160e+14 1.924813e+33
2.038843e+14 1.965844e+33
2.054648e+14 2.007749e+33
2.070575e+14 2.050548e+33
2.086625e+14 2.094259e+33
2.102800e+14 2.138902e+33
2.119100e+14 2.184497e+33
2.135527e+14 2.231063e+33
2.152081e+14 2.278622e+33
2.168763e+14 2.327195e+33
2.185575e+14 2.376804e+33
2.202517e+14 2.427470e+33
2.219590e+14 2.479215e+33
2.236795e+14 2.532064e+33
2.254134e+14 2.586040e+33
2.271608e+14 2.641166e+33
2.289217e+14 2.697467e+33
2.306962e+14 2.754969e+33
2.324845e+14 2.813696e+33
2.342866e+14 2.873675e+33
2.361027e+14 2.934933e+33
2.379329e+14 2.997496e+33
2.397773e+14 3.061393e+33
2.416360e+14 3.126652e+33
2.435091e+14 3.193302e+33
2.453967e+14 3.261373e+33
2.472989e+14 3.330895e+33
2.492159e+14 3.401900e+33
2.511478e+14 3.474417e+33
2.530946e+14 3.548481e+33
2.550565e+14 3.624123e+33
2.570336e+14 3.701378e+33
2.590260e+14 3.780279e+33
2.610339e+14 3.860863e+33
2.630574e+14 3.943164e+33
2.650965e+14 4.027220e+33
2.671515e+14 4.113067e+33
2.692224e+14 4.200745e+33
2.713093e+14 4.290291e+33
2.734124e+14 4.381747e+33
2.755318e+14 4.475151e+33
2.776676e+14 4.570547e+33
2.798200e+14 4.667977e+33
2.819891e+14 4.767483e+33
2.841750e+14 4.869111e+33
2.863778e+14 4.972905e+33
2.885977e+14 5.078911e+33
2.908349e+14 5.187177e+33
2.930893e+14 5.297752e+33
