# epsilon [g/cm^3]   P [dyn/cm^2]
1.364583e+14 6.543067e+32
1.375161e+14 6.675175e+32
1.385821e+14 6.809950e+32
1.396563e+14 6.947445e+32
1.407389e+14 7.087718e+32
1.418299e+14 7.230822e+32
1.429293e+14 7.376815e+32
1.440372e+14 7.525756e+32
1.451538e+14 7.677705e+32
1.462789e+14 7.832721e+32
1.474129e+14 7.990867e+32
1.485556e+14 8.152206e+32
1.497071e+14 8.316803e+32
1.508676e+14 8.484723e+32
1.520371e+14 8.656033e+32
1.532156e+14 8.830803e+32
1.544033e+14 9.009101e+32
1.556002e+14 9.190998e+32
1.568063e+14 9.376569e+32
1.580219e+14 9.565886e+32
1.592468e+14 9.759025e+32
1.604812e+14 9.956064e+32
1.617252e+14 1.015708e+33
1.629789e+14 1.036216e+33
1.642422e+14 1.057137e+33
1.655154e+14 1.078482e+33
1.667984e+14 1.100257e+33
1.680914e+14 1.122471e+33
1.693944e+14 1.145134e+33
1.707075e+14 1.168255e+33
1.720307e+14 1.191843e+33
1.733643e+14 1.215907e+33
1.747081e+14 1.240456e+33
1.760624e+14 1.265502e+33
1.774272e+14 1.291053e+33
1.788026e+14 1.317120e+33
1.801886e+14 1.343713e+33
1.815854e+14 1.370843e+33
1.829929e+14 1.398521e+33
1.844114e+14 1.426758e+33
1.858409e+14 1.455565e+33
1.872815e+14 1.484953e+33
1.887333e+14 1.514935e+33
1.901963e+14 1.545522e+33
1.916706e+14 1.576727e+33
1.931564e+14 1.608562e+33
1.946537e+14 1.641039e+33
1.961626e+14 1.674173e+33
1.976832e+14 1.707975e+33
1.992155e+14 1.742460e+33
2.007598e+14 1.777641e+33
2.023160e+14 1.813532e+33
2.038843e+14 1.850148e+33
2.054648e+14 1.887504e+33
2.070575e+14 1.925613e+33
2.086625e+14 1.964492e+33
2.102800e+14 2.004156e+33
2.119100e+14 2.044621e+33
2.135527e+14 2.085903e+33
2.152081e+14 2.128018e+33
2.168763e+14 2.170984e+33
2.185575e+14 2.214817e+33
2.202517e+14 2.259535e+33
2.219590e+14 2.305156e+33
2.236795e+14 2.351698e+33
2.254134e+14 2.399180e+33
2.271608e+14 2.447620e+33
2.289217e+14 2.497039e+33
2.306962e+14 2.547455e+33
2.324845e+14 2.598890e+33
2.342866e+14 2.651362e+33
2.361027e+14 2.704894e+33
2.379329e+14 2.759508e+33
2.397773e+14 2.815223e+33
2.416360e+14 2.872064e+33
2.435091e+14 2.930052e+33
2.453967e+14 2.989211e+33
2.472989e+14 3.049565e+33
2.492159e+14 3.111137e+33
2.511478e+14 3.173952e+33
2.530946e+14 3.238035e+33
2.550565e+14 3.303413e+33
2.570336e+14 3.370110e+33
2.590260e+14 3.438154e+33
2.610339e+14 3.507572e+33
2.630574e+14 3.578392e+33
2.650965e+14 3.650641e+33
2.671515e+14 3.724349e+33
2.692224e+14 3.799545e+33
2.713093e+14 3.876260e+33
2.734124e+14 3.954523e+33
2.755318e+14 4.034367e+33
2.776676e+14 4.115822e+33
2.798200e+14 4.198923e+33
2.819891e+14 4.283701e+33
2.841750e+14 4.370191e+33
2.863778e+14 4.458427e+33
2.885977e+14 4.548444e+33
2.908349e+14 4.640280e+33
2.930893e+14 4.733969e+33
