# epsilon [g/cm^3]   P [dyn/cm^2]
1.364583e+14 6.582198e+32
1.375161e+14 6.728598e+32
1.385821e+14 6.878253e+32
1.396563e+14 7.031238e+32
1.407389e+14 7.187624e+32
1.418299e+14 7.347490e+32
1.429293e+14 7.510911e+32
1.440372e+14 7.677966e+32
1.451538e+14 7.848738e+32
1.462789e+14 8.023307e+32
1.474129e+14 8.201759e+32
1.485556e+14 8.384181e+32
1.497071e+14 8.570659e+32
1.508676e+14 8.761286e+32
1.520371e+14 8.956152e+32
1.532156e+14 9.155352e+32
1.544033e+14 9.358983e+32
1.556002e+14 9.567143e+32
1.568063e+14 9.779933e+32
1.580219e+14 9.997456e+32
1.592468e+14 1.021982e+33
1.604812e+14 1.044712e+33
1.617252e+14 1.067949e+33
1.629789e+14 1.091702e+33
1.642422e+14 1.115983e+33
1.655154e+14 1.140804e+33
1.667984e+14 1.166178e+33
1.680914e+14 1.192116e+33
1.693944e+14 1.218630e+33
1.707075e+14 1.245735e+33
1.720307e+14 1.273442e+33
1.733643e+14 1.301766e+33
1.747081e+14 1.330719e+33
1.760624e+14 1.360317e+33
1.774272e+14 1.390572e+33
1.788026e+14 1.421501e+33
1.801886e+14 1.453118e+33
1.815854e+14 1.485438e+33
1.829929e+14 1.518476e+33
1.844114e+14 1.552250e+33
1.858409e+14 1.586775e+33
1.872815e+14 1.622067e+33
1.887333e+14 1.658145e+33
1.901963e+14 1.695025e+33
1.916706e+14 1.732725e+33
1.931564e+14 1.771264e+33
1.946537e+14 1.810660e+33
1.961626e+14 1.850932e+33
1.976832e+14 1.892100e+33
1.992155e+14 1.934184e+33
2.007598e+14 1.977203e+33
2.023160e+14 2.021180e+33
2.038843e+14 2.066134e+33
2.054648e+14 2.112089e+33
2.070575e+14 2.159065e+33
2.086625e+14 2.207086e+33
2.102800e+14 2.256176e+33
2.119100e+14 2.306357e+33
2.135527e+14 2.357655e+33
2.152081e+14 2.410093e+33
2.168763e+14 2.463698e+33
2.185575e+14 2.518494e+33
2.202517e+14 2.574510e+33
2.219590e+14 2.631772e+33
2.236795e+14 2.690307e+33
2.254134e+14 2.750144e+33
2.271608e+14 2.811312e+33
2.289217e+14 2.873840e+33
2.306962e+14 2.937760e+33
2.324845e+14 3.003100e+33
2.342866e+14 3.069895e+33
2.361027e+14 3.138174e+33
2.379329e+14 3.207973e+33
2.397773e+14 3.279324e+33
2.416360e+14 3.352261e+33
2.435091e+14 3.426822e+33
2.453967e+14 3.503040e+33
2.472989e+14 3.580954e+33
2.492159e+14 3.660600e+33
2.511478e+14 3.742018e+33
2.530946e+14 3.825247e+33
2.550565e+14 3.910328e+33
2.570336e+14 3.997300e+33
2.590260e+14 4.086207e+33
2.610339e+14 4.177091e+33
2.630574e+14 4.269997e+33
2.650965e+14 4.364969e+33
2.671515e+14 4.462054e+33
2.692224e+14 4.561297e+33
2.713093e+14 4.662749e+33
2.734124e+14 4.766456e+33
2.755318e+14 4.872470e+33
2.776676e+14 4.980843e+33
2.798200e+14 5.091625e+33
2.819891e+14 5.204872e+33
2.841750e+14 5.320637e+33
2.863778e+14 5.438977e+33
2.885977e+14 5.559950e+33
2.908349e+14 5.683613e+33
2.930893e+14 5.810026e+33
