# epsilon [g/cm^3]   P [dyn/cm^2]
1.364583e+14 6.539756e+32
1.375161e+14 6.670659e+32
1.385821e+14 6.804182e+32
1.396563e+14 6.940378e+32
1.407389e+14 7.079300e+32
1.418299e+14 7.221003e+32
1.429293e+14 7.365542e+32
1.440372e+14 7.512975e+32
1.451538e+14 7.663358e+32
1.462789e+14 7.816752e+32
1.474129e+14 7.973216e+32
1.485556e+14 8.132812e+32
1.497071e+14 8.295602e+32
1.508676e+14 8.461651e+32
1.520371e+14 8.631023e+32
1.532156e+14 8.803786e+32
1.544033e+14 8.980007e+32
1.556002e+14 9.159756e+32
1.568063e+14 9.343102e+32
1.580219e+14 9.530118e+32
1.592468e+14 9.720878e+32
1.604812e+14 9.915456e+32
1.617252e+14 1.011393e+33
1.629789e+14 1.031637e+33
1.642422e+14 1.052287e+33
1.655154e+14 1.073350e+33
1.667984e+14 1.094835e+33
1.680914e+14 1.116750e+33
1.693944e+14 1.139103e+33
1.707075e+14 1.161904e+33
1.720307e+14 1.185161e+33
1.733643e+14 1.208884e+33
1.747081e+14 1.233082e+33
1.760624e+14 1.257764e+33
1.774272e+14 1.282940e+33
1.788026e+14 1.308620e+33
1.801886e+14 1.334814e+33
1.815854e+14 1.361532e+33
1.829929e+14 1.388785e+33
1.844114e+14 1.416584e+33
1.858409e+14 1.444939e+33
1.872815e+14 1.473861e+33
1.887333e+14 1.503363e+33
1.901963e+14 1.533455e+33
1.916706e+14 1.564149e+33
1.931564e+14 1.595458e+33
1.946537e+14 1.627393e+33
1.961626e+14 1.659968e+33
1.976832e+14 1.693195e+33
1.992155e+14 1.727087e+33
2.007598e+14 1.761657e+33
2.023160e+14 1.796919e+33
2.038843e+14 1.832887e+33
2.054648e+14 1.869575e+33
2.070575e+14 1.906998e+33
2.086625e+14 1.945169e+33
2.102800e+14 1.984104e+33
2.119100e+14 2.023819e+33
2.135527e+14 2.064329e+33
2.152081e+14 2.105650e+33
2.168763e+14 2.147797e+33
2.185575e+14 2.190789e+33
2.202517e+14 2.234641e+33
2.219590e+14 2.279370e+33
2.236795e+14 2.324995e+33
2.254134e+14 2.371534e+33
2.271608e+14 2.419003e+33
2.289217e+14 2.467423e+33
2.306962e+14 2.516813e+33
2.324845e+14 2.567190e+33
2.342866e+14 2.618577e+33
2.361027e+14 2.670991e+33
2.379329e+14 2.724455e+33
2.397773e+14 2.778989e+33
2.416360e+14 2.834615e+33
2.435091e+14 2.891354e+33
2.453967e+14 2.949229e+33
2.472989e+14 3.008262e+33
2.492159e+14 3.068477e+33
2.511478e+14 3.129897e+33
2.530946e+14 3.192547e+33
2.550565e+14 3.256450e+33
2.570336e+14 3.321633e+33
2.590260e+14 3.388120e+33
2.610339e+14 3.455939e+33
2.630574e+14 3.525114e+33
2.650965e+14 3.595675e+33
2.671515e+14 3.667648e+33
2.692224e+14 3.741061e+33
2.713093e+14 3.815944e+33
2.734124e+14 3.892326e+33
2.755318e+14 3.970237e+33
2.776676e+14 4.049707e+33
2.798200e+14 4.130768e+33
2.819891e+14 4.213451e+33
2.841750e+14 4.297790e+33
2.863778e+14 4.383817e+33
2.885977e+14 4.471565e+33
2.908349e+14 4.561070e+33
2.930893e+14 4.652367e+33
