# epsilon [g/cm^3]   P [dyn/cm^2]
1.364583e+14 6.578125e+32
1.375161e+14 6.723032e+32
1.385821e+14 6.871131e+32
1.396563e+14 7.022493e+32
1.407389e+14 7.177188e+32
1.418299e+14 7.335292e+32
1.429293e+14 7.496878e+32
1.440372e+14 7.662024e+32
1.451538e+14 7.830808e+32
1.462789e+14 8.003309e+32
1.474129e+14 8.179611e+32
1.485556e+14 8.359797e+32
1.497071e+14 8.543951e+32
1.508676e+14 8.732163e+32
1.520371e+14 8.924520e+32
1.532156e+14 9.121115e+32
1.544033e+14 9.322040e+32
1.556002e+14 9.527392e+32
1.568063e+14 9.737267e+32
1.580219e+14 9.951765e+32
1.592468e+14 1.017099e+33
1.604812e+14 1.039504e+33
1.617252e+14 1.062403e+33
1.629789e+14 1.085806e+33
1.642422e+14 1.109725e+33
1.655154e+14 1.134171e+33
1.667984e+14 1.159155e+33
1.680914e+14 1.184689e+33
1.693944e+14 1.210787e+33
1.707075e+14 1.237458e+33
1.720307e+14 1.264718e+33
1.733643e+14 1.292578e+33
1.747081e+14 1.321052e+33
1.760624e+14 1.350153e+33
1.774272e+14 1.379895e+33
1.788026e+14 1.410292e+33
1.801886e+14 1.441358e+33
1.815854e+14 1.473110e+33
1.829929e+14 1.505560e+33
1.844114e+14 1.538726e+33
1.858409e+14 1.572621e+33
1.872815e+14 1.607264e+33
1.887333e+14 1.642670e+33
1.901963e+14 1.678856e+33
1.916706e+14 1.715839e+33
1.931564e+14 1.753636e+33
1.946537e+14 1.792266e+33
1.961626e+14 1.831747e+33
1.976832e+14 1.872098e+33
1.992155e+14 1.913338e+33
2.007598e+14 1.955486e+33
2.023160e+14 1.998563e+33
2.038843e+14 2.042588e+33
2.054648e+14 2.087584e+33
2.070575e+14 2.133570e+33
2.086625e+14 2.180570e+33
2.102800e+14 2.228605e+33
2.119100e+14 2.277698e+33
2.135527e+14 2.327872e+33
2.152081e+14 2.379152e+33
2.168763e+14 2.431561e+33
2.185575e+14 2.485125e+33
2.202517e+14 2.539869e+33
2.219590e+14 2.595819e+33
2.236795e+14 2.653001e+33
2.254134e+14 2.711443e+33
2.271608e+14 2.771172e+33
2.289217e+14 2.832217e+33
2.306962e+14 2.894607e+33
2.324845e+14 2.958371e+33
2.342866e+14 3.023540e+33
2.361027e+14 3.090145e+33
2.379329e+14 3.158216e+33
2.397773e+14 3.227787e+33
2.416360e+14 3.298891e+33
2.435091e+14 3.371561e+33
2.453967e+14 3.445832e+33
2.472989e+14 3.521739e+33
2.492159e+14 3.599318e+33
2.511478e+14 3.678606e+33
2.530946e+14 3.759640e+33
2.550565e+14 3.842460e+33
2.570336e+14 3.927104e+33
2.590260e+14 4.013612e+33
2.610339e+14 4.102027e+33
2.630574e+14 4.192389e+33
2.650965e+14 4.284741e+33
2.671515e+14 4.379128e+33
2.692224e+14 4.475594e+33
2.713093e+14 4.574185e+33
2.734124e+14 4.674948e+33
2.755318e+14 4.777931e+33
2.776676e+14 4.883182e+33
2.798200e+14 4.990751e+33
2.819891e+14 5.100691e+33
2.841750e+14 5.213052e+33
2.863778e+14 5.327888e+33
2.885977e+14 5.445254e+33
2.908349e+14 5.565205e+33
2.930893e+14 5.687799e+33
