# epsilon [g/cm^3]   P [dyn/cm^2]
1.364583e+14 6.436612e+32
1.375161e+14 6.530383e+32
1.385821e+14 6.625520e+32
1.396563e+14 6.722043e+32
1.407389e+14 6.819973e+32
1.418299e+14 6.919329e+32
1.429293e+14 7.020132e+32
1.440372e+14 7.122404e+32
1.451538e+14 7.226167e+32
1.462789e+14 7.331440e+32
1.474129e+14 7.438248e+32
1.485556e+14 7.546611e+32
1.497071e+14 7.656553e+32
1.508676e+14 7.768097e+32
1.520371e+14 7.881266e+32
1.532156e+14 7.996083e+32
1.544033e+14 8.112573e+32
1.556002e+14 8.230761e+32
1.568063e+14 8.350670e+32
1.580219e+14 8.472326e+32
1.592468e+14 8.595754e+32
1.604812e+14 8.720980e+32
1.617252e+14 8.848031e+32
1.629789e+14 8.976933e+32
1.642422e+14 9.107712e+32
1.655154e+14 9.240397e+32
1.667984e+14 9.375015e+32
1.680914e+14 9.511594e+32
1.693944e+14 9.650163e+32
1.707075e+14 9.790750e+32
1.720307e+14 9.933386e+32
1.733643e+14 1.007810e+33
1.747081e+14 1.022492e+33
1.760624e+14 1.037388e+33
1.774272e+14 1.052501e+33
1.788026e+14 1.067835e+33
1.801886e+14 1.083391e+33
1.815854e+14 1.099174e+33
1.829929e+14 1.115188e+33
1.844114e+14 1.131434e+33
1.858409e+14 1.147917e+33
1.872815e+14 1.164641e+33
1.887333e+14 1.181608e+33
1.901963e+14 1.198822e+33
1.916706e+14 1.216287e+33
1.931564e+14 1.234006e+33
1.946537e+14 1.251984e+33
1.961626e+14 1.270223e+33
1.976832e+14 1.288728e+33
1.992155e+14 1.307503e+33
2.007598e+14 1.326551e+33
2.023160e+14 1.345877e+33
2.038843e+14 1.365484e+33
2.054648e+14 1.385377e+33
2.070575e+14 1.405560e+33
2.086625e+14 1.426037e+33
2.102800e+14 1.446812e+33
2.119100e+14 1.467889e+33
2.135527e+14 1.489274e+33
2.152081e+14 1.510970e+33
2.168763e+14 1.532983e+33
2.185575e+14 1.555316e+33
2.202517e+14 1.577975e+33
2.219590e+14 1.600963e+33
2.236795e+14 1.624287e+33
2.254134e+14 1.647950e+33
2.271608e+14 1.671958e+33
2.289217e+14 1.696316e+33
2.306962e+14 1.721028e+33
2.324845e+14 1.746101e+33
2.342866e+14 1.771539e+33
2.361027e+14 1.797347e+33
2.379329e+14 1.823532e+33
2.397773e+14 1.850098e+33
2.416360e+14 1.877051e+33
2.435091e+14 1.904396e+33
2.453967e+14 1.932140e+33
2.472989e+14 1.960288e+33
2.492159e+14 1.988847e+33
2.511478e+14 2.017821e+33
2.530946e+14 2.047218e+33
2.550565e+14 2.077042e+33
2.570336e+14 2.107301e+33
2.590260e+14 2.138001e+33
2.610339e+14 2.169149e+33
2.630574e+14 2.200750e+33
2.650965e+14 2.232811e+33
2.671515e+14 2.265340e+33
2.692224e+14 2.298342e+33
2.713093e+14 2.331825e+33
2.734124e+14 2.365796e+33
2.755318e+14 2.400262e+33
2.776676e+14 2.435230e+33
2.798200e+14 2.470707e+33
2.819891e+14 2.506702e+33
2.841750e+14 2.543220e+33
2.863778e+14 2.580271e+33
2.885977e+14 2.617861e+33
2.908349e+14 2.656000e+33
2.930893e+14 2.694693e+33
