# epsilon [g/cm^3]   P [dyn/cm^2]
1.364583e+14 6.543139e+32
1.375161e+14 6.675272e+32
1.385821e+14 6.810074e+32
1.396563e+14 6.947597e+32
1.407389e+14 7.087898e+32
1.418299e+14 7.231033e+32
1.429293e+14 7.377058e+32
1.440372e+14 7.526031e+32
1.451538e+14 7.678013e+32
1.462789e+14 7.833065e+32
1.474129e+14 7.991247e+32
1.485556e+14 8.152624e+32
1.497071e+14 8.317259e+32
1.508676e+14 8.485220e+32
1.520371e+14 8.656572e+32
1.532156e+14 8.831384e+32
1.544033e+14 9.009727e+32
1.556002e+14 9.191671e+32
1.568063e+14 9.377289e+32
1.580219e+14 9.566656e+32
1.592468e+14 9.759847e+32
1.604812e+14 9.956939e+32
1.617252e+14 1.015801e+33
1.629789e+14 1.036314e+33
1.642422e+14 1.057242e+33
1.655154e+14 1.078592e+33
1.667984e+14 1.100373e+33
1.680914e+14 1.122594e+33
1.693944e+14 1.145264e+33
1.707075e+14 1.168392e+33
1.720307e+14 1.191987e+33
1.733643e+14 1.216058e+33
1.747081e+14 1.240615e+33
1.760624e+14 1.265668e+33
1.774272e+14 1.291228e+33
1.788026e+14 1.317303e+33
1.801886e+14 1.343905e+33
1.815854e+14 1.371044e+33
1.829929e+14 1.398731e+33
1.844114e+14 1.426977e+33
1.858409e+14 1.455794e+33
1.872815e+14 1.485192e+33
1.887333e+14 1.515185e+33
1.901963e+14 1.545783e+33
1.916706e+14 1.576998e+33
1.931564e+14 1.608845e+33
1.946537e+14 1.641334e+33
1.961626e+14 1.674479e+33
1.976832e+14 1.708294e+33
1.992155e+14 1.742792e+33
2.007598e+14 1.777986e+33
2.023160e+14 1.813891e+33
2.038843e+14 1.850521e+33
2.054648e+14 1.887891e+33
2.070575e+14 1.926015e+33
2.086625e+14 1.964909e+33
2.102800e+14 2.004589e+33
2.119100e+14 2.045070e+33
2.135527e+14 2.086369e+33
2.152081e+14 2.128501e+33
2.168763e+14 2.171485e+33
2.185575e+14 2.215336e+33
2.202517e+14 2.260073e+33
2.219590e+14 2.305713e+33
2.236795e+14 2.352275e+33
2.254134e+14 2.399777e+33
2.271608e+14 2.448239e+33
2.289217e+14 2.497679e+33
2.306962e+14 2.548118e+33
2.324845e+14 2.599575e+33
2.342866e+14 2.652071e+33
2.361027e+14 2.705628e+33
2.379329e+14 2.760266e+33
2.397773e+14 2.816007e+33
2.416360e+14 2.872874e+33
2.435091e+14 2.930889e+33
2.453967e+14 2.990076e+33
2.472989e+14 3.050458e+33
2.492159e+14 3.112060e+33
2.511478e+14 3.174905e+33
2.530946e+14 3.239020e+33
2.550565e+14 3.304429e+33
2.570336e+14 3.371160e+33
2.590260e+14 3.439237e+33
2.610339e+14 3.508690e+33
2.630574e+14 3.579545e+33
2.650965e+14 3.651831e+33
2.671515e+14 3.725577e+33
2.692224e+14 3.800812e+33
2.713093e+14 3.877566e+33
2.734124e+14 3.955871e+33
2.755318e+14 4.035756e+33
2.776676e+14 4.117255e+33
2.798200e+14 4.200400e+33
2.819891e+14 4.285223e+33
2.841750e+14 4.371760e+33
2.863778e+14 4.460044e+33
2.885977e+14 4.550111e+33
2.908349e+14 4.641997e+33
2.930893e+14 4.735738e+33
