# epsilon [g/cm^3]   P [dyn/cm^2]
1.364583e+14 6.466894e+32
1.375161e+14 6.571489e+32
1.385821e+14 6.677776e+32
1.396563e+14 6.785781e+32
1.407389e+14 6.895534e+32
1.418299e+14 7.007062e+32
1.429293e+14 7.120393e+32
1.440372e+14 7.235558e+32
1.451538e+14 7.352585e+32
1.462789e+14 7.471505e+32
1.474129e+14 7.592348e+32
1.485556e+14 7.715146e+32
1.497071e+14 7.839930e+32
1.508676e+14 7.966733e+32
1.520371e+14 8.095586e+32
1.532156e+14 8.226523e+32
1.544033e+14 8.359578e+32
1.556002e+14 8.494785e+32
1.568063e+14 8.632179e+32
1.580219e+14 8.771795e+32
1.592468e+14 8.913669e+32
1.604812e+14 9.057838e+32
1.617252e+14 9.204338e+32
1.629789e+14 9.353208e+32
1.642422e+14 9.504486e+32
1.655154e+14 9.658211e+32
1.667984e+14 9.814422e+32
1.680914e+14 9.973159e+32
1.693944e+14 1.013446e+33
1.707075e+14 1.029838e+33
1.720307e+14 1.046494e+33
1.733643e+14 1.063420e+33
1.747081e+14 1.080620e+33
1.760624e+14 1.098098e+33
1.774272e+14 1.115858e+33
1.788026e+14 1.133906e+33
1.801886e+14 1.152246e+33
1.815854e+14 1.170882e+33
1.829929e+14 1.189820e+33
1.844114e+14 1.209064e+33
1.858409e+14 1.228619e+33
1.872815e+14 1.248491e+33
1.887333e+14 1.268684e+33
1.901963e+14 1.289203e+33
1.916706e+14 1.310055e+33
1.931564e+14 1.331243e+33
1.946537e+14 1.352775e+33
1.961626e+14 1.374654e+33
1.976832e+14 1.396888e+33
1.992155e+14 1.419481e+33
2.007598e+14 1.442439e+33
2.023160e+14 1.465769e+33
2.038843e+14 1.489477e+33
2.054648e+14 1.513567e+33
2.070575e+14 1.538048e+33
2.086625e+14 1.562924e+33
2.102800e+14 1.588202e+33
2.119100e+14 1.613890e+33
2.135527e+14 1.639993e+33
2.152081e+14 1.666518e+33
2.168763e+14 1.693472e+33
2.185575e+14 1.720862e+33
2.202517e+14 1.748695e+33
2.219590e+14 1.776978e+33
2.236795e+14 1.805719e+33
2.254134e+14 1.834924e+33
2.271608e+14 1.864602e+33
2.289217e+14 1.894760e+33
2.306962e+14 1.925406e+33
2.324845e+14 1.956547e+33
2.342866e+14 1.988192e+33
2.361027e+14 2.020349e+33
2.379329e+14 2.053026e+33
2.397773e+14 2.086231e+33
2.416360e+14 2.119974e+33
2.435091e+14 2.154262e+33
2.453967e+14 2.189105e+33
2.472989e+14 2.224511e+33
2.492159e+14 2.260490e+33
2.511478e+14 2.297051e+33
2.530946e+14 2.334203e+33
2.550565e+14 2.371957e+33
2.570336e+14 2.410320e+33
2.590260e+14 2.449305e+33
2.610339e+14 2.488920e+33
2.630574e+14 2.529175e+33
2.650965e+14 2.570082e+33
2.671515e+14 2.611650e+33
2.692224e+14 2.653891e+33
2.713093e+14 2.696814e+33
2.734124e+14 2.740432e+33
2.755318e+14 2.784756e+33
2.776676e+14 2.829796e+33
2.798200e+14 2.875565e+33
2.819891e+14 2.922074e+33
2.841750e+14 2.969335e+33
2.863778e+14 3.017361e+33
2.885977e+14 3.066164e+33
2.908349e+14 3.115756e+33
2.930893e+14 3.166149e+33
