# epsilon [g/cm^3]   P [dyn/cm^2]
1.364583e+14 6.577384e+32
1.375161e+14 6.722019e+32
1.385821e+14 6.869835e+32
1.396563e+14 7.020901e+32
1.407389e+14 7.175289e+32
1.418299e+14 7.333073e+32
1.429293e+14 7.494325e+32
1.440372e+14 7.659124e+32
1.451538e+14 7.827547e+32
1.462789e+14 7.999673e+32
1.474129e+14 8.175584e+32
1.485556e+14 8.355363e+32
1.497071e+14 8.539096e+32
1.508676e+14 8.726869e+32
1.520371e+14 8.918771e+32
1.532156e+14 9.114893e+32
1.544033e+14 9.315328e+32
1.556002e+14 9.520170e+32
1.568063e+14 9.729517e+32
1.580219e+14 9.943467e+32
1.592468e+14 1.016212e+33
1.604812e+14 1.038558e+33
1.617252e+14 1.061396e+33
1.629789e+14 1.084736e+33
1.642422e+14 1.108589e+33
1.655154e+14 1.132967e+33
1.667984e+14 1.157881e+33
1.680914e+14 1.183342e+33
1.693944e+14 1.209364e+33
1.707075e+14 1.235957e+33
1.720307e+14 1.263136e+33
1.733643e+14 1.290912e+33
1.747081e+14 1.319299e+33
1.760624e+14 1.348310e+33
1.774272e+14 1.377959e+33
1.788026e+14 1.408260e+33
1.801886e+14 1.439227e+33
1.815854e+14 1.470875e+33
1.829929e+14 1.503220e+33
1.844114e+14 1.536275e+33
1.858409e+14 1.570058e+33
1.872815e+14 1.604583e+33
1.887333e+14 1.639867e+33
1.901963e+14 1.675928e+33
1.916706e+14 1.712781e+33
1.931564e+14 1.750445e+33
1.946537e+14 1.788937e+33
1.961626e+14 1.828275e+33
1.976832e+14 1.868478e+33
1.992155e+14 1.909566e+33
2.007598e+14 1.951557e+33
2.023160e+14 1.994471e+33
2.038843e+14 2.038329e+33
2.054648e+14 2.083152e+33
2.070575e+14 2.128960e+33
2.086625e+14 2.175775e+33
2.102800e+14 2.223620e+33
2.119100e+14 2.272517e+33
2.135527e+14 2.322489e+33
2.152081e+14 2.373560e+33
2.168763e+14 2.425754e+33
2.185575e+14 2.479096e+33
2.202517e+14 2.533611e+33
2.219590e+14 2.589324e+33
2.236795e+14 2.646263e+33
2.254134e+14 2.704454e+33
2.271608e+14 2.763924e+33
2.289217e+14 2.824702e+33
2.306962e+14 2.886817e+33
2.324845e+14 2.950298e+33
2.342866e+14 3.015174e+33
2.361027e+14 3.081477e+33
2.379329e+14 3.149238e+33
2.397773e+14 3.218489e+33
2.416360e+14 3.289263e+33
2.435091e+14 3.361593e+33
2.453967e+14 3.435514e+33
2.472989e+14 3.511060e+33
2.492159e+14 3.588268e+33
2.511478e+14 3.667173e+33
2.530946e+14 3.747814e+33
2.550565e+14 3.830227e+33
2.570336e+14 3.914453e+33
2.590260e+14 4.000531e+33
2.610339e+14 4.088502e+33
2.630574e+14 4.178408e+33
2.650965e+14 4.270290e+33
2.671515e+14 4.364193e+33
2.692224e+14 4.460160e+33
2.713093e+14 4.558238e+33
2.734124e+14 4.658473e+33
2.755318e+14 4.760912e+33
2.776676e+14 4.865603e+33
2.798200e+14 4.972597e+33
2.819891e+14 5.081944e+33
2.841750e+14 5.193694e+33
2.863778e+14 5.307903e+33
2.885977e+14 5.424622e+33
2.908349e+14 5.543909e+33
2.930893e+14 5.665818e+33
