# epsilon [g/cm^3]   P [dyn/cm^2]
1.364583e+14 6.619508e+32
1.375161e+14 6.779634e+32
1.385821e+14 6.943633e+32
1.396563e+14 7.111600e+32
1.407389e+14 7.283630e+32
1.418299e+14 7.459821e+32
1.429293e+14 7.640274e+32
1.440372e+14 7.825092e+32
1.451538e+14 8.014382e+32
1.462789e+14 8.208250e+32
1.474129e+14 8.406807e+32
1.485556e+14 8.610168e+32
1.497071e+14 8.818449e+32
1.508676e+14 9.031767e+32
1.520371e+14 9.250246e+32
1.532156e+14 9.474009e+32
1.544033e+14 9.703186e+32
1.556002e+14 9.937906e+32
1.568063e+14 1.017830e+33
1.580219e+14 1.042452e+33
1.592468e+14 1.067669e+33
1.604812e+14 1.093496e+33
1.617252e+14 1.119947e+33
1.629789e+14 1.147039e+33
1.642422e+14 1.174786e+33
1.655154e+14 1.203204e+33
1.667984e+14 1.232309e+33
1.680914e+14 1.262119e+33
1.693944e+14 1.292650e+33
1.707075e+14 1.323919e+33
1.720307e+14 1.355945e+33
1.733643e+14 1.388745e+33
1.747081e+14 1.422339e+33
1.760624e+14 1.456745e+33
1.774272e+14 1.491984e+33
1.788026e+14 1.528075e+33
1.801886e+14 1.565039e+33
1.815854e+14 1.602897e+33
1.829929e+14 1.641672e+33
1.844114e+14 1.681384e+33
1.858409e+14 1.722056e+33
1.872815e+14 1.763713e+33
1.887333e+14 1.806377e+33
1.901963e+14 1.850073e+33
1.916706e+14 1.894827e+33
1.931564e+14 1.940663e+33
1.946537e+14 1.987607e+33
1.961626e+14 2.035688e+33
1.976832e+14 2.084931e+33
1.992155e+14 2.135366e+33
2.007598e+14 2.187020e+33
2.023160e+14 2.239924e+33
2.038843e+14 2.294108e+33
2.054648e+14 2.349603e+33
2.070575e+14 2.406439e+33
2.086625e+14 2.464651e+33
2.102800e+14 2.524271e+33
2.119100e+14 2.585333e+33
2.135527e+14 2.647873e+33
2.152081e+14 2.711925e+33
2.168763e+14 2.777526e+33
2.185575e+14 2.844715e+33
2.202517e+14 2.913529e+33
2.219590e+14 2.984007e+33
2.236795e+14 3.056190e+33
2.254134e+14 3.130119e+33
2.271608e+14 3.205837e+33
2.289217e+14 3.283386e+33
2.306962e+14 3.362812e+33
2.324845e+14 3.444158e+33
2.342866e+14 3.527472e+33
2.361027e+14 3.612802e+33
2.379329e+14 3.700196e+33
2.397773e+14 3.789704e+33
2.416360e+14 3.881377e+33
2.435091e+14 3.975267e+33
2.453967e+14 4.071429e+33
2.472989e+14 4.169917e+33
2.492159e+14 4.270787e+33
2.511478e+14 4.374098e+33
2.530946e+14 4.479907e+33
2.550565e+14 4.588276e+33
2.570336e+14 4.699267e+33
2.590260e+14 4.812942e+33
2.610339e+14 4.929367e+33
2.630574e+14 5.048609e+33
2.650965e+14 5.170735e+33
2.671515e+14 5.295815e+33
2.692224e+14 5.423921e+33
2.713093e+14 5.555126e+33
2.734124e+14 5.689505e+33
2.755318e+14 5.827134e+33
2.776676e+14 5.968092e+33
2.798200e+14 6.112461e+33
2.819891e+14 6.260321e+33
2.841750e+14 6.411758e+33
2.863778e+14 6.566859e+33
2.885977e+14 6.725712e+33
2.908349e+14 6.888407e+33
2.930893e+14 7.055037e+33
