# epsilon [g/cm^3]   P [dyn/cm^2]
1.364583e+14 6.556021e+32
1.375161e+14 6.692847e+32
1.385821e+14 6.832530e+32
1.396563e+14 6.975127e+32
1.407389e+14 7.120701e+32
1.418299e+14 7.269312e+32
1.429293e+14 7.421026e+32
1.440372e+14 7.575905e+32
1.451538e+14 7.734017e+32
1.462789e+14 7.895429e+32
1.474129e+14 8.060210e+32
1.485556e+14 8.228429e+32
1.497071e+14 8.400160e+32
1.508676e+14 8.575474e+32
1.520371e+14 8.754448e+32
1.532156e+14 8.937156e+32
1.544033e+14 9.123678e+32
1.556002e+14 9.314093e+32
1.568063e+14 9.508481e+32
1.580219e+14 9.706927e+32
1.592468e+14 9.909514e+32
1.604812e+14 1.011633e+33
1.617252e+14 1.032746e+33
1.629789e+14 1.054300e+33
1.642422e+14 1.076304e+33
1.655154e+14 1.098766e+33
1.667984e+14 1.121698e+33
1.680914e+14 1.145108e+33
1.693944e+14 1.169007e+33
1.707075e+14 1.193405e+33
1.720307e+14 1.218312e+33
1.733643e+14 1.243738e+33
1.747081e+14 1.269696e+33
1.760624e+14 1.296195e+33
1.774272e+14 1.323247e+33
1.788026e+14 1.350863e+33
1.801886e+14 1.379056e+33
1.815854e+14 1.407838e+33
1.829929e+14 1.437220e+33
1.844114e+14 1.467215e+33
1.858409e+14 1.497837e+33
1.872815e+14 1.529097e+33
1.887333e+14 1.561010e+33
1.901963e+14 1.593589e+33
1.916706e+14 1.626847e+33
1.931564e+14 1.660800e+33
1.946537e+14 1.695462e+33
1.961626e+14 1.730847e+33
1.976832e+14 1.766970e+33
1.992155e+14 1.803848e+33
2.007598e+14 1.841495e+33
2.023160e+14 1.879927e+33
2.038843e+14 1.919162e+33
2.054648e+14 1.959216e+33
2.070575e+14 2.000105e+33
2.086625e+14 2.041848e+33
2.102800e+14 2.084462e+33
2.119100e+14 2.127966e+33
2.135527e+14 2.172377e+33
2.152081e+14 2.217716e+33
2.168763e+14 2.264000e+33
2.185575e+14 2.311251e+33
2.202517e+14 2.359487e+33
2.219590e+14 2.408731e+33
2.236795e+14 2.459002e+33
2.254134e+14 2.510322e+33
2.271608e+14 2.562714e+33
2.289217e+14 2.616198e+33
2.306962e+14 2.670799e+33
2.324845e+14 2.726540e+33
2.342866e+14 2.783444e+33
2.361027e+14 2.841536e+33
2.379329e+14 2.900839e+33
2.397773e+14 2.961381e+33
2.416360e+14 3.023186e+33
2.435091e+14 3.086281e+33
2.453967e+14 3.150693e+33
2.472989e+14 3.216449e+33
2.492159e+14 3.283578e+33
2.511478e+14 3.352107e+33
2.530946e+14 3.422067e+33
2.550565e+14 3.493487e+33
2.570336e+14 3.566397e+33
2.590260e+14 3.640829e+33
2.610339e+14 3.716815e+33
2.630574e+14 3.794386e+33
2.650965e+14 3.873576e+33
2.671515e+14 3.954419e+33
2.692224e+14 4.036950e+33
2.713093e+14 4.121202e+33
2.734124e+14 4.207213e+33
2.755318e+14 4.295019e+33
2.776676e+14 4.384658e+33
2.798200e+14 4.476168e+33
2.819891e+14 4.569587e+33
2.841750e+14 4.664956e+33
2.863778e+14 4.762315e+33
2.885977e+14 4.861707e+33
2.908349e+14 4.963172e+33
2.930893e+14 5.066756e+33
