# epsilon [g/cm^3]   P [dyn/cm^2]
1.364583e+14 6.578452e+32
1.375161e+14 6.723478e+32
1.385821e+14 6.871702e+32
1.396563e+14 7.023193e+32
1.407389e+14 7.178024e+32
1.418299e+14 7.336269e+32
1.429293e+14 7.498002e+32
1.440372e+14 7.663300e+32
1.451538e+14 7.832243e+32
1.462789e+14 8.004910e+32
1.474129e+14 8.181384e+32
1.485556e+14 8.361748e+32
1.497071e+14 8.546088e+32
1.508676e+14 8.734493e+32
1.520371e+14 8.927051e+32
1.532156e+14 9.123854e+32
1.544033e+14 9.324995e+32
1.556002e+14 9.530571e+32
1.568063e+14 9.740679e+32
1.580219e+14 9.955419e+32
1.592468e+14 1.017489e+33
1.604812e+14 1.039921e+33
1.617252e+14 1.062846e+33
1.629789e+14 1.086277e+33
1.642422e+14 1.110225e+33
1.655154e+14 1.134701e+33
1.667984e+14 1.159716e+33
1.680914e+14 1.185283e+33
1.693944e+14 1.211413e+33
1.707075e+14 1.238120e+33
1.720307e+14 1.265415e+33
1.733643e+14 1.293312e+33
1.747081e+14 1.321824e+33
1.760624e+14 1.350964e+33
1.774272e+14 1.380747e+33
1.788026e+14 1.411187e+33
1.801886e+14 1.442297e+33
1.815854e+14 1.474094e+33
1.829929e+14 1.506591e+33
1.844114e+14 1.539805e+33
1.858409e+14 1.573751e+33
1.872815e+14 1.608445e+33
1.887333e+14 1.643905e+33
1.901963e+14 1.680146e+33
1.916706e+14 1.717186e+33
1.931564e+14 1.755042e+33
1.946537e+14 1.793733e+33
1.961626e+14 1.833277e+33
1.976832e+14 1.873693e+33
1.992155e+14 1.915000e+33
2.007598e+14 1.957218e+33
2.023160e+14 2.000366e+33
2.038843e+14 2.044465e+33
2.054648e+14 2.089537e+33
2.070575e+14 2.135602e+33
2.086625e+14 2.182683e+33
2.102800e+14 2.230802e+33
2.119100e+14 2.279981e+33
2.135527e+14 2.330245e+33
2.152081e+14 2.381617e+33
2.168763e+14 2.434121e+33
2.185575e+14 2.487783e+33
2.202517e+14 2.542628e+33
2.219590e+14 2.598682e+33
2.236795e+14 2.655972e+33
2.254134e+14 2.714524e+33
2.271608e+14 2.774368e+33
2.289217e+14 2.835531e+33
2.306962e+14 2.898042e+33
2.324845e+14 2.961931e+33
2.342866e+14 3.027229e+33
2.361027e+14 3.093966e+33
2.379329e+14 3.162175e+33
2.397773e+14 3.231887e+33
2.416360e+14 3.303137e+33
2.435091e+14 3.375956e+33
2.453967e+14 3.450382e+33
2.472989e+14 3.526448e+33
2.492159e+14 3.604191e+33
2.511478e+14 3.683648e+33
2.530946e+14 3.764856e+33
2.550565e+14 3.847855e+33
2.570336e+14 3.932684e+33
2.590260e+14 4.019382e+33
2.610339e+14 4.107992e+33
2.630574e+14 4.198556e+33
2.650965e+14 4.291116e+33
2.671515e+14 4.385716e+33
2.692224e+14 4.482403e+33
2.713093e+14 4.581220e+33
2.734124e+14 4.682216e+33
2.755318e+14 4.785439e+33
2.776676e+14 4.890937e+33
2.798200e+14 4.998761e+33
2.819891e+14 5.108962e+33
2.841750e+14 5.221593e+33
2.863778e+14 5.336707e+33
2.885977e+14 5.454358e+33
2.908349e+14 5.574603e+33
2.930893e+14 5.697499e+33
