# epsilon [g/cm^3]   P [dyn/cm^2]
1.364583e+14 6.462350e+32
1.375161e+14 6.565316e+32
1.385821e+14 6.669924e+32
1.396563e+14 6.776197e+32
1.407389e+14 6.884165e+32
1.418299e+14 6.993852e+32
1.429293e+14 7.105287e+32
1.440372e+14 7.218498e+32
1.451538e+14 7.333512e+32
1.462789e+14 7.450359e+32
1.474129e+14 7.569068e+32
1.485556e+14 7.689668e+32
1.497071e+14 7.812190e+32
1.508676e+14 7.936664e+32
1.520371e+14 8.063121e+32
1.532156e+14 8.191593e+32
1.544033e+14 8.322112e+32
1.556002e+14 8.454711e+32
1.568063e+14 8.589422e+32
1.580219e+14 8.726280e+32
1.592468e+14 8.865319e+32
1.604812e+14 9.006572e+32
1.617252e+14 9.150077e+32
1.629789e+14 9.295868e+32
1.642422e+14 9.443981e+32
1.655154e+14 9.594455e+32
1.667984e+14 9.747326e+32
1.680914e+14 9.902633e+32
1.693944e+14 1.006042e+33
1.707075e+14 1.022071e+33
1.720307e+14 1.038356e+33
1.733643e+14 1.054900e+33
1.747081e+14 1.071708e+33
1.760624e+14 1.088784e+33
1.774272e+14 1.106132e+33
1.788026e+14 1.123757e+33
1.801886e+14 1.141662e+33
1.815854e+14 1.159852e+33
1.829929e+14 1.178332e+33
1.844114e+14 1.197107e+33
1.858409e+14 1.216181e+33
1.872815e+14 1.235559e+33
1.887333e+14 1.255245e+33
1.901963e+14 1.275246e+33
1.916706e+14 1.295564e+33
1.931564e+14 1.316207e+33
1.946537e+14 1.337179e+33
1.961626e+14 1.358484e+33
1.976832e+14 1.380129e+33
1.992155e+14 1.402119e+33
2.007598e+14 1.424460e+33
2.023160e+14 1.447156e+33
2.038843e+14 1.470214e+33
2.054648e+14 1.493639e+33
2.070575e+14 1.517438e+33
2.086625e+14 1.541616e+33
2.102800e+14 1.566179e+33
2.119100e+14 1.591133e+33
2.135527e+14 1.616485e+33
2.152081e+14 1.642241e+33
2.168763e+14 1.668407e+33
2.185575e+14 1.694991e+33
2.202517e+14 1.721997e+33
2.219590e+14 1.749434e+33
2.236795e+14 1.777309e+33
2.254134e+14 1.805627e+33
2.271608e+14 1.834397e+33
2.289217e+14 1.863625e+33
2.306962e+14 1.893318e+33
2.324845e+14 1.923485e+33
2.342866e+14 1.954133e+33
2.361027e+14 1.985268e+33
2.379329e+14 2.016900e+33
2.397773e+14 2.049036e+33
2.416360e+14 2.081684e+33
2.435091e+14 2.114852e+33
2.453967e+14 2.148549e+33
2.472989e+14 2.182782e+33
2.492159e+14 2.217561e+33
2.511478e+14 2.252894e+33
2.530946e+14 2.288790e+33
2.550565e+14 2.325258e+33
2.570336e+14 2.362307e+33
2.590260e+14 2.399947e+33
2.610339e+14 2.438186e+33
2.630574e+14 2.477034e+33
2.650965e+14 2.516501e+33
2.671515e+14 2.556597e+33
2.692224e+14 2.597332e+33
2.713093e+14 2.638716e+33
2.734124e+14 2.680760e+33
2.755318e+14 2.723473e+33
2.776676e+14 2.766867e+33
2.798200e+14 2.810952e+33
2.819891e+14 2.855740e+33
2.841750e+14 2.901242e+33
2.863778e+14 2.947468e+33
2.885977e+14 2.994431e+33
2.908349e+14 3.042142e+33
2.930893e+14 3.090613e+33
