# epsilon [g/cm^3]   P [dyn/cm^2]
1.364583e+14 6.439812e+32
1.375161e+14 6.534723e+32
1.385821e+14 6.631034e+32
1.396563e+14 6.728764e+32
1.407389e+14 6.827935e+32
1.418299e+14 6.928567e+32
1.429293e+14 7.030682e+32
1.440372e+14 7.134303e+32
1.451538e+14 7.239450e+32
1.462789e+14 7.346147e+32
1.474129e+14 7.454417e+32
1.485556e+14 7.564283e+32
1.497071e+14 7.675767e+32
1.508676e+14 7.788895e+32
1.520371e+14 7.903690e+32
1.532156e+14 8.020177e+32
1.544033e+14 8.138381e+32
1.556002e+14 8.258327e+32
1.568063e+14 8.380040e+32
1.580219e+14 8.503548e+32
1.592468e+14 8.628876e+32
1.604812e+14 8.756051e+32
1.617252e+14 8.885100e+32
1.629789e+14 9.016051e+32
1.642422e+14 9.148933e+32
1.655154e+14 9.283772e+32
1.667984e+14 9.420599e+32
1.680914e+14 9.559443e+32
1.693944e+14 9.700333e+32
1.707075e+14 9.843299e+32
1.720307e+14 9.988373e+32
1.733643e+14 1.013558e+33
1.747081e+14 1.028497e+33
1.760624e+14 1.043655e+33
1.774272e+14 1.059037e+33
1.788026e+14 1.074645e+33
1.801886e+14 1.090483e+33
1.815854e+14 1.106555e+33
1.829929e+14 1.122864e+33
1.844114e+14 1.139413e+33
1.858409e+14 1.156206e+33
1.872815e+14 1.173247e+33
1.887333e+14 1.190538e+33
1.901963e+14 1.208085e+33
1.916706e+14 1.225890e+33
1.931564e+14 1.243957e+33
1.946537e+14 1.262291e+33
1.961626e+14 1.280895e+33
1.976832e+14 1.299774e+33
1.992155e+14 1.318930e+33
2.007598e+14 1.338369e+33
2.023160e+14 1.358094e+33
2.038843e+14 1.378110e+33
2.054648e+14 1.398421e+33
2.070575e+14 1.419031e+33
2.086625e+14 1.439946e+33
2.102800e+14 1.461168e+33
2.119100e+14 1.482703e+33
2.135527e+14 1.504556e+33
2.152081e+14 1.526730e+33
2.168763e+14 1.549232e+33
2.185575e+14 1.572065e+33
2.202517e+14 1.595234e+33
2.219590e+14 1.618745e+33
2.236795e+14 1.642603e+33
2.254134e+14 1.666812e+33
2.271608e+14 1.691378e+33
2.289217e+14 1.716306e+33
2.306962e+14 1.741601e+33
2.324845e+14 1.767270e+33
2.342866e+14 1.793316e+33
2.361027e+14 1.819747e+33
2.379329e+14 1.846567e+33
2.397773e+14 1.873782e+33
2.416360e+14 1.901398e+33
2.435091e+14 1.929422e+33
2.453967e+14 1.957858e+33
2.472989e+14 1.986713e+33
2.492159e+14 2.015994e+33
2.511478e+14 2.045706e+33
2.530946e+14 2.075857e+33
2.550565e+14 2.106451e+33
2.570336e+14 2.137497e+33
2.590260e+14 2.169000e+33
2.610339e+14 2.200967e+33
2.630574e+14 2.233406e+33
2.650965e+14 2.266322e+33
2.671515e+14 2.299724e+33
2.692224e+14 2.333618e+33
2.713093e+14 2.368012e+33
2.734124e+14 2.402912e+33
2.755318e+14 2.438327e+33
2.776676e+14 2.474264e+33
2.798200e+14 2.510730e+33
2.819891e+14 2.547734e+33
2.841750e+14 2.585283e+33
2.863778e+14 2.623386e+33
2.885977e+14 2.662050e+33
2.908349e+14 2.701284e+33
2.930893e+14 2.741097e+33
