# epsilon [g/cm^3]   P [dyn/cm^2]
1.364583e+14 6.542928e+32
1.375161e+14 6.674985e+32
1.385821e+14 6.809708e+32
1.396563e+14 6.947149e+32
1.407389e+14 7.087364e+32
1.418299e+14 7.230410e+32
1.429293e+14 7.376342e+32
1.440372e+14 7.525220e+32
1.451538e+14 7.677102e+32
1.462789e+14 7.832050e+32
1.474129e+14 7.990126e+32
1.485556e+14 8.151392e+32
1.497071e+14 8.315913e+32
1.508676e+14 8.483754e+32
1.520371e+14 8.654983e+32
1.532156e+14 8.829668e+32
1.544033e+14 9.007878e+32
1.556002e+14 9.189685e+32
1.568063e+14 9.375162e+32
1.580219e+14 9.564382e+32
1.592468e+14 9.757422e+32
1.604812e+14 9.954357e+32
1.617252e+14 1.015527e+33
1.629789e+14 1.036023e+33
1.642422e+14 1.056934e+33
1.655154e+14 1.078266e+33
1.667984e+14 1.100029e+33
1.680914e+14 1.122231e+33
1.693944e+14 1.144881e+33
1.707075e+14 1.167988e+33
1.720307e+14 1.191562e+33
1.733643e+14 1.215611e+33
1.747081e+14 1.240146e+33
1.760624e+14 1.265176e+33
1.774272e+14 1.290711e+33
1.788026e+14 1.316762e+33
1.801886e+14 1.343338e+33
1.815854e+14 1.370451e+33
1.829929e+14 1.398111e+33
1.844114e+14 1.426329e+33
1.858409e+14 1.455117e+33
1.872815e+14 1.484486e+33
1.887333e+14 1.514448e+33
1.901963e+14 1.545014e+33
1.916706e+14 1.576197e+33
1.931564e+14 1.608010e+33
1.946537e+14 1.640465e+33
1.961626e+14 1.673574e+33
1.976832e+14 1.707352e+33
1.992155e+14 1.741812e+33
2.007598e+14 1.776967e+33
2.023160e+14 1.812832e+33
2.038843e+14 1.849421e+33
2.054648e+14 1.886748e+33
2.070575e+14 1.924828e+33
2.086625e+14 1.963678e+33
2.102800e+14 2.003311e+33
2.119100e+14 2.043744e+33
2.135527e+14 2.084993e+33
2.152081e+14 2.127075e+33
2.168763e+14 2.170006e+33
2.185575e+14 2.213803e+33
2.202517e+14 2.258485e+33
2.219590e+14 2.304068e+33
2.236795e+14 2.350572e+33
2.254134e+14 2.398014e+33
2.271608e+14 2.446413e+33
2.289217e+14 2.495789e+33
2.306962e+14 2.546162e+33
2.324845e+14 2.597552e+33
2.342866e+14 2.649979e+33
2.361027e+14 2.703464e+33
2.379329e+14 2.758028e+33
2.397773e+14 2.813694e+33
2.416360e+14 2.870483e+33
2.435091e+14 2.928418e+33
2.453967e+14 2.987523e+33
2.472989e+14 3.047821e+33
2.492159e+14 3.109335e+33
2.511478e+14 3.172091e+33
2.530946e+14 3.236114e+33
2.550565e+14 3.301429e+33
2.570336e+14 3.368062e+33
2.590260e+14 3.436040e+33
2.610339e+14 3.505391e+33
2.630574e+14 3.576140e+33
2.650965e+14 3.648318e+33
2.671515e+14 3.721953e+33
2.692224e+14 3.797073e+33
2.713093e+14 3.873710e+33
2.734124e+14 3.951894e+33
2.755318e+14 4.031656e+33
2.776676e+14 4.113027e+33
2.798200e+14 4.196041e+33
2.819891e+14 4.280730e+33
2.841750e+14 4.367129e+33
2.863778e+14 4.455271e+33
2.885977e+14 4.545193e+33
2.908349e+14 4.636929e+33
2.930893e+14 4.730517e+33
