# epsilon [g/cm^3]   P [dyn/cm^2]
1.364583e+14 6.604908e+32
1.375161e+14 6.759652e+32
1.385821e+14 6.918020e+32
1.396563e+14 7.080099e+32
1.407389e+14 7.245976e+32
1.418299e+14 7.415738e+32
1.429293e+14 7.589478e+32
1.440372e+14 7.767288e+32
1.451538e+14 7.949265e+32
1.462789e+14 8.135504e+32
1.474129e+14 8.326107e+32
1.485556e+14 8.521175e+32
1.497071e+14 8.720814e+32
1.508676e+14 8.925130e+32
1.520371e+14 9.134232e+32
1.532156e+14 9.348234e+32
1.544033e+14 9.567249e+32
1.556002e+14 9.791396e+32
1.568063e+14 1.002079e+33
1.580219e+14 1.025557e+33
1.592468e+14 1.049584e+33
1.604812e+14 1.074174e+33
1.617252e+14 1.099340e+33
1.629789e+14 1.125096e+33
1.642422e+14 1.151456e+33
1.655154e+14 1.178433e+33
1.667984e+14 1.206042e+33
1.680914e+14 1.234297e+33
1.693944e+14 1.263215e+33
1.707075e+14 1.292810e+33
1.720307e+14 1.323099e+33
1.733643e+14 1.354097e+33
1.747081e+14 1.385822e+33
1.760624e+14 1.418290e+33
1.774272e+14 1.451518e+33
1.788026e+14 1.485525e+33
1.801886e+14 1.520329e+33
1.815854e+14 1.555948e+33
1.829929e+14 1.592401e+33
1.844114e+14 1.629709e+33
1.858409e+14 1.667891e+33
1.872815e+14 1.706967e+33
1.887333e+14 1.746959e+33
1.901963e+14 1.787887e+33
1.916706e+14 1.829775e+33
1.931564e+14 1.872644e+33
1.946537e+14 1.916517e+33
1.961626e+14 1.961418e+33
1.976832e+14 2.007371e+33
1.992155e+14 2.054401e+33
2.007598e+14 2.102533e+33
2.023160e+14 2.151792e+33
2.038843e+14 2.202205e+33
2.054648e+14 2.253800e+33
2.070575e+14 2.306603e+33
2.086625e+14 2.360643e+33
2.102800e+14 2.415950e+33
2.119100e+14 2.472552e+33
2.135527e+14 2.530480e+33
2.152081e+14 2.589765e+33
2.168763e+14 2.650440e+33
2.185575e+14 2.712536e+33
2.202517e+14 2.776086e+33
2.219590e+14 2.841126e+33
2.236795e+14 2.907689e+33
2.254134e+14 2.975812e+33
2.271608e+14 3.045531e+33
2.289217e+14 3.116883e+33
2.306962e+14 3.189907e+33
2.324845e+14 3.264642e+33
2.342866e+14 3.341128e+33
2.361027e+14 3.419406e+33
2.379329e+14 3.499517e+33
2.397773e+14 3.581506e+33
2.416360e+14 3.665415e+33
2.435091e+14 3.751291e+33
2.453967e+14 3.839178e+33
2.472989e+14 3.929124e+33
2.492159e+14 4.021178e+33
2.511478e+14 4.115388e+33
2.530946e+14 4.211806e+33
2.550565e+14 4.310482e+33
2.570336e+14 4.411470e+33
2.590260e+14 4.514824e+33
2.610339e+14 4.620600e+33
2.630574e+14 4.728854e+33
2.650965e+14 4.839644e+33
2.671515e+14 4.953030e+33
2.692224e+14 5.069072e+33
2.713093e+14 5.187833e+33
2.734124e+14 5.309376e+33
2.755318e+14 5.433767e+33
2.776676e+14 5.561072e+33
2.798200e+14 5.691360e+33
2.819891e+14 5.824700e+33
2.841750e+14 5.961164e+33
2.863778e+14 6.100826e+33
2.885977e+14 6.243759e+33
2.908349e+14 6.390041e+33
2.930893e+14 6.539750e+33
