# epsilon [g/cm^3]   P [dyn/cm^2]
1.364583e+14 6.503680e+32
1.375161e+14 6.621511e+32
1.385821e+14 6.741476e+32
1.396563e+14 6.863615e+32
1.407389e+14 6.987967e+32
1.418299e+14 7.114571e+32
1.429293e+14 7.243469e+32
1.440372e+14 7.374703e+32
1.451538e+14 7.508314e+32
1.462789e+14 7.644346e+32
1.474129e+14 7.782843e+32
1.485556e+14 7.923848e+32
1.497071e+14 8.067409e+32
1.508676e+14 8.213570e+32
1.520371e+14 8.362379e+32
1.532156e+14 8.513885e+32
1.544033e+14 8.668135e+32
1.556002e+14 8.825180e+32
1.568063e+14 8.985070e+32
1.580219e+14 9.147857e+32
1.592468e+14 9.313594e+32
1.604812e+14 9.482333e+32
1.617252e+14 9.654129e+32
1.629789e+14 9.829038e+32
1.642422e+14 1.000712e+33
1.655154e+14 1.018842e+33
1.667984e+14 1.037301e+33
1.680914e+14 1.056094e+33
1.693944e+14 1.075228e+33
1.707075e+14 1.094708e+33
1.720307e+14 1.114542e+33
1.733643e+14 1.134734e+33
1.747081e+14 1.155293e+33
1.760624e+14 1.176224e+33
1.774272e+14 1.197534e+33
1.788026e+14 1.219231e+33
1.801886e+14 1.241320e+33
1.815854e+14 1.263810e+33
1.829929e+14 1.286707e+33
1.844114e+14 1.310019e+33
1.858409e+14 1.333753e+33
1.872815e+14 1.357917e+33
1.887333e+14 1.382519e+33
1.901963e+14 1.407567e+33
1.916706e+14 1.433069e+33
1.931564e+14 1.459032e+33
1.946537e+14 1.485466e+33
1.961626e+14 1.512379e+33
1.976832e+14 1.539780e+33
1.992155e+14 1.567677e+33
2.007598e+14 1.596079e+33
2.023160e+14 1.624996e+33
2.038843e+14 1.654437e+33
2.054648e+14 1.684411e+33
2.070575e+14 1.714929e+33
2.086625e+14 1.745999e+33
2.102800e+14 1.777632e+33
2.119100e+14 1.809838e+33
2.135527e+14 1.842628e+33
2.152081e+14 1.876012e+33
2.168763e+14 1.910001e+33
2.185575e+14 1.944605e+33
2.202517e+14 1.979836e+33
2.219590e+14 2.015706e+33
2.236795e+14 2.052226e+33
2.254134e+14 2.089407e+33
2.271608e+14 2.127262e+33
2.289217e+14 2.165802e+33
2.306962e+14 2.205041e+33
2.324845e+14 2.244991e+33
2.342866e+14 2.285665e+33
2.361027e+14 2.327075e+33
2.379329e+14 2.369236e+33
2.397773e+14 2.412161e+33
2.416360e+14 2.455863e+33
2.435091e+14 2.500357e+33
2.453967e+14 2.545657e+33
2.472989e+14 2.591778e+33
2.492159e+14 2.638735e+33
2.511478e+14 2.686542e+33
2.530946e+14 2.735216e+33
2.550565e+14 2.784771e+33
2.570336e+14 2.835224e+33
2.590260e+14 2.886591e+33
2.610339e+14 2.938889e+33
2.630574e+14 2.992134e+33
2.650965e+14 3.046344e+33
2.671515e+14 3.101537e+33
2.692224e+14 3.157729e+33
2.713093e+14 3.214939e+33
2.734124e+14 3.273186e+33
2.755318e+14 3.332488e+33
2.776676e+14 3.392864e+33
2.798200e+14 3.454334e+33
2.819891e+14 3.516918e+33
2.841750e+14 3.580636e+33
2.863778e+14 3.645508e+33
2.885977e+14 3.711556e+33
2.908349e+14 3.778800e+33
2.930893e+14 3.847262e+33
