# epsilon [g/cm^3]   P [dyn/cm^2]
1.364583e+14 6.537564e+32
1.375161e+14 6.667670e+32
1.385821e+14 6.800366e+32
1.396563e+14 6.935702e+32
1.407389e+14 7.073731e+32
1.418299e+14 7.214508e+32
1.429293e+14 7.358086e+32
1.440372e+14 7.504522e+32
1.451538e+14 7.653872e+32
1.462789e+14 7.806194e+32
1.474129e+14 7.961547e+32
1.485556e+14 8.119992e+32
1.497071e+14 8.281591e+32
1.508676e+14 8.446405e+32
1.520371e+14 8.614500e+32
1.532156e+14 8.785940e+32
1.544033e+14 8.960792e+32
1.556002e+14 9.139123e+32
1.568063e+14 9.321004e+32
1.580219e+14 9.506504e+32
1.592468e+14 9.695696e+32
1.604812e+14 9.888653e+32
1.617252e+14 1.008545e+33
1.629789e+14 1.028616e+33
1.642422e+14 1.049087e+33
1.655154e+14 1.069965e+33
1.667984e+14 1.091259e+33
1.680914e+14 1.112977e+33
1.693944e+14 1.135126e+33
1.707075e+14 1.157717e+33
1.720307e+14 1.180757e+33
1.733643e+14 1.204255e+33
1.747081e+14 1.228222e+33
1.760624e+14 1.252665e+33
1.774272e+14 1.277595e+33
1.788026e+14 1.303020e+33
1.801886e+14 1.328952e+33
1.815854e+14 1.355400e+33
1.829929e+14 1.382374e+33
1.844114e+14 1.409885e+33
1.858409e+14 1.437944e+33
1.872815e+14 1.466561e+33
1.887333e+14 1.495748e+33
1.901963e+14 1.525515e+33
1.916706e+14 1.555875e+33
1.931564e+14 1.586839e+33
1.946537e+14 1.618419e+33
1.961626e+14 1.650627e+33
1.976832e+14 1.683477e+33
1.992155e+14 1.716980e+33
2.007598e+14 1.751151e+33
2.023160e+14 1.786001e+33
2.038843e+14 1.821545e+33
2.054648e+14 1.857796e+33
2.070575e+14 1.894768e+33
2.086625e+14 1.932477e+33
2.102800e+14 1.970935e+33
2.119100e+14 2.010160e+33
2.135527e+14 2.050164e+33
2.152081e+14 2.090965e+33
2.168763e+14 2.132578e+33
2.185575e+14 2.175020e+33
2.202517e+14 2.218305e+33
2.219590e+14 2.262452e+33
2.236795e+14 2.307478e+33
2.254134e+14 2.353400e+33
2.271608e+14 2.400236e+33
2.289217e+14 2.448004e+33
2.306962e+14 2.496722e+33
2.324845e+14 2.546410e+33
2.342866e+14 2.597087e+33
2.361027e+14 2.648773e+33
2.379329e+14 2.701487e+33
2.397773e+14 2.755250e+33
2.416360e+14 2.810083e+33
2.435091e+14 2.866007e+33
2.453967e+14 2.923044e+33
2.472989e+14 2.981217e+33
2.492159e+14 3.040547e+33
2.511478e+14 3.101058e+33
2.530946e+14 3.162773e+33
2.550565e+14 3.225716e+33
2.570336e+14 3.289912e+33
2.590260e+14 3.355386e+33
2.610339e+14 3.422162e+33
2.630574e+14 3.490268e+33
2.650965e+14 3.559729e+33
2.671515e+14 3.630572e+33
2.692224e+14 3.702825e+33
2.713093e+14 3.776516e+33
2.734124e+14 3.851674e+33
2.755318e+14 3.928327e+33
2.776676e+14 4.006506e+33
2.798200e+14 4.086241e+33
2.819891e+14 4.167563e+33
2.841750e+14 4.250503e+33
2.863778e+14 4.335093e+33
2.885977e+14 4.421367e+33
2.908349e+14 4.509358e+33
2.930893e+14 4.599100e+33
