# epsilon [g/cm^3]   P [dyn/cm^2]
1.364583e+14 6.611659e+32
1.375161e+14 6.768889e+32
1.385821e+14 6.929859e+32
1.396563e+14 7.094656e+32
1.407389e+14 7.263373e+32
1.418299e+14 7.436101e+32
1.429293e+14 7.612937e+32
1.440372e+14 7.793979e+32
1.451538e+14 7.979326e+32
1.462789e+14 8.169080e+32
1.474129e+14 8.363347e+32
1.485556e+14 8.562234e+32
1.497071e+14 8.765851e+32
1.508676e+14 8.974310e+32
1.520371e+14 9.187726e+32
1.532156e+14 9.406217e+32
1.544033e+14 9.629904e+32
1.556002e+14 9.858911e+32
1.568063e+14 1.009336e+33
1.580219e+14 1.033339e+33
1.592468e+14 1.057913e+33
1.604812e+14 1.083071e+33
1.617252e+14 1.108827e+33
1.629789e+14 1.135196e+33
1.642422e+14 1.162192e+33
1.655154e+14 1.189829e+33
1.667984e+14 1.218124e+33
1.680914e+14 1.247092e+33
1.693944e+14 1.276749e+33
1.707075e+14 1.307111e+33
1.720307e+14 1.338195e+33
1.733643e+14 1.370019e+33
1.747081e+14 1.402599e+33
1.760624e+14 1.435954e+33
1.774272e+14 1.470102e+33
1.788026e+14 1.505062e+33
1.801886e+14 1.540854e+33
1.815854e+14 1.577496e+33
1.829929e+14 1.615010e+33
1.844114e+14 1.653417e+33
1.858409e+14 1.692736e+33
1.872815e+14 1.732991e+33
1.887333e+14 1.774202e+33
1.901963e+14 1.816394e+33
1.916706e+14 1.859590e+33
1.931564e+14 1.903812e+33
1.946537e+14 1.949086e+33
1.961626e+14 1.995437e+33
1.976832e+14 2.042890e+33
1.992155e+14 2.091472e+33
2.007598e+14 2.141208e+33
2.023160e+14 2.192128e+33
2.038843e+14 2.244259e+33
2.054648e+14 2.297629e+33
2.070575e+14 2.352268e+33
2.086625e+14 2.408207e+33
2.102800e+14 2.465476e+33
2.119100e+14 2.524107e+33
2.135527e+14 2.584132e+33
2.152081e+14 2.645585e+33
2.168763e+14 2.708499e+33
2.185575e+14 2.772909e+33
2.202517e+14 2.838851e+33
2.219590e+14 2.906361e+33
2.236795e+14 2.975476e+33
2.254134e+14 3.046236e+33
2.271608e+14 3.118677e+33
2.289217e+14 3.192842e+33
2.306962e+14 3.268770e+33
2.324845e+14 3.346504e+33
2.342866e+14 3.426087e+33
2.361027e+14 3.507562e+33
2.379329e+14 3.590974e+33
2.397773e+14 3.676370e+33
2.416360e+14 3.763797e+33
2.435091e+14 3.853303e+33
2.453967e+14 3.944938e+33
2.472989e+14 4.038751e+33
2.492159e+14 4.134796e+33
2.511478e+14 4.233125e+33
2.530946e+14 4.333792e+33
2.550565e+14 4.436853e+33
2.570336e+14 4.542365e+33
2.590260e+14 4.650385e+33
2.610339e+14 4.760975e+33
2.630574e+14 4.874195e+33
2.650965e+14 4.990107e+33
2.671515e+14 5.108776e+33
2.692224e+14 5.230266e+33
2.713093e+14 5.354646e+33
2.734124e+14 5.481984e+33
2.755318e+14 5.612350e+33
2.776676e+14 5.745816e+33
2.798200e+14 5.882456e+33
2.819891e+14 6.022345e+33
2.841750e+14 6.165561e+33
2.863778e+14 6.312183e+33
2.885977e+14 6.462291e+33
2.908349e+14 6.615970e+33
2.930893e+14 6.773303e+33
