# epsilon [g/cm^3]   P [dyn/cm^2]
1.364583e+14 6.473148e+32
1.375161e+14 6.579986e+32
1.385821e+14 6.688587e+32
1.396563e+14 6.798981e+32
1.407389e+14 6.911197e+32
1.418299e+14 7.025265e+32
1.429293e+14 7.141215e+32
1.440372e+14 7.259080e+32
1.451538e+14 7.378890e+32
1.462789e+14 7.500677e+32
1.474129e+14 7.624474e+32
1.485556e+14 7.750315e+32
1.497071e+14 7.878232e+32
1.508676e+14 8.008261e+32
1.520371e+14 8.140436e+32
1.532156e+14 8.274792e+32
1.544033e+14 8.411366e+32
1.556002e+14 8.550194e+32
1.568063e+14 8.691313e+32
1.580219e+14 8.834762e+32
1.592468e+14 8.980578e+32
1.604812e+14 9.128800e+32
1.617252e+14 9.279469e+32
1.629789e+14 9.432625e+32
1.642422e+14 9.588309e+32
1.655154e+14 9.746562e+32
1.667984e+14 9.907427e+32
1.680914e+14 1.007095e+33
1.693944e+14 1.023717e+33
1.707075e+14 1.040613e+33
1.720307e+14 1.057788e+33
1.733643e+14 1.075247e+33
1.747081e+14 1.092993e+33
1.760624e+14 1.111033e+33
1.774272e+14 1.129370e+33
1.788026e+14 1.148010e+33
1.801886e+14 1.166958e+33
1.815854e+14 1.186219e+33
1.829929e+14 1.205797e+33
1.844114e+14 1.225698e+33
1.858409e+14 1.245928e+33
1.872815e+14 1.266492e+33
1.887333e+14 1.287395e+33
1.901963e+14 1.308644e+33
1.916706e+14 1.330242e+33
1.931564e+14 1.352198e+33
1.946537e+14 1.374516e+33
1.961626e+14 1.397202e+33
1.976832e+14 1.420262e+33
1.992155e+14 1.443703e+33
2.007598e+14 1.467531e+33
2.023160e+14 1.491753e+33
2.038843e+14 1.516374e+33
2.054648e+14 1.541401e+33
2.070575e+14 1.566842e+33
2.086625e+14 1.592702e+33
2.102800e+14 1.618990e+33
2.119100e+14 1.645711e+33
2.135527e+14 1.672873e+33
2.152081e+14 1.700483e+33
2.168763e+14 1.728549e+33
2.185575e+14 1.757079e+33
2.202517e+14 1.786079e+33
2.219590e+14 1.815558e+33
2.236795e+14 1.845523e+33
2.254134e+14 1.875983e+33
2.271608e+14 1.906946e+33
2.289217e+14 1.938420e+33
2.306962e+14 1.970413e+33
2.324845e+14 2.002935e+33
2.342866e+14 2.035993e+33
2.361027e+14 2.069596e+33
2.379329e+14 2.103755e+33
2.397773e+14 2.138477e+33
2.416360e+14 2.173772e+33
2.435091e+14 2.209649e+33
2.453967e+14 2.246119e+33
2.472989e+14 2.283191e+33
2.492159e+14 2.320875e+33
2.511478e+14 2.359180e+33
2.530946e+14 2.398118e+33
2.550565e+14 2.437699e+33
2.570336e+14 2.477932e+33
2.590260e+14 2.518830e+33
2.610339e+14 2.560403e+33
2.630574e+14 2.602662e+33
2.650965e+14 2.645618e+33
2.671515e+14 2.689284e+33
2.692224e+14 2.733670e+33
2.713093e+14 2.778789e+33
2.734124e+14 2.824652e+33
2.755318e+14 2.871272e+33
2.776676e+14 2.918662e+33
2.798200e+14 2.966834e+33
2.819891e+14 3.015801e+33
2.841750e+14 3.065576e+33
2.863778e+14 3.116173e+33
2.885977e+14 3.167605e+33
2.908349e+14 3.219886e+33
2.930893e+14 3.273029e+33
