# epsilon [g/cm^3]   P [dyn/cm^2]
1.364583e+14 6.448145e+32
1.375161e+14 6.546031e+32
1.385821e+14 6.645403e+32
1.396563e+14 6.746284e+32
1.407389e+14 6.848695e+32
1.418299e+14 6.952662e+32
1.429293e+14 7.058207e+32
1.440372e+14 7.165353e+32
1.451538e+14 7.274127e+32
1.462789e+14 7.384552e+32
1.474129e+14 7.496653e+32
1.485556e+14 7.610456e+32
1.497071e+14 7.725986e+32
1.508676e+14 7.843270e+32
1.520371e+14 7.962335e+32
1.532156e+14 8.083207e+32
1.544033e+14 8.205914e+32
1.556002e+14 8.330483e+32
1.568063e+14 8.456944e+32
1.580219e+14 8.585325e+32
1.592468e+14 8.715654e+32
1.604812e+14 8.847962e+32
1.617252e+14 8.982278e+32
1.629789e+14 9.118633e+32
1.642422e+14 9.257058e+32
1.655154e+14 9.397585e+32
1.667984e+14 9.540245e+32
1.680914e+14 9.685070e+32
1.693944e+14 9.832094e+32
1.707075e+14 9.981350e+32
1.720307e+14 1.013287e+33
1.733643e+14 1.028669e+33
1.747081e+14 1.044285e+33
1.760624e+14 1.060138e+33
1.774272e+14 1.076231e+33
1.788026e+14 1.092569e+33
1.801886e+14 1.109155e+33
1.815854e+14 1.125992e+33
1.829929e+14 1.143085e+33
1.844114e+14 1.160438e+33
1.858409e+14 1.178054e+33
1.872815e+14 1.195937e+33
1.887333e+14 1.214092e+33
1.901963e+14 1.232523e+33
1.916706e+14 1.251233e+33
1.931564e+14 1.270227e+33
1.946537e+14 1.289510e+33
1.961626e+14 1.309085e+33
1.976832e+14 1.328958e+33
1.992155e+14 1.349132e+33
2.007598e+14 1.369613e+33
2.023160e+14 1.390404e+33
2.038843e+14 1.411511e+33
2.054648e+14 1.432938e+33
2.070575e+14 1.454691e+33
2.086625e+14 1.476774e+33
2.102800e+14 1.499192e+33
2.119100e+14 1.521950e+33
2.135527e+14 1.545054e+33
2.152081e+14 1.568509e+33
2.168763e+14 1.592320e+33
2.185575e+14 1.616492e+33
2.202517e+14 1.641031e+33
2.219590e+14 1.665943e+33
2.236795e+14 1.691233e+33
2.254134e+14 1.716906e+33
2.271608e+14 1.742970e+33
2.289217e+14 1.769429e+33
2.306962e+14 1.796290e+33
2.324845e+14 1.823558e+33
2.342866e+14 1.851241e+33
2.361027e+14 1.879343e+33
2.379329e+14 1.907873e+33
2.397773e+14 1.936835e+33
2.416360e+14 1.966237e+33
2.435091e+14 1.996086e+33
2.453967e+14 2.026387e+33
2.472989e+14 2.057149e+33
2.492159e+14 2.088377e+33
2.511478e+14 2.120080e+33
2.530946e+14 2.152264e+33
2.550565e+14 2.184936e+33
2.570336e+14 2.218104e+33
2.590260e+14 2.251776e+33
2.610339e+14 2.285959e+33
2.630574e+14 2.320661e+33
2.650965e+14 2.355890e+33
2.671515e+14 2.391654e+33
2.692224e+14 2.427960e+33
2.713093e+14 2.464818e+33
2.734124e+14 2.502235e+33
2.755318e+14 2.540220e+33
2.776676e+14 2.578782e+33
2.798200e+14 2.617929e+33
2.819891e+14 2.657670e+33
2.841750e+14 2.698015e+33
2.863778e+14 2.738972e+33
2.885977e+14 2.780551e+33
2.908349e+14 2.822761e+33
2.930893e+14 2.865612e+33
