# epsilon [g/cm^3]   P [dyn/cm^2]
1.364583e+14 6.563201e+32
1.375161e+14 6.702649e+32
1.385821e+14 6.845060e+32
1.396563e+14 6.990496e+32
1.407389e+14 7.139023e+32
1.418299e+14 7.290705e+32
1.429293e+14 7.445610e+32
1.440372e+14 7.603806e+32
1.451538e+14 7.765364e+32
1.462789e+14 7.930354e+32
1.474129e+14 8.098849e+32
1.485556e+14 8.270925e+32
1.497071e+14 8.446657e+32
1.508676e+14 8.626122e+32
1.520371e+14 8.809400e+32
1.532156e+14 8.996573e+32
1.544033e+14 9.187723e+32
1.556002e+14 9.382933e+32
1.568063e+14 9.582292e+32
1.580219e+14 9.785886e+32
1.592468e+14 9.993806e+32
1.604812e+14 1.020614e+33
1.617252e+14 1.042299e+33
1.629789e+14 1.064445e+33
1.642422e+14 1.087061e+33
1.655154e+14 1.110158e+33
1.667984e+14 1.133745e+33
1.680914e+14 1.157834e+33
1.693944e+14 1.182434e+33
1.707075e+14 1.207557e+33
1.720307e+14 1.233214e+33
1.733643e+14 1.259416e+33
1.747081e+14 1.286175e+33
1.760624e+14 1.313502e+33
1.774272e+14 1.341410e+33
1.788026e+14 1.369911e+33
1.801886e+14 1.399017e+33
1.815854e+14 1.428742e+33
1.829929e+14 1.459098e+33
1.844114e+14 1.490100e+33
1.858409e+14 1.521760e+33
1.872815e+14 1.554092e+33
1.887333e+14 1.587112e+33
1.901963e+14 1.620833e+33
1.916706e+14 1.655271e+33
1.931564e+14 1.690440e+33
1.946537e+14 1.726357e+33
1.961626e+14 1.763037e+33
1.976832e+14 1.800496e+33
1.992155e+14 1.838751e+33
2.007598e+14 1.877819e+33
2.023160e+14 1.917717e+33
2.038843e+14 1.958462e+33
2.054648e+14 2.000073e+33
2.070575e+14 2.042569e+33
2.086625e+14 2.085967e+33
2.102800e+14 2.130287e+33
2.119100e+14 2.175550e+33
2.135527e+14 2.221773e+33
2.152081e+14 2.268979e+33
2.168763e+14 2.317188e+33
2.185575e+14 2.366421e+33
2.202517e+14 2.416700e+33
2.219590e+14 2.468048e+33
2.236795e+14 2.520486e+33
2.254134e+14 2.574038e+33
2.271608e+14 2.628729e+33
2.289217e+14 2.684581e+33
2.306962e+14 2.741620e+33
2.324845e+14 2.799871e+33
2.342866e+14 2.859360e+33
2.361027e+14 2.920113e+33
2.379329e+14 2.982156e+33
2.397773e+14 3.045518e+33
2.416360e+14 3.110225e+33
2.435091e+14 3.176308e+33
2.453967e+14 3.243795e+33
2.472989e+14 3.312715e+33
2.492159e+14 3.383100e+33
2.511478e+14 3.454981e+33
2.530946e+14 3.528389e+33
2.550565e+14 3.603356e+33
2.570336e+14 3.679916e+33
2.590260e+14 3.758103e+33
2.610339e+14 3.837951e+33
2.630574e+14 3.919496e+33
2.650965e+14 4.002773e+33
2.671515e+14 4.087820e+33
2.692224e+14 4.174673e+33
2.713093e+14 4.263372e+33
2.734124e+14 4.353956e+33
2.755318e+14 4.446464e+33
2.776676e+14 4.540937e+33
2.798200e+14 4.637418e+33
2.819891e+14 4.735949e+33
2.841750e+14 4.836573e+33
2.863778e+14 4.939336e+33
2.885977e+14 5.044281e+33
2.908349e+14 5.151457e+33
2.930893e+14 5.260909e+33
