# epsilon [g/cm^3]   P [dyn/cm^2]
1.364583e+14 6.497458e+32
1.375161e+14 6.613043e+32
1.385821e+14 6.730685e+32
1.396563e+14 6.850419e+32
1.407389e+14 6.972283e+32
1.418299e+14 7.096315e+32
1.429293e+14 7.222553e+32
1.440372e+14 7.351037e+32
1.451538e+14 7.481806e+32
1.462789e+14 7.614902e+32
1.474129e+14 7.750366e+32
1.485556e+14 7.888239e+32
1.497071e+14 8.028565e+32
1.508676e+14 8.171388e+32
1.520371e+14 8.316751e+32
1.532156e+14 8.464700e+32
1.544033e+14 8.615281e+32
1.556002e+14 8.768540e+32
1.568063e+14 8.924526e+32
1.580219e+14 9.083287e+32
1.592468e+14 9.244872e+32
1.604812e+14 9.409332e+32
1.617252e+14 9.576717e+32
1.629789e+14 9.747080e+32
1.642422e+14 9.920473e+32
1.655154e+14 1.009695e+33
1.667984e+14 1.027657e+33
1.680914e+14 1.045938e+33
1.693944e+14 1.064545e+33
1.707075e+14 1.083482e+33
1.720307e+14 1.102756e+33
1.733643e+14 1.122374e+33
1.747081e+14 1.142340e+33
1.760624e+14 1.162661e+33
1.774272e+14 1.183344e+33
1.788026e+14 1.204395e+33
1.801886e+14 1.225820e+33
1.815854e+14 1.247627e+33
1.829929e+14 1.269821e+33
1.844114e+14 1.292410e+33
1.858409e+14 1.315401e+33
1.872815e+14 1.338801e+33
1.887333e+14 1.362618e+33
1.901963e+14 1.386858e+33
1.916706e+14 1.411529e+33
1.931564e+14 1.436639e+33
1.946537e+14 1.462196e+33
1.961626e+14 1.488207e+33
1.976832e+14 1.514681e+33
1.992155e+14 1.541626e+33
2.007598e+14 1.569051e+33
2.023160e+14 1.596963e+33
2.038843e+14 1.625372e+33
2.054648e+14 1.654286e+33
2.070575e+14 1.683715e+33
2.086625e+14 1.713667e+33
2.102800e+14 1.744152e+33
2.119100e+14 1.775179e+33
2.135527e+14 1.806758e+33
2.152081e+14 1.838899e+33
2.168763e+14 1.871612e+33
2.185575e+14 1.904906e+33
2.202517e+14 1.938793e+33
2.219590e+14 1.973283e+33
2.236795e+14 2.008386e+33
2.254134e+14 2.044114e+33
2.271608e+14 2.080477e+33
2.289217e+14 2.117487e+33
2.306962e+14 2.155156e+33
2.324845e+14 2.193495e+33
2.342866e+14 2.232515e+33
2.361027e+14 2.272230e+33
2.379329e+14 2.312651e+33
2.397773e+14 2.353792e+33
2.416360e+14 2.395664e+33
2.435091e+14 2.438281e+33
2.453967e+14 2.481656e+33
2.472989e+14 2.525803e+33
2.492159e+14 2.570735e+33
2.511478e+14 2.616467e+33
2.530946e+14 2.663012e+33
2.550565e+14 2.710385e+33
2.570336e+14 2.758601e+33
2.590260e+14 2.807674e+33
2.610339e+14 2.857621e+33
2.630574e+14 2.908456e+33
2.650965e+14 2.960195e+33
2.671515e+14 3.012855e+33
2.692224e+14 3.066451e+33
2.713093e+14 3.121001e+33
2.734124e+14 3.176522e+33
2.755318e+14 3.233030e+33
2.776676e+14 3.290543e+33
2.798200e+14 3.349079e+33
2.819891e+14 3.408657e+33
2.841750e+14 3.469295e+33
2.863778e+14 3.531011e+33
2.885977e+14 3.593825e+33
2.908349e+14 3.657757e+33
2.930893e+14 3.722825e+33
