# epsilon [g/cm^3]   P [dyn/cm^2]
1.364583e+14 6.532136e+32
1.375161e+14 6.660271e+32
1.385821e+14 6.790918e+32
1.396563e+14 6.924129e+32
1.407389e+14 7.059953e+32
1.418299e+14 7.198440e+32
1.429293e+14 7.339645e+32
1.440372e+14 7.483619e+32
1.451538e+14 7.630418e+32
1.462789e+14 7.780096e+32
1.474129e+14 7.932710e+32
1.485556e+14 8.088318e+32
1.497071e+14 8.246978e+32
1.508676e+14 8.408751e+32
1.520371e+14 8.573697e+32
1.532156e+14 8.741878e+32
1.544033e+14 8.913359e+32
1.556002e+14 9.088203e+32
1.568063e+14 9.266477e+32
1.580219e+14 9.448248e+32
1.592468e+14 9.633585e+32
1.604812e+14 9.822557e+32
1.617252e+14 1.001524e+33
1.629789e+14 1.021169e+33
1.642422e+14 1.041201e+33
1.655154e+14 1.061625e+33
1.667984e+14 1.082450e+33
1.680914e+14 1.103683e+33
1.693944e+14 1.125333e+33
1.707075e+14 1.147407e+33
1.720307e+14 1.169915e+33
1.733643e+14 1.192864e+33
1.747081e+14 1.216263e+33
1.760624e+14 1.240121e+33
1.774272e+14 1.264447e+33
1.788026e+14 1.289251e+33
1.801886e+14 1.314541e+33
1.815854e+14 1.340327e+33
1.829929e+14 1.366619e+33
1.844114e+14 1.393426e+33
1.858409e+14 1.420760e+33
1.872815e+14 1.448629e+33
1.887333e+14 1.477045e+33
1.901963e+14 1.506019e+33
1.916706e+14 1.535561e+33
1.931564e+14 1.565683e+33
1.946537e+14 1.596395e+33
1.961626e+14 1.627710e+33
1.976832e+14 1.659639e+33
1.992155e+14 1.692195e+33
2.007598e+14 1.725389e+33
2.023160e+14 1.759234e+33
2.038843e+14 1.793743e+33
2.054648e+14 1.828929e+33
2.070575e+14 1.864805e+33
2.086625e+14 1.901385e+33
2.102800e+14 1.938683e+33
2.119100e+14 1.976712e+33
2.135527e+14 2.015487e+33
2.152081e+14 2.055023e+33
2.168763e+14 2.095334e+33
2.185575e+14 2.136436e+33
2.202517e+14 2.178344e+33
2.219590e+14 2.221075e+33
2.236795e+14 2.264643e+33
2.254134e+14 2.309067e+33
2.271608e+14 2.354361e+33
2.289217e+14 2.400544e+33
2.306962e+14 2.447633e+33
2.324845e+14 2.495646e+33
2.342866e+14 2.544601e+33
2.361027e+14 2.594515e+33
2.379329e+14 2.645409e+33
2.397773e+14 2.697302e+33
2.416360e+14 2.750212e+33
2.435091e+14 2.804160e+33
2.453967e+14 2.859166e+33
2.472989e+14 2.915252e+33
2.492159e+14 2.972437e+33
2.511478e+14 3.030745e+33
2.530946e+14 3.090196e+33
2.550565e+14 3.150813e+33
2.570336e+14 3.212619e+33
2.590260e+14 3.275638e+33
2.610339e+14 3.339893e+33
2.630574e+14 3.405408e+33
2.650965e+14 3.472208e+33
2.671515e+14 3.540319e+33
2.692224e+14 3.609766e+33
2.713093e+14 3.680575e+33
2.734124e+14 3.752773e+33
2.755318e+14 3.826387e+33
2.776676e+14 3.901446e+33
2.798200e+14 3.977976e+33
2.819891e+14 4.056008e+33
2.841750e+14 4.135571e+33
2.863778e+14 4.216694e+33
2.885977e+14 4.299409e+33
2.908349e+14 4.383746e+33
2.930893e+14 4.469737e+33
