# epsilon [g/cm^3]   P [dyn/cm^2]
1.364583e+14 6.512566e+32
1.375161e+14 6.633608e+32
1.385821e+14 6.756899e+32
1.396563e+14 6.882482e+32
1.407389e+14 7.010399e+32
1.418299e+14 7.140694e+32
1.429293e+14 7.273410e+32
1.440372e+14 7.408592e+32
1.451538e+14 7.546288e+32
1.462789e+14 7.686542e+32
1.474129e+14 7.829403e+32
1.485556e+14 7.974920e+32
1.497071e+14 8.123140e+32
1.508676e+14 8.274116e+32
1.520371e+14 8.427898e+32
1.532156e+14 8.584538e+32
1.544033e+14 8.744089e+32
1.556002e+14 8.906606e+32
1.568063e+14 9.072143e+32
1.580219e+14 9.240757e+32
1.592468e+14 9.412504e+32
1.604812e+14 9.587444e+32
1.617252e+14 9.765635e+32
1.629789e+14 9.947138e+32
1.642422e+14 1.013201e+33
1.655154e+14 1.032033e+33
1.667984e+14 1.051214e+33
1.680914e+14 1.070752e+33
1.693944e+14 1.090652e+33
1.707075e+14 1.110923e+33
1.720307e+14 1.131571e+33
1.733643e+14 1.152602e+33
1.747081e+14 1.174024e+33
1.760624e+14 1.195844e+33
1.774272e+14 1.218070e+33
1.788026e+14 1.240709e+33
1.801886e+14 1.263769e+33
1.815854e+14 1.287257e+33
1.829929e+14 1.311182e+33
1.844114e+14 1.335551e+33
1.858409e+14 1.360374e+33
1.872815e+14 1.385657e+33
1.887333e+14 1.411411e+33
1.901963e+14 1.437643e+33
1.916706e+14 1.464363e+33
1.931564e+14 1.491580e+33
1.946537e+14 1.519302e+33
1.961626e+14 1.547540e+33
1.976832e+14 1.576302e+33
1.992155e+14 1.605599e+33
2.007598e+14 1.635440e+33
2.023160e+14 1.665837e+33
2.038843e+14 1.696798e+33
2.054648e+14 1.728334e+33
2.070575e+14 1.760457e+33
2.086625e+14 1.793176e+33
2.102800e+14 1.826504e+33
2.119100e+14 1.860451e+33
2.135527e+14 1.895029e+33
2.152081e+14 1.930250e+33
2.168763e+14 1.966126e+33
2.185575e+14 2.002668e+33
2.202517e+14 2.039889e+33
2.219590e+14 2.077802e+33
2.236795e+14 2.116420e+33
2.254134e+14 2.155756e+33
2.271608e+14 2.195822e+33
2.289217e+14 2.236633e+33
2.306962e+14 2.278203e+33
2.324845e+14 2.320546e+33
2.342866e+14 2.363675e+33
2.361027e+14 2.407606e+33
2.379329e+14 2.452354e+33
2.397773e+14 2.497933e+33
2.416360e+14 2.544359e+33
2.435091e+14 2.591648e+33
2.453967e+14 2.639816e+33
2.472989e+14 2.688880e+33
2.492159e+14 2.738855e+33
2.511478e+14 2.789759e+33
2.530946e+14 2.841609e+33
2.550565e+14 2.894423e+33
2.570336e+14 2.948218e+33
2.590260e+14 3.003013e+33
2.610339e+14 3.058827e+33
2.630574e+14 3.115678e+33
2.650965e+14 3.173586e+33
2.671515e+14 3.232569e+33
2.692224e+14 3.292650e+33
2.713093e+14 3.353846e+33
2.734124e+14 3.416181e+33
2.755318e+14 3.479673e+33
2.776676e+14 3.544346e+33
2.798200e+14 3.610221e+33
2.819891e+14 3.677320e+33
2.841750e+14 3.745666e+33
2.863778e+14 3.815283e+33
2.885977e+14 3.886193e+33
2.908349e+14 3.958421e+33
2.930893e+14 4.031992e+33
