# epsilon [g/cm^3]   P [dyn/cm^2]
1.364583e+14 6.527792e+32
1.375161e+14 6.654350e+32
1.385821e+14 6.783361e+32
1.396563e+14 6.914873e+32
1.407389e+14 7.048935e+32
1.418299e+14 7.185597e+32
1.429293e+14 7.324907e+32
1.440372e+14 7.466919e+32
1.451538e+14 7.611684e+32
1.462789e+14 7.759255e+32
1.474129e+14 7.909688e+32
1.485556e+14 8.063037e+32
1.497071e+14 8.219359e+32
1.508676e+14 8.378712e+32
1.520371e+14 8.541154e+32
1.532156e+14 8.706746e+32
1.544033e+14 8.875548e+32
1.556002e+14 9.047622e+32
1.568063e+14 9.223033e+32
1.580219e+14 9.401845e+32
1.592468e+14 9.584123e+32
1.604812e+14 9.769935e+32
1.617252e+14 9.959350e+32
1.629789e+14 1.015244e+33
1.642422e+14 1.034927e+33
1.655154e+14 1.054991e+33
1.667984e+14 1.075445e+33
1.680914e+14 1.096295e+33
1.693944e+14 1.117550e+33
1.707075e+14 1.139216e+33
1.720307e+14 1.161303e+33
1.733643e+14 1.183817e+33
1.747081e+14 1.206769e+33
1.760624e+14 1.230165e+33
1.774272e+14 1.254015e+33
1.788026e+14 1.278327e+33
1.801886e+14 1.303110e+33
1.815854e+14 1.328374e+33
1.829929e+14 1.354128e+33
1.844114e+14 1.380381e+33
1.858409e+14 1.407144e+33
1.872815e+14 1.434425e+33
1.887333e+14 1.462235e+33
1.901963e+14 1.490584e+33
1.916706e+14 1.519482e+33
1.931564e+14 1.548941e+33
1.946537e+14 1.578971e+33
1.961626e+14 1.609584e+33
1.976832e+14 1.640789e+33
1.992155e+14 1.672600e+33
2.007598e+14 1.705028e+33
2.023160e+14 1.738084e+33
2.038843e+14 1.771781e+33
2.054648e+14 1.806131e+33
2.070575e+14 1.841148e+33
2.086625e+14 1.876843e+33
2.102800e+14 1.913230e+33
2.119100e+14 1.950323e+33
2.135527e+14 1.988135e+33
2.152081e+14 2.026680e+33
2.168763e+14 2.065972e+33
2.185575e+14 2.106026e+33
2.202517e+14 2.146857e+33
2.219590e+14 2.188479e+33
2.236795e+14 2.230908e+33
2.254134e+14 2.274160e+33
2.271608e+14 2.318250e+33
2.289217e+14 2.363195e+33
2.306962e+14 2.409012e+33
2.324845e+14 2.455716e+33
2.342866e+14 2.503327e+33
2.361027e+14 2.551860e+33
2.379329e+14 2.601334e+33
2.397773e+14 2.651767e+33
2.416360e+14 2.703178e+33
2.435091e+14 2.755586e+33
2.453967e+14 2.809010e+33
2.472989e+14 2.863470e+33
2.492159e+14 2.918985e+33
2.511478e+14 2.975577e+33
2.530946e+14 3.033266e+33
2.550565e+14 3.092074e+33
2.570336e+14 3.152021e+33
2.590260e+14 3.213131e+33
2.610339e+14 3.275426e+33
2.630574e+14 3.338928e+33
2.650965e+14 3.403661e+33
2.671515e+14 3.469650e+33
2.692224e+14 3.536918e+33
2.713093e+14 3.605490e+33
2.734124e+14 3.675391e+33
2.755318e+14 3.746648e+33
2.776676e+14 3.819286e+33
2.798200e+14 3.893332e+33
2.819891e+14 3.968814e+33
2.841750e+14 4.045760e+33
2.863778e+14 4.124197e+33
2.885977e+14 4.204155e+33
2.908349e+14 4.285663e+33
2.930893e+14 4.368751e+33
