# epsilon [g/cm^3]   P [dyn/cm^2]
1.364583e+14 6.474356e+32
1.375161e+14 6.581628e+32
1.385821e+14 6.690678e+32
1.396563e+14 6.801534e+32
1.407389e+14 6.914227e+32
1.418299e+14 7.028787e+32
1.429293e+14 7.145245e+32
1.440372e+14 7.263633e+32
1.451538e+14 7.383982e+32
1.462789e+14 7.506325e+32
1.474129e+14 7.630696e+32
1.485556e+14 7.757127e+32
1.497071e+14 7.885653e+32
1.508676e+14 8.016308e+32
1.520371e+14 8.149128e+32
1.532156e+14 8.284149e+32
1.544033e+14 8.421407e+32
1.556002e+14 8.560939e+32
1.568063e+14 8.702783e+32
1.580219e+14 8.846978e+32
1.592468e+14 8.993561e+32
1.604812e+14 9.142573e+32
1.617252e+14 9.294054e+32
1.629789e+14 9.448045e+32
1.642422e+14 9.604587e+32
1.655154e+14 9.763723e+32
1.667984e+14 9.925496e+32
1.680914e+14 1.008995e+33
1.693944e+14 1.025713e+33
1.707075e+14 1.042707e+33
1.720307e+14 1.059984e+33
1.733643e+14 1.077546e+33
1.747081e+14 1.095400e+33
1.760624e+14 1.113549e+33
1.774272e+14 1.132000e+33
1.788026e+14 1.150755e+33
1.801886e+14 1.169822e+33
1.815854e+14 1.189204e+33
1.829929e+14 1.208908e+33
1.844114e+14 1.228938e+33
1.858409e+14 1.249300e+33
1.872815e+14 1.269999e+33
1.887333e+14 1.291042e+33
1.901963e+14 1.312433e+33
1.916706e+14 1.334178e+33
1.931564e+14 1.356284e+33
1.946537e+14 1.378756e+33
1.961626e+14 1.401600e+33
1.976832e+14 1.424823e+33
1.992155e+14 1.448430e+33
2.007598e+14 1.472429e+33
2.023160e+14 1.496825e+33
2.038843e+14 1.521626e+33
2.054648e+14 1.546837e+33
2.070575e+14 1.572466e+33
2.086625e+14 1.598520e+33
2.102800e+14 1.625006e+33
2.119100e+14 1.651930e+33
2.135527e+14 1.679300e+33
2.152081e+14 1.707124e+33
2.168763e+14 1.735409e+33
2.185575e+14 1.764163e+33
2.202517e+14 1.793393e+33
2.219590e+14 1.823107e+33
2.236795e+14 1.853314e+33
2.254134e+14 1.884021e+33
2.271608e+14 1.915236e+33
2.289217e+14 1.946970e+33
2.306962e+14 1.979228e+33
2.324845e+14 2.012022e+33
2.342866e+14 2.045358e+33
2.361027e+14 2.079247e+33
2.379329e+14 2.113698e+33
2.397773e+14 2.148719e+33
2.416360e+14 2.184321e+33
2.435091e+14 2.220512e+33
2.453967e+14 2.257303e+33
2.472989e+14 2.294704e+33
2.492159e+14 2.332725e+33
2.511478e+14 2.371375e+33
2.530946e+14 2.410666e+33
2.550565e+14 2.450607e+33
2.570336e+14 2.491211e+33
2.590260e+14 2.532487e+33
2.610339e+14 2.574447e+33
2.630574e+14 2.617103e+33
2.650965e+14 2.660465e+33
2.671515e+14 2.704545e+33
2.692224e+14 2.749356e+33
2.713093e+14 2.794910e+33
2.734124e+14 2.841218e+33
2.755318e+14 2.888293e+33
2.776676e+14 2.936149e+33
2.798200e+14 2.984797e+33
2.819891e+14 3.034251e+33
2.841750e+14 3.084525e+33
2.863778e+14 3.135632e+33
2.885977e+14 3.187585e+33
2.908349e+14 3.240399e+33
2.930893e+14 3.294089e+33
