# epsilon [g/cm^3]   P [dyn/cm^2]
1.364583e+14 6.572441e+32
1.375161e+14 6.715267e+32
1.385821e+14 6.861197e+32
1.396563e+14 7.010298e+32
1.407389e+14 7.162639e+32
1.418299e+14 7.318291e+32
1.429293e+14 7.477325e+32
1.440372e+14 7.639815e+32
1.451538e+14 7.805836e+32
1.462789e+14 7.975465e+32
1.474129e+14 8.148780e+32
1.485556e+14 8.325861e+32
1.497071e+14 8.506791e+32
1.508676e+14 8.691652e+32
1.520371e+14 8.880531e+32
1.532156e+14 9.073514e+32
1.544033e+14 9.270691e+32
1.556002e+14 9.472152e+32
1.568063e+14 9.677992e+32
1.580219e+14 9.888305e+32
1.592468e+14 1.010319e+33
1.604812e+14 1.032274e+33
1.617252e+14 1.054706e+33
1.629789e+14 1.077626e+33
1.642422e+14 1.101044e+33
1.655154e+14 1.124971e+33
1.667984e+14 1.149418e+33
1.680914e+14 1.174396e+33
1.693944e+14 1.199917e+33
1.707075e+14 1.225992e+33
1.720307e+14 1.252634e+33
1.733643e+14 1.279855e+33
1.747081e+14 1.307668e+33
1.760624e+14 1.336085e+33
1.774272e+14 1.365119e+33
1.788026e+14 1.394785e+33
1.801886e+14 1.425095e+33
1.815854e+14 1.456064e+33
1.829929e+14 1.487705e+33
1.844114e+14 1.520035e+33
1.858409e+14 1.553067e+33
1.872815e+14 1.586817e+33
1.887333e+14 1.621300e+33
1.901963e+14 1.656532e+33
1.916706e+14 1.692530e+33
1.931564e+14 1.729311e+33
1.946537e+14 1.766891e+33
1.961626e+14 1.805287e+33
1.976832e+14 1.844518e+33
1.992155e+14 1.884601e+33
2.007598e+14 1.925555e+33
2.023160e+14 1.967400e+33
2.038843e+14 2.010153e+33
2.054648e+14 2.053836e+33
2.070575e+14 2.098468e+33
2.086625e+14 2.144070e+33
2.102800e+14 2.190663e+33
2.119100e+14 2.238268e+33
2.135527e+14 2.286908e+33
2.152081e+14 2.336605e+33
2.168763e+14 2.387382e+33
2.185575e+14 2.439262e+33
2.202517e+14 2.492269e+33
2.219590e+14 2.546429e+33
2.236795e+14 2.601766e+33
2.254134e+14 2.658305e+33
2.271608e+14 2.716072e+33
2.289217e+14 2.775095e+33
2.306962e+14 2.835401e+33
2.324845e+14 2.897017e+33
2.342866e+14 2.959973e+33
2.361027e+14 3.024296e+33
2.379329e+14 3.090017e+33
2.397773e+14 3.157166e+33
2.416360e+14 3.225775e+33
2.435091e+14 3.295874e+33
2.453967e+14 3.367497e+33
2.472989e+14 3.440676e+33
2.492159e+14 3.515445e+33
2.511478e+14 3.591840e+33
2.530946e+14 3.669894e+33
2.550565e+14 3.749645e+33
2.570336e+14 3.831128e+33
2.590260e+14 3.914383e+33
2.610339e+14 3.999446e+33
2.630574e+14 4.086358e+33
2.650965e+14 4.175159e+33
2.671515e+14 4.265890e+33
2.692224e+14 4.358592e+33
2.713093e+14 4.453309e+33
2.734124e+14 4.550084e+33
2.755318e+14 4.648962e+33
2.776676e+14 4.749988e+33
2.798200e+14 4.853211e+33
2.819891e+14 4.958676e+33
2.841750e+14 5.066433e+33
2.863778e+14 5.176532e+33
2.885977e+14 5.289023e+33
2.908349e+14 5.403959e+33
2.930893e+14 5.521393e+33
