# epsilon [g/cm^3]   P [dyn/cm^2]
1.364583e+14 6.483248e+32
1.375161e+14 6.593715e+32
1.385821e+14 6.706065e+32
1.396563e+14 6.820328e+32
1.407389e+14 6.936539e+32
1.418299e+14 7.054730e+32
1.429293e+14 7.174934e+32
1.440372e+14 7.297187e+32
1.451538e+14 7.421523e+32
1.462789e+14 7.547977e+32
1.474129e+14 7.676586e+32
1.485556e+14 7.807386e+32
1.497071e+14 7.940415e+32
1.508676e+14 8.075711e+32
1.520371e+14 8.213312e+32
1.532156e+14 8.353257e+32
1.544033e+14 8.495587e+32
1.556002e+14 8.640342e+32
1.568063e+14 8.787564e+32
1.580219e+14 8.937294e+32
1.592468e+14 9.089575e+32
1.604812e+14 9.244451e+32
1.617252e+14 9.401966e+32
1.629789e+14 9.562165e+32
1.642422e+14 9.725093e+32
1.655154e+14 9.890798e+32
1.667984e+14 1.005933e+33
1.680914e+14 1.023073e+33
1.693944e+14 1.040505e+33
1.707075e+14 1.058234e+33
1.720307e+14 1.076265e+33
1.733643e+14 1.094603e+33
1.747081e+14 1.113254e+33
1.760624e+14 1.132222e+33
1.774272e+14 1.151514e+33
1.788026e+14 1.171135e+33
1.801886e+14 1.191089e+33
1.815854e+14 1.211384e+33
1.829929e+14 1.232025e+33
1.844114e+14 1.253017e+33
1.858409e+14 1.274367e+33
1.872815e+14 1.296081e+33
1.887333e+14 1.318165e+33
1.901963e+14 1.340625e+33
1.916706e+14 1.363467e+33
1.931564e+14 1.386699e+33
1.946537e+14 1.410327e+33
1.961626e+14 1.434357e+33
1.976832e+14 1.458797e+33
1.992155e+14 1.483653e+33
2.007598e+14 1.508933e+33
2.023160e+14 1.534644e+33
2.038843e+14 1.560792e+33
2.054648e+14 1.587386e+33
2.070575e+14 1.614434e+33
2.086625e+14 1.641942e+33
2.102800e+14 1.669919e+33
2.119100e+14 1.698372e+33
2.135527e+14 1.727310e+33
2.152081e+14 1.756742e+33
2.168763e+14 1.786675e+33
2.185575e+14 1.817118e+33
2.202517e+14 1.848079e+33
2.219590e+14 1.879568e+33
2.236795e+14 1.911594e+33
2.254134e+14 1.944165e+33
2.271608e+14 1.977292e+33
2.289217e+14 2.010983e+33
2.306962e+14 2.045247e+33
2.324845e+14 2.080096e+33
2.342866e+14 2.115539e+33
2.361027e+14 2.151585e+33
2.379329e+14 2.188246e+33
2.397773e+14 2.225531e+33
2.416360e+14 2.263451e+33
2.435091e+14 2.302018e+33
2.453967e+14 2.341242e+33
2.472989e+14 2.381134e+33
2.492159e+14 2.421706e+33
2.511478e+14 2.462969e+33
2.530946e+14 2.504935e+33
2.550565e+14 2.547616e+33
2.570336e+14 2.591025e+33
2.590260e+14 2.635173e+33
2.610339e+14 2.680073e+33
2.630574e+14 2.725738e+33
2.650965e+14 2.772182e+33
2.671515e+14 2.819417e+33
2.692224e+14 2.867456e+33
2.713093e+14 2.916315e+33
2.734124e+14 2.966005e+33
2.755318e+14 3.016543e+33
2.776676e+14 3.067941e+33
2.798200e+14 3.120215e+33
2.819891e+14 3.173380e+33
2.841750e+14 3.227451e+33
2.863778e+14 3.282443e+33
2.885977e+14 3.338372e+33
2.908349e+14 3.395254e+33
2.930893e+14 3.453105e+33
