# epsilon [g/cm^3]   P [dyn/cm^2]
1.364583e+14 6.480922e+32
1.375161e+14 6.590553e+32
1.385821e+14 6.702039e+32
1.396563e+14 6.815410e+32
1.407389e+14 6.930699e+32
1.418299e+14 7.047938e+32
1.429293e+14 7.167161e+32
1.440372e+14 7.288400e+32
1.451538e+14 7.411690e+32
1.462789e+14 7.537066e+32
1.474129e+14 7.664562e+32
1.485556e+14 7.794216e+32
1.497071e+14 7.926062e+32
1.508676e+14 8.060139e+32
1.520371e+14 8.196484e+32
1.532156e+14 8.335135e+32
1.544033e+14 8.476132e+32
1.556002e+14 8.619513e+32
1.568063e+14 8.765320e+32
1.580219e+14 8.913594e+32
1.592468e+14 9.064376e+32
1.604812e+14 9.217708e+32
1.617252e+14 9.373635e+32
1.629789e+14 9.532198e+32
1.642422e+14 9.693444e+32
1.655154e+14 9.857418e+32
1.667984e+14 1.002417e+33
1.680914e+14 1.019373e+33
1.693944e+14 1.036617e+33
1.707075e+14 1.054152e+33
1.720307e+14 1.071984e+33
1.733643e+14 1.090118e+33
1.747081e+14 1.108558e+33
1.760624e+14 1.127311e+33
1.774272e+14 1.146380e+33
1.788026e+14 1.165772e+33
1.801886e+14 1.185492e+33
1.815854e+14 1.205546e+33
1.829929e+14 1.225939e+33
1.844114e+14 1.246677e+33
1.858409e+14 1.267766e+33
1.872815e+14 1.289211e+33
1.887333e+14 1.311019e+33
1.901963e+14 1.333196e+33
1.916706e+14 1.355749e+33
1.931564e+14 1.378683e+33
1.946537e+14 1.402004e+33
1.961626e+14 1.425720e+33
1.976832e+14 1.449838e+33
1.992155e+14 1.474363e+33
2.007598e+14 1.499303e+33
2.023160e+14 1.524666e+33
2.038843e+14 1.550457e+33
2.054648e+14 1.576684e+33
2.070575e+14 1.603355e+33
2.086625e+14 1.630478e+33
2.102800e+14 1.658059e+33
2.119100e+14 1.686106e+33
2.135527e+14 1.714628e+33
2.152081e+14 1.743633e+33
2.168763e+14 1.773128e+33
2.185575e+14 1.803122e+33
2.202517e+14 1.833624e+33
2.219590e+14 1.864641e+33
2.236795e+14 1.896183e+33
2.254134e+14 1.928259e+33
2.271608e+14 1.960877e+33
2.289217e+14 1.994047e+33
2.306962e+14 2.027779e+33
2.324845e+14 2.062080e+33
2.342866e+14 2.096962e+33
2.361027e+14 2.132434e+33
2.379329e+14 2.168507e+33
2.397773e+14 2.205189e+33
2.416360e+14 2.242492e+33
2.435091e+14 2.280426e+33
2.453967e+14 2.319001e+33
2.472989e+14 2.358229e+33
2.492159e+14 2.398121e+33
2.511478e+14 2.438687e+33
2.530946e+14 2.479940e+33
2.550565e+14 2.521891e+33
2.570336e+14 2.564551e+33
2.590260e+14 2.607932e+33
2.610339e+14 2.652048e+33
2.630574e+14 2.696910e+33
2.650965e+14 2.742531e+33
2.671515e+14 2.788923e+33
2.692224e+14 2.836101e+33
2.713093e+14 2.884076e+33
2.734124e+14 2.932863e+33
2.755318e+14 2.982475e+33
2.776676e+14 3.032926e+33
2.798200e+14 3.084231e+33
2.819891e+14 3.136404e+33
2.841750e+14 3.189459e+33
2.863778e+14 3.243412e+33
2.885977e+14 3.298277e+33
2.908349e+14 3.354070e+33
2.930893e+14 3.410808e+33
