# epsilon [g/cm^3]   P [dyn/cm^2]
1.364583e+14 6.520843e+32
1.375161e+14 6.644881e+32
1.385821e+14 6.771279e+32
1.396563e+14 6.900081e+32
1.407389e+14 7.031333e+32
1.418299e+14 7.165081e+32
1.429293e+14 7.301374e+32
1.440372e+14 7.440259e+32
1.451538e+14 7.581786e+32
1.462789e+14 7.726005e+32
1.474129e+14 7.872968e+32
1.485556e+14 8.022726e+32
1.497071e+14 8.175333e+32
1.508676e+14 8.330842e+32
1.520371e+14 8.489310e+32
1.532156e+14 8.650792e+32
1.544033e+14 8.815345e+32
1.556002e+14 8.983029e+32
1.568063e+14 9.153902e+32
1.580219e+14 9.328026e+32
1.592468e+14 9.505462e+32
1.604812e+14 9.686273e+32
1.617252e+14 9.870523e+32
1.629789e+14 1.005828e+33
1.642422e+14 1.024960e+33
1.655154e+14 1.044457e+33
1.667984e+14 1.064324e+33
1.680914e+14 1.084570e+33
1.693944e+14 1.105200e+33
1.707075e+14 1.126223e+33
1.720307e+14 1.147646e+33
1.733643e+14 1.169476e+33
1.747081e+14 1.191722e+33
1.760624e+14 1.214391e+33
1.774272e+14 1.237490e+33
1.788026e+14 1.261030e+33
1.801886e+14 1.285017e+33
1.815854e+14 1.309460e+33
1.829929e+14 1.334368e+33
1.844114e+14 1.359750e+33
1.858409e+14 1.385615e+33
1.872815e+14 1.411972e+33
1.887333e+14 1.438830e+33
1.901963e+14 1.466200e+33
1.916706e+14 1.494089e+33
1.931564e+14 1.522510e+33
1.946537e+14 1.551471e+33
1.961626e+14 1.580982e+33
1.976832e+14 1.611055e+33
1.992155e+14 1.641701e+33
2.007598e+14 1.672929e+33
2.023160e+14 1.704751e+33
2.038843e+14 1.737178e+33
2.054648e+14 1.770222e+33
2.070575e+14 1.803895e+33
2.086625e+14 1.838209e+33
2.102800e+14 1.873175e+33
2.119100e+14 1.908806e+33
2.135527e+14 1.945115e+33
2.152081e+14 1.982114e+33
2.168763e+14 2.019818e+33
2.185575e+14 2.058238e+33
2.202517e+14 2.097390e+33
2.219590e+14 2.137286e+33
2.236795e+14 2.177941e+33
2.254134e+14 2.219369e+33
2.271608e+14 2.261585e+33
2.289217e+14 2.304605e+33
2.306962e+14 2.348443e+33
2.324845e+14 2.393114e+33
2.342866e+14 2.438636e+33
2.361027e+14 2.485023e+33
2.379329e+14 2.532292e+33
2.397773e+14 2.580461e+33
2.416360e+14 2.629546e+33
2.435091e+14 2.679565e+33
2.453967e+14 2.730535e+33
2.472989e+14 2.782475e+33
2.492159e+14 2.835402e+33
2.511478e+14 2.889337e+33
2.530946e+14 2.944297e+33
2.550565e+14 3.000303e+33
2.570336e+14 3.057374e+33
2.590260e+14 3.115531e+33
2.610339e+14 3.174794e+33
2.630574e+14 3.235184e+33
2.650965e+14 3.296723e+33
2.671515e+14 3.359433e+33
2.692224e+14 3.423335e+33
2.713093e+14 3.488453e+33
2.734124e+14 3.554810e+33
2.755318e+14 3.622429e+33
2.776676e+14 3.691334e+33
2.798200e+14 3.761550e+33
2.819891e+14 3.833101e+33
2.841750e+14 3.906013e+33
2.863778e+14 3.980313e+33
2.885977e+14 4.056026e+33
2.908349e+14 4.133178e+33
2.930893e+14 4.211799e+33
