# epsilon [g/cm^3]   P [dyn/cm^2]
1.364583e+14 6.630065e+32
1.375161e+14 6.794093e+32
1.385821e+14 6.962179e+32
1.396563e+14 7.134424e+32
1.407389e+14 7.310930e+32
1.418299e+14 7.491802e+32
1.429293e+14 7.677150e+32
1.440372e+14 7.867083e+32
1.451538e+14 8.061715e+32
1.462789e+14 8.261162e+32
1.474129e+14 8.465543e+32
1.485556e+14 8.674981e+32
1.497071e+14 8.889600e+32
1.508676e+14 9.109529e+32
1.520371e+14 9.334899e+32
1.532156e+14 9.565845e+32
1.544033e+14 9.802504e+32
1.556002e+14 1.004502e+33
1.568063e+14 1.029353e+33
1.580219e+14 1.054819e+33
1.592468e+14 1.080916e+33
1.604812e+14 1.107658e+33
1.617252e+14 1.135061e+33
1.629789e+14 1.163143e+33
1.642422e+14 1.191919e+33
1.655154e+14 1.221407e+33
1.667984e+14 1.251624e+33
1.680914e+14 1.282590e+33
1.693944e+14 1.314321e+33
1.707075e+14 1.346837e+33
1.720307e+14 1.380158e+33
1.733643e+14 1.414303e+33
1.747081e+14 1.449293e+33
1.760624e+14 1.485149e+33
1.774272e+14 1.521891e+33
1.788026e+14 1.559543e+33
1.801886e+14 1.598126e+33
1.815854e+14 1.637664e+33
1.829929e+14 1.678180e+33
1.844114e+14 1.719698e+33
1.858409e+14 1.762243e+33
1.872815e+14 1.805841e+33
1.887333e+14 1.850518e+33
1.901963e+14 1.896300e+33
1.916706e+14 1.943214e+33
1.931564e+14 1.991289e+33
1.946537e+14 2.040554e+33
1.961626e+14 2.091037e+33
1.976832e+14 2.142770e+33
1.992155e+14 2.195782e+33
2.007598e+14 2.250105e+33
2.023160e+14 2.305773e+33
2.038843e+14 2.362818e+33
2.054648e+14 2.421274e+33
2.070575e+14 2.481177e+33
2.086625e+14 2.542561e+33
2.102800e+14 2.605464e+33
2.119100e+14 2.669923e+33
2.135527e+14 2.735977e+33
2.152081e+14 2.803665e+33
2.168763e+14 2.873028e+33
2.185575e+14 2.944107e+33
2.202517e+14 3.016944e+33
2.219590e+14 3.091584e+33
2.236795e+14 3.168069e+33
2.254134e+14 3.246448e+33
2.271608e+14 3.326765e+33
2.289217e+14 3.409069e+33
2.306962e+14 3.493410e+33
2.324845e+14 3.579837e+33
2.342866e+14 3.668402e+33
2.361027e+14 3.759158e+33
2.379329e+14 3.852160e+33
2.397773e+14 3.947462e+33
2.416360e+14 4.045123e+33
2.435091e+14 4.145199e+33
2.453967e+14 4.247752e+33
2.472989e+14 4.352841e+33
2.492159e+14 4.460531e+33
2.511478e+14 4.570884e+33
2.530946e+14 4.683968e+33
2.550565e+14 4.799850e+33
2.570336e+14 4.918598e+33
2.590260e+14 5.040284e+33
2.610339e+14 5.164981e+33
2.630574e+14 5.292763e+33
2.650965e+14 5.423706e+33
2.671515e+14 5.557888e+33
2.692224e+14 5.695391e+33
2.713093e+14 5.836295e+33
2.734124e+14 5.980685e+33
2.755318e+14 6.128647e+33
2.776676e+14 6.280270e+33
2.798200e+14 6.435644e+33
2.819891e+14 6.594862e+33
2.841750e+14 6.758020e+33
2.863778e+14 6.925213e+33
2.885977e+14 7.096543e+33
2.908349e+14 7.272112e+33
2.930893e+14 7.452024e+33
