# epsilon [g/cm^3]   P [dyn/cm^2]
1.364583e+14 6.463002e+32
1.375161e+14 6.566203e+32
1.385821e+14 6.671051e+32
1.396563e+14 6.777573e+32
1.407389e+14 6.885796e+32
1.418299e+14 6.995748e+32
1.429293e+14 7.107455e+32
1.440372e+14 7.220946e+32
1.451538e+14 7.336248e+32
1.462789e+14 7.453393e+32
1.474129e+14 7.572407e+32
1.485556e+14 7.693322e+32
1.497071e+14 7.816168e+32
1.508676e+14 7.940975e+32
1.520371e+14 8.067776e+32
1.532156e+14 8.196601e+32
1.544033e+14 8.327483e+32
1.556002e+14 8.460455e+32
1.568063e+14 8.595550e+32
1.580219e+14 8.732803e+32
1.592468e+14 8.872247e+32
1.604812e+14 9.013917e+32
1.617252e+14 9.157850e+32
1.629789e+14 9.304081e+32
1.642422e+14 9.452648e+32
1.655154e+14 9.603586e+32
1.667984e+14 9.756935e+32
1.680914e+14 9.912732e+32
1.693944e+14 1.007102e+33
1.707075e+14 1.023183e+33
1.720307e+14 1.039521e+33
1.733643e+14 1.056120e+33
1.747081e+14 1.072984e+33
1.760624e+14 1.090117e+33
1.774272e+14 1.107524e+33
1.788026e+14 1.125209e+33
1.801886e+14 1.143176e+33
1.815854e+14 1.161430e+33
1.829929e+14 1.179975e+33
1.844114e+14 1.198817e+33
1.858409e+14 1.217960e+33
1.872815e+14 1.237408e+33
1.887333e+14 1.257167e+33
1.901963e+14 1.277241e+33
1.916706e+14 1.297636e+33
1.931564e+14 1.318356e+33
1.946537e+14 1.339407e+33
1.961626e+14 1.360795e+33
1.976832e+14 1.382524e+33
1.992155e+14 1.404600e+33
2.007598e+14 1.427028e+33
2.023160e+14 1.449815e+33
2.038843e+14 1.472965e+33
2.054648e+14 1.496485e+33
2.070575e+14 1.520381e+33
2.086625e+14 1.544658e+33
2.102800e+14 1.569323e+33
2.119100e+14 1.594382e+33
2.135527e+14 1.619840e+33
2.152081e+14 1.645706e+33
2.168763e+14 1.671984e+33
2.185575e+14 1.698682e+33
2.202517e+14 1.725807e+33
2.219590e+14 1.753364e+33
2.236795e+14 1.781361e+33
2.254134e+14 1.809806e+33
2.271608e+14 1.838705e+33
2.289217e+14 1.868065e+33
2.306962e+14 1.897894e+33
2.324845e+14 1.928199e+33
2.342866e+14 1.958988e+33
2.361027e+14 1.990269e+33
2.379329e+14 2.022049e+33
2.397773e+14 2.054337e+33
2.416360e+14 2.087140e+33
2.435091e+14 2.120468e+33
2.453967e+14 2.154327e+33
2.472989e+14 2.188727e+33
2.492159e+14 2.223676e+33
2.511478e+14 2.259183e+33
2.530946e+14 2.295258e+33
2.550565e+14 2.331908e+33
2.570336e+14 2.369144e+33
2.590260e+14 2.406974e+33
2.610339e+14 2.445408e+33
2.630574e+14 2.484456e+33
2.650965e+14 2.524127e+33
2.671515e+14 2.564432e+33
2.692224e+14 2.605381e+33
2.713093e+14 2.646983e+33
2.734124e+14 2.689250e+33
2.755318e+14 2.732191e+33
2.776676e+14 2.775818e+33
2.798200e+14 2.820142e+33
2.819891e+14 2.865174e+33
2.841750e+14 2.910924e+33
2.863778e+14 2.957406e+33
2.885977e+14 3.004629e+33
2.908349e+14 3.052607e+33
2.930893e+14 3.101350e+33
