# epsilon [g/cm^3]   P [dyn/cm^2]
1.364583e+14 6.613130e+32
1.375161e+14 6.770903e+32
1.385821e+14 6.932440e+32
1.396563e+14 7.097831e+32
1.407389e+14 7.267167e+32
1.418299e+14 7.440544e+32
1.429293e+14 7.618057e+32
1.440372e+14 7.799804e+32
1.451538e+14 7.985888e+32
1.462789e+14 8.176412e+32
1.474129e+14 8.371481e+32
1.485556e+14 8.571203e+32
1.497071e+14 8.775691e+32
1.508676e+14 8.985057e+32
1.520371e+14 9.199418e+32
1.532156e+14 9.418893e+32
1.544033e+14 9.643605e+32
1.556002e+14 9.873677e+32
1.568063e+14 1.010924e+33
1.580219e+14 1.035042e+33
1.592468e+14 1.059736e+33
1.604812e+14 1.085018e+33
1.617252e+14 1.110904e+33
1.629789e+14 1.137407e+33
1.642422e+14 1.164543e+33
1.655154e+14 1.192326e+33
1.667984e+14 1.220772e+33
1.680914e+14 1.249897e+33
1.693944e+14 1.279716e+33
1.707075e+14 1.310247e+33
1.720307e+14 1.341506e+33
1.733643e+14 1.373511e+33
1.747081e+14 1.406280e+33
1.760624e+14 1.439830e+33
1.774272e+14 1.474181e+33
1.788026e+14 1.509351e+33
1.801886e+14 1.545361e+33
1.815854e+14 1.582229e+33
1.829929e+14 1.619977e+33
1.844114e+14 1.658626e+33
1.858409e+14 1.698196e+33
1.872815e+14 1.738711e+33
1.887333e+14 1.780192e+33
1.901963e+14 1.822663e+33
1.916706e+14 1.866148e+33
1.931564e+14 1.910669e+33
1.946537e+14 1.956253e+33
1.961626e+14 2.002924e+33
1.976832e+14 2.050709e+33
1.992155e+14 2.099634e+33
2.007598e+14 2.149726e+33
2.023160e+14 2.201013e+33
2.038843e+14 2.253524e+33
2.054648e+14 2.307287e+33
2.070575e+14 2.362333e+33
2.086625e+14 2.418693e+33
2.102800e+14 2.476397e+33
2.119100e+14 2.535478e+33
2.135527e+14 2.595968e+33
2.152081e+14 2.657901e+33
2.168763e+14 2.721312e+33
2.185575e+14 2.786236e+33
2.202517e+14 2.852708e+33
2.219590e+14 2.920767e+33
2.236795e+14 2.990449e+33
2.254134e+14 3.061794e+33
2.271608e+14 3.134841e+33
2.289217e+14 3.209630e+33
2.306962e+14 3.286204e+33
2.324845e+14 3.364605e+33
2.342866e+14 3.444876e+33
2.361027e+14 3.527062e+33
2.379329e+14 3.611209e+33
2.397773e+14 3.697363e+33
2.416360e+14 3.785573e+33
2.435091e+14 3.875887e+33
2.453967e+14 3.968356e+33
2.472989e+14 4.063032e+33
2.492159e+14 4.159965e+33
2.511478e+14 4.259212e+33
2.530946e+14 4.360826e+33
2.550565e+14 4.464864e+33
2.570336e+14 4.571385e+33
2.590260e+14 4.680447e+33
2.610339e+14 4.792111e+33
2.630574e+14 4.906439e+33
2.650965e+14 5.023494e+33
2.671515e+14 5.143342e+33
2.692224e+14 5.266049e+33
2.713093e+14 5.391684e+33
2.734124e+14 5.520316e+33
2.755318e+14 5.652017e+33
2.776676e+14 5.786860e+33
2.798200e+14 5.924921e+33
2.819891e+14 6.066274e+33
2.841750e+14 6.211001e+33
2.863778e+14 6.359180e+33
2.885977e+14 6.510894e+33
2.908349e+14 6.666228e+33
2.930893e+14 6.825267e+33
