# epsilon [g/cm^3]   P [dyn/cm^2]
1.364583e+14 6.599157e+32
1.375161e+14 6.751783e+32
1.385821e+14 6.907940e+32
1.396563e+14 7.067708e+32
1.407389e+14 7.231172e+32
1.418299e+14 7.398416e+32
1.429293e+14 7.569528e+32
1.440372e+14 7.744597e+32
1.451538e+14 7.923716e+32
1.462789e+14 8.106977e+32
1.474129e+14 8.294477e+32
1.485556e+14 8.486314e+32
1.497071e+14 8.682587e+32
1.508676e+14 8.883400e+32
1.520371e+14 9.088857e+32
1.532156e+14 9.299066e+32
1.544033e+14 9.514136e+32
1.556002e+14 9.734181e+32
1.568063e+14 9.959316e+32
1.580219e+14 1.018966e+33
1.592468e+14 1.042533e+33
1.604812e+14 1.066644e+33
1.617252e+14 1.091314e+33
1.629789e+14 1.116554e+33
1.642422e+14 1.142378e+33
1.655154e+14 1.168799e+33
1.667984e+14 1.195831e+33
1.680914e+14 1.223489e+33
1.693944e+14 1.251786e+33
1.707075e+14 1.280738e+33
1.720307e+14 1.310359e+33
1.733643e+14 1.340665e+33
1.747081e+14 1.371672e+33
1.760624e+14 1.403396e+33
1.774272e+14 1.435854e+33
1.788026e+14 1.469063e+33
1.801886e+14 1.503040e+33
1.815854e+14 1.537803e+33
1.829929e+14 1.573369e+33
1.844114e+14 1.609758e+33
1.858409e+14 1.646989e+33
1.872815e+14 1.685081e+33
1.887333e+14 1.724054e+33
1.901963e+14 1.763928e+33
1.916706e+14 1.804725e+33
1.931564e+14 1.846465e+33
1.946537e+14 1.889170e+33
1.961626e+14 1.932864e+33
1.976832e+14 1.977567e+33
1.992155e+14 2.023305e+33
2.007598e+14 2.070100e+33
2.023160e+14 2.117978e+33
2.038843e+14 2.166963e+33
2.054648e+14 2.217081e+33
2.070575e+14 2.268358e+33
2.086625e+14 2.320821e+33
2.102800e+14 2.374498e+33
2.119100e+14 2.429415e+33
2.135527e+14 2.485603e+33
2.152081e+14 2.543091e+33
2.168763e+14 2.601908e+33
2.185575e+14 2.662086e+33
2.202517e+14 2.723655e+33
2.219590e+14 2.786648e+33
2.236795e+14 2.851098e+33
2.254134e+14 2.917039e+33
2.271608e+14 2.984505e+33
2.289217e+14 3.053531e+33
2.306962e+14 3.124154e+33
2.324845e+14 3.196410e+33
2.342866e+14 3.270337e+33
2.361027e+14 3.345974e+33
2.379329e+14 3.423361e+33
2.397773e+14 3.502537e+33
2.416360e+14 3.583544e+33
2.435091e+14 3.666425e+33
2.453967e+14 3.751223e+33
2.472989e+14 3.837982e+33
2.492159e+14 3.926748e+33
2.511478e+14 4.017566e+33
2.530946e+14 4.110486e+33
2.550565e+14 4.205554e+33
2.570336e+14 4.302821e+33
2.590260e+14 4.402337e+33
2.610339e+14 4.504155e+33
2.630574e+14 4.608328e+33
2.650965e+14 4.714911e+33
2.671515e+14 4.823958e+33
2.692224e+14 4.935528e+33
2.713093e+14 5.049678e+33
2.734124e+14 5.166468e+33
2.755318e+14 5.285959e+33
2.776676e+14 5.408214e+33
2.798200e+14 5.533296e+33
2.819891e+14 5.661271e+33
2.841750e+14 5.792206e+33
2.863778e+14 5.926170e+33
2.885977e+14 6.063231e+33
2.908349e+14 6.203463e+33
2.930893e+14 6.346938e+33
