# epsilon [g/cm^3]   P [dyn/cm^2]
1.364583e+14 6.548831e+32
1.375161e+14 6.683037e+32
1.385821e+14 6.819993e+32
1.396563e+14 6.959756e+32
1.407389e+14 7.102383e+32
1.418299e+14 7.247933e+32
1.429293e+14 7.396465e+32
1.440372e+14 7.548042e+32
1.451538e+14 7.702725e+32
1.462789e+14 7.860577e+32
1.474129e+14 8.021665e+32
1.485556e+14 8.186054e+32
1.497071e+14 8.353811e+32
1.508676e+14 8.525007e+32
1.520371e+14 8.699711e+32
1.532156e+14 8.877995e+32
1.544033e+14 9.059932e+32
1.556002e+14 9.245599e+32
1.568063e+14 9.435070e+32
1.580219e+14 9.628423e+32
1.592468e+14 9.825740e+32
1.604812e+14 1.002710e+33
1.617252e+14 1.023259e+33
1.629789e+14 1.044228e+33
1.642422e+14 1.065628e+33
1.655154e+14 1.087466e+33
1.667984e+14 1.109751e+33
1.680914e+14 1.132494e+33
1.693944e+14 1.155702e+33
1.707075e+14 1.179386e+33
1.720307e+14 1.203555e+33
1.733643e+14 1.228220e+33
1.747081e+14 1.253390e+33
1.760624e+14 1.279076e+33
1.774272e+14 1.305288e+33
1.788026e+14 1.332037e+33
1.801886e+14 1.359335e+33
1.815854e+14 1.387192e+33
1.829929e+14 1.415620e+33
1.844114e+14 1.444630e+33
1.858409e+14 1.474235e+33
1.872815e+14 1.504447e+33
1.887333e+14 1.535277e+33
1.901963e+14 1.566740e+33
1.916706e+14 1.598847e+33
1.931564e+14 1.631613e+33
1.946537e+14 1.665050e+33
1.961626e+14 1.699172e+33
1.976832e+14 1.733993e+33
1.992155e+14 1.769528e+33
2.007598e+14 1.805791e+33
2.023160e+14 1.842797e+33
2.038843e+14 1.880562e+33
2.054648e+14 1.919100e+33
2.070575e+14 1.958429e+33
2.086625e+14 1.998563e+33
2.102800e+14 2.039520e+33
2.119100e+14 2.081316e+33
2.135527e+14 2.123968e+33
2.152081e+14 2.167495e+33
2.168763e+14 2.211914e+33
2.185575e+14 2.257243e+33
2.202517e+14 2.303501e+33
2.219590e+14 2.350706e+33
2.236795e+14 2.398880e+33
2.254134e+14 2.448040e+33
2.271608e+14 2.498208e+33
2.289217e+14 2.549404e+33
2.306962e+14 2.601649e+33
2.324845e+14 2.654965e+33
2.342866e+14 2.709374e+33
2.361027e+14 2.764897e+33
2.379329e+14 2.821558e+33
2.397773e+14 2.879381e+33
2.416360e+14 2.938388e+33
2.435091e+14 2.998605e+33
2.453967e+14 3.060056e+33
2.472989e+14 3.122766e+33
2.492159e+14 3.186761e+33
2.511478e+14 3.252068e+33
2.530946e+14 3.318713e+33
2.550565e+14 3.386723e+33
2.570336e+14 3.456128e+33
2.590260e+14 3.526954e+33
2.610339e+14 3.599233e+33
2.630574e+14 3.672992e+33
2.650965e+14 3.748263e+33
2.671515e+14 3.825077e+33
2.692224e+14 3.903464e+33
2.713093e+14 3.983458e+33
2.734124e+14 4.065092e+33
2.755318e+14 4.148398e+33
2.776676e+14 4.233412e+33
2.798200e+14 4.320167e+33
2.819891e+14 4.408701e+33
2.841750e+14 4.499049e+33
2.863778e+14 4.591249e+33
2.885977e+14 4.685337e+33
2.908349e+14 4.781355e+33
2.930893e+14 4.879339e+33
