# epsilon [g/cm^3]   P [dyn/cm^2]
1.364583e+14 6.438177e+32
1.375161e+14 6.532507e+32
1.385821e+14 6.628218e+32
1.396563e+14 6.725332e+32
1.407389e+14 6.823868e+32
1.418299e+14 6.923848e+32
1.429293e+14 7.025293e+32
1.440372e+14 7.128225e+32
1.451538e+14 7.232664e+32
1.462789e+14 7.338634e+32
1.474129e+14 7.446156e+32
1.485556e+14 7.555254e+32
1.497071e+14 7.665950e+32
1.508676e+14 7.778268e+32
1.520371e+14 7.892232e+32
1.532156e+14 8.007865e+32
1.544033e+14 8.125193e+32
1.556002e+14 8.244239e+32
1.568063e+14 8.365030e+32
1.580219e+14 8.487591e+32
1.592468e+14 8.611947e+32
1.604812e+14 8.738125e+32
1.617252e+14 8.866152e+32
1.629789e+14 8.996055e+32
1.642422e+14 9.127861e+32
1.655154e+14 9.261599e+32
1.667984e+14 9.397295e+32
1.680914e+14 9.534980e+32
1.693944e+14 9.674682e+32
1.707075e+14 9.816432e+32
1.720307e+14 9.960257e+32
1.733643e+14 1.010619e+33
1.747081e+14 1.025426e+33
1.760624e+14 1.040450e+33
1.774272e+14 1.055694e+33
1.788026e+14 1.071162e+33
1.801886e+14 1.086856e+33
1.815854e+14 1.102780e+33
1.829929e+14 1.118938e+33
1.844114e+14 1.135332e+33
1.858409e+14 1.151966e+33
1.872815e+14 1.168844e+33
1.887333e+14 1.185970e+33
1.901963e+14 1.203346e+33
1.916706e+14 1.220977e+33
1.931564e+14 1.238866e+33
1.946537e+14 1.257017e+33
1.961626e+14 1.275435e+33
1.976832e+14 1.294122e+33
1.992155e+14 1.313083e+33
2.007598e+14 1.332321e+33
2.023160e+14 1.351842e+33
2.038843e+14 1.371648e+33
2.054648e+14 1.391745e+33
2.070575e+14 1.412136e+33
2.086625e+14 1.432826e+33
2.102800e+14 1.453820e+33
2.119100e+14 1.475120e+33
2.135527e+14 1.496733e+33
2.152081e+14 1.518662e+33
2.168763e+14 1.540913e+33
2.185575e+14 1.563490e+33
2.202517e+14 1.586398e+33
2.219590e+14 1.609641e+33
2.236795e+14 1.633224e+33
2.254134e+14 1.657154e+33
2.271608e+14 1.681434e+33
2.289217e+14 1.706069e+33
2.306962e+14 1.731066e+33
2.324845e+14 1.756428e+33
2.342866e+14 1.782163e+33
2.361027e+14 1.808274e+33
2.379329e+14 1.834768e+33
2.397773e+14 1.861651e+33
2.416360e+14 1.888927e+33
2.435091e+14 1.916602e+33
2.453967e+14 1.944683e+33
2.472989e+14 1.973176e+33
2.492159e+14 2.002086e+33
2.511478e+14 2.031420e+33
2.530946e+14 2.061183e+33
2.550565e+14 2.091383e+33
2.570336e+14 2.122025e+33
2.590260e+14 2.153116e+33
2.610339e+14 2.184662e+33
2.630574e+14 2.216671e+33
2.650965e+14 2.249148e+33
2.671515e+14 2.282102e+33
2.692224e+14 2.315538e+33
2.713093e+14 2.349465e+33
2.734124e+14 2.383888e+33
2.755318e+14 2.418815e+33
2.776676e+14 2.454255e+33
2.798200e+14 2.490213e+33
2.819891e+14 2.526699e+33
2.841750e+14 2.563719e+33
2.863778e+14 2.601281e+33
2.885977e+14 2.639394e+33
2.908349e+14 2.678065e+33
2.930893e+14 2.717303e+33
