# epsilon [g/cm^3]   P [dyn/cm^2]
1.364583e+14 6.495783e+32
1.375161e+14 6.610764e+32
1.385821e+14 6.727780e+32
1.396563e+14 6.846867e+32
1.407389e+14 6.968063e+32
1.418299e+14 7.091403e+32
1.429293e+14 7.216927e+32
1.440372e+14 7.344673e+32
1.451538e+14 7.474680e+32
1.462789e+14 7.606988e+32
1.474129e+14 7.741638e+32
1.485556e+14 7.878672e+32
1.497071e+14 8.018131e+32
1.508676e+14 8.160059e+32
1.520371e+14 8.304499e+32
1.532156e+14 8.451496e+32
1.544033e+14 8.601094e+32
1.556002e+14 8.753341e+32
1.568063e+14 8.908283e+32
1.580219e+14 9.065967e+32
1.592468e+14 9.226442e+32
1.604812e+14 9.389758e+32
1.617252e+14 9.555965e+32
1.629789e+14 9.725114e+32
1.642422e+14 9.897257e+32
1.655154e+14 1.007245e+33
1.667984e+14 1.025074e+33
1.680914e+14 1.043218e+33
1.693944e+14 1.061684e+33
1.707075e+14 1.080477e+33
1.720307e+14 1.099602e+33
1.733643e+14 1.119066e+33
1.747081e+14 1.138875e+33
1.760624e+14 1.159034e+33
1.774272e+14 1.179550e+33
1.788026e+14 1.200429e+33
1.801886e+14 1.221677e+33
1.815854e+14 1.243302e+33
1.829929e+14 1.265309e+33
1.844114e+14 1.287707e+33
1.858409e+14 1.310500e+33
1.872815e+14 1.333697e+33
1.887333e+14 1.357305e+33
1.901963e+14 1.381330e+33
1.916706e+14 1.405781e+33
1.931564e+14 1.430664e+33
1.946537e+14 1.455988e+33
1.961626e+14 1.481760e+33
1.976832e+14 1.507989e+33
1.992155e+14 1.534682e+33
2.007598e+14 1.561847e+33
2.023160e+14 1.589493e+33
2.038843e+14 1.617628e+33
2.054648e+14 1.646262e+33
2.070575e+14 1.675402e+33
2.086625e+14 1.705058e+33
2.102800e+14 1.735239e+33
2.119100e+14 1.765954e+33
2.135527e+14 1.797213e+33
2.152081e+14 1.829025e+33
2.168763e+14 1.861400e+33
2.185575e+14 1.894349e+33
2.202517e+14 1.927880e+33
2.219590e+14 1.962006e+33
2.236795e+14 1.996735e+33
2.254134e+14 2.032079e+33
2.271608e+14 2.068048e+33
2.289217e+14 2.104654e+33
2.306962e+14 2.141909e+33
2.324845e+14 2.179822e+33
2.342866e+14 2.218407e+33
2.361027e+14 2.257675e+33
2.379329e+14 2.297637e+33
2.397773e+14 2.338307e+33
2.416360e+14 2.379697e+33
2.435091e+14 2.421820e+33
2.453967e+14 2.464688e+33
2.472989e+14 2.508316e+33
2.492159e+14 2.552715e+33
2.511478e+14 2.597900e+33
2.530946e+14 2.643885e+33
2.550565e+14 2.690684e+33
2.570336e+14 2.738312e+33
2.590260e+14 2.786782e+33
2.610339e+14 2.836110e+33
2.630574e+14 2.886312e+33
2.650965e+14 2.937402e+33
2.671515e+14 2.989397e+33
2.692224e+14 3.042312e+33
2.713093e+14 3.096163e+33
2.734124e+14 3.150968e+33
2.755318e+14 3.206743e+33
2.776676e+14 3.263505e+33
2.798200e+14 3.321272e+33
2.819891e+14 3.380061e+33
2.841750e+14 3.439891e+33
2.863778e+14 3.500780e+33
2.885977e+14 3.562747e+33
2.908349e+14 3.625810e+33
2.930893e+14 3.689990e+33
