# epsilon [g/cm^3]   P [dyn/cm^2]
1.364583e+14 6.637208e+32
1.375161e+14 6.803880e+32
1.385821e+14 6.974737e+32
1.396563e+14 7.149885e+32
1.407389e+14 7.329431e+32
1.418299e+14 7.513486e+32
1.429293e+14 7.702163e+32
1.440372e+14 7.895578e+32
1.451538e+14 8.093850e+32
1.462789e+14 8.297101e+32
1.474129e+14 8.505456e+32
1.485556e+14 8.719043e+32
1.497071e+14 8.937994e+32
1.508676e+14 9.162442e+32
1.520371e+14 9.392527e+32
1.532156e+14 9.628390e+32
1.544033e+14 9.870176e+32
1.556002e+14 1.011803e+33
1.568063e+14 1.037212e+33
1.580219e+14 1.063258e+33
1.592468e+14 1.089958e+33
1.604812e+14 1.117329e+33
1.617252e+14 1.145387e+33
1.629789e+14 1.174150e+33
1.642422e+14 1.203635e+33
1.655154e+14 1.233860e+33
1.667984e+14 1.264844e+33
1.680914e+14 1.296607e+33
1.693944e+14 1.329167e+33
1.707075e+14 1.362545e+33
1.720307e+14 1.396761e+33
1.733643e+14 1.431836e+33
1.747081e+14 1.467792e+33
1.760624e+14 1.504651e+33
1.774272e+14 1.542435e+33
1.788026e+14 1.581168e+33
1.801886e+14 1.620874e+33
1.815854e+14 1.661577e+33
1.829929e+14 1.703302e+33
1.844114e+14 1.746075e+33
1.858409e+14 1.789922e+33
1.872815e+14 1.834870e+33
1.887333e+14 1.880947e+33
1.901963e+14 1.928181e+33
1.916706e+14 1.976601e+33
1.931564e+14 2.026237e+33
1.946537e+14 2.077120e+33
1.961626e+14 2.129280e+33
1.976832e+14 2.182750e+33
1.992155e+14 2.237562e+33
2.007598e+14 2.293752e+33
2.023160e+14 2.351352e+33
2.038843e+14 2.410398e+33
2.054648e+14 2.470928e+33
2.070575e+14 2.532977e+33
2.086625e+14 2.596585e+33
2.102800e+14 2.661789e+33
2.119100e+14 2.728632e+33
2.135527e+14 2.797152e+33
2.152081e+14 2.867394e+33
2.168763e+14 2.939399e+33
2.185575e+14 3.013213e+33
2.202517e+14 3.088880e+33
2.219590e+14 3.166447e+33
2.236795e+14 3.245962e+33
2.254134e+14 3.327474e+33
2.271608e+14 3.411033e+33
2.289217e+14 3.496690e+33
2.306962e+14 3.584498e+33
2.324845e+14 3.674511e+33
2.342866e+14 3.766785e+33
2.361027e+14 3.861375e+33
2.379329e+14 3.958341e+33
2.397773e+14 4.057742e+33
2.416360e+14 4.159639e+33
2.435091e+14 4.264095e+33
2.453967e+14 4.371174e+33
2.472989e+14 4.480942e+33
2.492159e+14 4.593466e+33
2.511478e+14 4.708816e+33
2.530946e+14 4.827063e+33
2.550565e+14 4.948279e+33
2.570336e+14 5.072539e+33
2.590260e+14 5.199920e+33
2.610339e+14 5.330499e+33
2.630574e+14 5.464357e+33
2.650965e+14 5.601577e+33
2.671515e+14 5.742242e+33
2.692224e+14 5.886440e+33
2.713093e+14 6.034259e+33
2.734124e+14 6.185790e+33
2.755318e+14 6.341126e+33
2.776676e+14 6.500363e+33
2.798200e+14 6.663599e+33
2.819891e+14 6.830933e+33
2.841750e+14 7.002470e+33
2.863778e+14 7.178315e+33
2.885977e+14 7.358575e+33
2.908349e+14 7.543362e+33
2.930893e+14 7.732789e+33
