# epsilon [g/cm^3]   P [dyn/cm^2]
1.364583e+14 6.543409e+32
1.375161e+14 6.675641e+32
1.385821e+14 6.810545e+32
1.396563e+14 6.948175e+32
1.407389e+14 7.088586e+32
1.418299e+14 7.231835e+32
1.429293e+14 7.377979e+32
1.440372e+14 7.527076e+32
1.451538e+14 7.679186e+32
1.462789e+14 7.834370e+32
1.474129e+14 7.992690e+32
1.485556e+14 8.154210e+32
1.497071e+14 8.318993e+32
1.508676e+14 8.487107e+32
1.520371e+14 8.658618e+32
1.532156e+14 8.833594e+32
1.544033e+14 9.012107e+32
1.556002e+14 9.194227e+32
1.568063e+14 9.380028e+32
1.580219e+14 9.569583e+32
1.592468e+14 9.762969e+32
1.604812e+14 9.960263e+32
1.617252e+14 1.016154e+33
1.629789e+14 1.036689e+33
1.642422e+14 1.057639e+33
1.655154e+14 1.079012e+33
1.667984e+14 1.100817e+33
1.680914e+14 1.123063e+33
1.693944e+14 1.145758e+33
1.707075e+14 1.168912e+33
1.720307e+14 1.192534e+33
1.733643e+14 1.216633e+33
1.747081e+14 1.241220e+33
1.760624e+14 1.266303e+33
1.774272e+14 1.291893e+33
1.788026e+14 1.318000e+33
1.801886e+14 1.344634e+33
1.815854e+14 1.371807e+33
1.829929e+14 1.399529e+33
1.844114e+14 1.427811e+33
1.858409e+14 1.456665e+33
1.872815e+14 1.486102e+33
1.887333e+14 1.516134e+33
1.901963e+14 1.546773e+33
1.916706e+14 1.578030e+33
1.931564e+14 1.609920e+33
1.946537e+14 1.642454e+33
1.961626e+14 1.675645e+33
1.976832e+14 1.709507e+33
1.992155e+14 1.744053e+33
2.007598e+14 1.779298e+33
2.023160e+14 1.815255e+33
2.038843e+14 1.851938e+33
2.054648e+14 1.889363e+33
2.070575e+14 1.927544e+33
2.086625e+14 1.966496e+33
2.102800e+14 2.006236e+33
2.119100e+14 2.046779e+33
2.135527e+14 2.088141e+33
2.152081e+14 2.130339e+33
2.168763e+14 2.173390e+33
2.185575e+14 2.217310e+33
2.202517e+14 2.262119e+33
2.219590e+14 2.307833e+33
2.236795e+14 2.354470e+33
2.254134e+14 2.402050e+33
2.271608e+14 2.450592e+33
2.289217e+14 2.500114e+33
2.306962e+14 2.550638e+33
2.324845e+14 2.602182e+33
2.342866e+14 2.654768e+33
2.361027e+14 2.708416e+33
2.379329e+14 2.763149e+33
2.397773e+14 2.818988e+33
2.416360e+14 2.875955e+33
2.435091e+14 2.934074e+33
2.453967e+14 2.993366e+33
2.472989e+14 3.053858e+33
2.492159e+14 3.115571e+33
2.511478e+14 3.178532e+33
2.530946e+14 3.242765e+33
2.550565e+14 3.308296e+33
2.570336e+14 3.375151e+33
2.590260e+14 3.443358e+33
2.610339e+14 3.512942e+33
2.630574e+14 3.583933e+33
2.650965e+14 3.656359e+33
2.671515e+14 3.730248e+33
2.692224e+14 3.805630e+33
2.713093e+14 3.882536e+33
2.734124e+14 3.960996e+33
2.755318e+14 4.041041e+33
2.776676e+14 4.122704e+33
2.798200e+14 4.206017e+33
2.819891e+14 4.291014e+33
2.841750e+14 4.377729e+33
2.863778e+14 4.466196e+33
2.885977e+14 4.556450e+33
2.908349e+14 4.648529e+33
2.930893e+14 4.742468e+33
