# epsilon [g/cm^3]   P [dyn/cm^2]
1.364583e+14 6.609479e+32
1.375161e+14 6.765907e+32
1.385821e+14 6.926036e+32
1.396563e+14 7.089955e+32
1.407389e+14 7.257753e+32
1.418299e+14 7.429523e+32
1.429293e+14 7.605358e+32
1.440372e+14 7.785355e+32
1.451538e+14 7.969611e+32
1.462789e+14 8.158229e+32
1.474129e+14 8.351310e+32
1.485556e+14 8.548961e+32
1.497071e+14 8.751290e+32
1.508676e+14 8.958408e+32
1.520371e+14 9.170427e+32
1.532156e+14 9.387464e+32
1.544033e+14 9.609638e+32
1.556002e+14 9.837070e+32
1.568063e+14 1.006988e+33
1.580219e+14 1.030821e+33
1.592468e+14 1.055217e+33
1.604812e+14 1.080191e+33
1.617252e+14 1.105756e+33
1.629789e+14 1.131926e+33
1.642422e+14 1.158716e+33
1.655154e+14 1.186139e+33
1.667984e+14 1.214212e+33
1.680914e+14 1.242948e+33
1.693944e+14 1.272365e+33
1.707075e+14 1.302479e+33
1.720307e+14 1.333304e+33
1.733643e+14 1.364860e+33
1.747081e+14 1.397162e+33
1.760624e+14 1.430229e+33
1.774272e+14 1.464078e+33
1.788026e+14 1.498729e+33
1.801886e+14 1.534199e+33
1.815854e+14 1.570509e+33
1.829929e+14 1.607679e+33
1.844114e+14 1.645728e+33
1.858409e+14 1.684677e+33
1.872815e+14 1.724549e+33
1.887333e+14 1.765364e+33
1.901963e+14 1.807145e+33
1.916706e+14 1.849914e+33
1.931564e+14 1.893696e+33
1.946537e+14 1.938515e+33
1.961626e+14 1.984394e+33
1.976832e+14 2.031358e+33
1.992155e+14 2.079435e+33
2.007598e+14 2.128649e+33
2.023160e+14 2.179028e+33
2.038843e+14 2.230599e+33
2.054648e+14 2.283391e+33
2.070575e+14 2.337432e+33
2.086625e+14 2.392752e+33
2.102800e+14 2.449382e+33
2.119100e+14 2.507351e+33
2.135527e+14 2.566693e+33
2.152081e+14 2.627439e+33
2.168763e+14 2.689623e+33
2.185575e+14 2.753278e+33
2.202517e+14 2.818440e+33
2.219590e+14 2.885145e+33
2.236795e+14 2.953428e+33
2.254134e+14 3.023327e+33
2.271608e+14 3.094880e+33
2.289217e+14 3.168127e+33
2.306962e+14 3.243107e+33
2.324845e+14 3.319862e+33
2.342866e+14 3.398433e+33
2.361027e+14 3.478864e+33
2.379329e+14 3.561199e+33
2.397773e+14 3.645482e+33
2.416360e+14 3.731760e+33
2.435091e+14 3.820080e+33
2.453967e+14 3.910490e+33
2.472989e+14 4.003040e+33
2.492159e+14 4.097780e+33
2.511478e+14 4.194762e+33
2.530946e+14 4.294040e+33
2.550565e+14 4.395668e+33
2.570336e+14 4.499700e+33
2.590260e+14 4.606195e+33
2.610339e+14 4.715210e+33
2.630574e+14 4.826805e+33
2.650965e+14 4.941042e+33
2.671515e+14 5.057982e+33
2.692224e+14 5.177689e+33
2.713093e+14 5.300230e+33
2.734124e+14 5.425671e+33
2.755318e+14 5.554081e+33
2.776676e+14 5.685530e+33
2.798200e+14 5.820090e+33
2.819891e+14 5.957834e+33
2.841750e+14 6.098839e+33
2.863778e+14 6.243180e+33
2.885977e+14 6.390938e+33
2.908349e+14 6.542193e+33
2.930893e+14 6.697028e+33
