# epsilon [g/cm^3]   P [dyn/cm^2]
1.364583e+14 6.532394e+32
1.375161e+14 6.660622e+32
1.385821e+14 6.791367e+32
1.396563e+14 6.924678e+32
1.407389e+14 7.060606e+32
1.418299e+14 7.199203e+32
1.429293e+14 7.340520e+32
1.440372e+14 7.484611e+32
1.451538e+14 7.631530e+32
1.462789e+14 7.781333e+32
1.474129e+14 7.934077e+32
1.485556e+14 8.089819e+32
1.497071e+14 8.248619e+32
1.508676e+14 8.410535e+32
1.520371e+14 8.575630e+32
1.532156e+14 8.743966e+32
1.544033e+14 8.915606e+32
1.556002e+14 9.090615e+32
1.568063e+14 9.269059e+32
1.580219e+14 9.451007e+32
1.592468e+14 9.636526e+32
1.604812e+14 9.825686e+32
1.617252e+14 1.001856e+33
1.629789e+14 1.021522e+33
1.642422e+14 1.041574e+33
1.655154e+14 1.062020e+33
1.667984e+14 1.082866e+33
1.680914e+14 1.104123e+33
1.693944e+14 1.125796e+33
1.707075e+14 1.147895e+33
1.720307e+14 1.170428e+33
1.733643e+14 1.193402e+33
1.747081e+14 1.216828e+33
1.760624e+14 1.240714e+33
1.774272e+14 1.265069e+33
1.788026e+14 1.289902e+33
1.801886e+14 1.315222e+33
1.815854e+14 1.341039e+33
1.829929e+14 1.367363e+33
1.844114e+14 1.394203e+33
1.858409e+14 1.421571e+33
1.872815e+14 1.449476e+33
1.887333e+14 1.477928e+33
1.901963e+14 1.506939e+33
1.916706e+14 1.536520e+33
1.931564e+14 1.566681e+33
1.946537e+14 1.597434e+33
1.961626e+14 1.628791e+33
1.976832e+14 1.660764e+33
1.992155e+14 1.693364e+33
2.007598e+14 1.726604e+33
2.023160e+14 1.760496e+33
2.038843e+14 1.795054e+33
2.054648e+14 1.830290e+33
2.070575e+14 1.866217e+33
2.086625e+14 1.902850e+33
2.102800e+14 1.940202e+33
2.119100e+14 1.978288e+33
2.135527e+14 2.017121e+33
2.152081e+14 2.056716e+33
2.168763e+14 2.097088e+33
2.185575e+14 2.138253e+33
2.202517e+14 2.180226e+33
2.219590e+14 2.223023e+33
2.236795e+14 2.266660e+33
2.254134e+14 2.311153e+33
2.271608e+14 2.356520e+33
2.289217e+14 2.402777e+33
2.306962e+14 2.449943e+33
2.324845e+14 2.498034e+33
2.342866e+14 2.547069e+33
2.361027e+14 2.597067e+33
2.379329e+14 2.648046e+33
2.397773e+14 2.700026e+33
2.416360e+14 2.753026e+33
2.435091e+14 2.807067e+33
2.453967e+14 2.862168e+33
2.472989e+14 2.918351e+33
2.492159e+14 2.975637e+33
2.511478e+14 3.034047e+33
2.530946e+14 3.093604e+33
2.550565e+14 3.154330e+33
2.570336e+14 3.216248e+33
2.590260e+14 3.279382e+33
2.610339e+14 3.343755e+33
2.630574e+14 3.409391e+33
2.650965e+14 3.476316e+33
2.671515e+14 3.544554e+33
2.692224e+14 3.614132e+33
2.713093e+14 3.685076e+33
2.734124e+14 3.757412e+33
2.755318e+14 3.831168e+33
2.776676e+14 3.906372e+33
2.798200e+14 3.983053e+33
2.819891e+14 4.061238e+33
2.841750e+14 4.140958e+33
2.863778e+14 4.222243e+33
2.885977e+14 4.305124e+33
2.908349e+14 4.389631e+33
2.930893e+14 4.475798e+33
