# epsilon [g/cm^3]   P [dyn/cm^2]
1.364583e+14 6.633927e+32
1.375161e+14 6.799384e+32
1.385821e+14 6.968967e+32
1.396563e+14 7.142781e+32
1.407389e+14 7.320929e+32
1.418299e+14 7.503520e+32
1.429293e+14 7.690666e+32
1.440372e+14 7.882479e+32
1.451538e+14 8.079076e+32
1.462789e+14 8.280577e+32
1.474129e+14 8.487103e+32
1.485556e+14 8.698780e+32
1.497071e+14 8.915737e+32
1.508676e+14 9.138105e+32
1.520371e+14 9.366018e+32
1.532156e+14 9.599617e+32
1.544033e+14 9.839041e+32
1.556002e+14 1.008444e+33
1.568063e+14 1.033595e+33
1.580219e+14 1.059374e+33
1.592468e+14 1.085796e+33
1.604812e+14 1.112877e+33
1.617252e+14 1.140633e+33
1.629789e+14 1.169082e+33
1.642422e+14 1.198240e+33
1.655154e+14 1.228125e+33
1.667984e+14 1.258756e+33
1.680914e+14 1.290151e+33
1.693944e+14 1.322328e+33
1.707075e+14 1.355309e+33
1.720307e+14 1.389112e+33
1.733643e+14 1.423757e+33
1.747081e+14 1.459267e+33
1.760624e+14 1.495663e+33
1.774272e+14 1.532966e+33
1.788026e+14 1.571200e+33
1.801886e+14 1.610388e+33
1.815854e+14 1.650552e+33
1.829929e+14 1.691719e+33
1.844114e+14 1.733912e+33
1.858409e+14 1.777158e+33
1.872815e+14 1.821482e+33
1.887333e+14 1.866911e+33
1.901963e+14 1.913474e+33
1.916706e+14 1.961198e+33
1.931564e+14 2.010112e+33
1.946537e+14 2.060247e+33
1.961626e+14 2.111631e+33
1.976832e+14 2.164298e+33
1.992155e+14 2.218277e+33
2.007598e+14 2.273604e+33
2.023160e+14 2.330310e+33
2.038843e+14 2.388430e+33
2.054648e+14 2.448000e+33
2.070575e+14 2.509056e+33
2.086625e+14 2.571634e+33
2.102800e+14 2.635773e+33
2.119100e+14 2.701512e+33
2.135527e+14 2.768891e+33
2.152081e+14 2.837950e+33
2.168763e+14 2.908731e+33
2.185575e+14 2.981278e+33
2.202517e+14 3.055634e+33
2.219590e+14 3.131845e+33
2.236795e+14 3.209956e+33
2.254134e+14 3.290016e+33
2.271608e+14 3.372072e+33
2.289217e+14 3.456175e+33
2.306962e+14 3.542376e+33
2.324845e+14 3.630726e+33
2.342866e+14 3.721280e+33
2.361027e+14 3.814093e+33
2.379329e+14 3.909220e+33
2.397773e+14 4.006720e+33
2.416360e+14 4.106652e+33
2.435091e+14 4.209076e+33
2.453967e+14 4.314055e+33
2.472989e+14 4.421652e+33
2.492159e+14 4.531932e+33
2.511478e+14 4.644964e+33
2.530946e+14 4.760814e+33
2.550565e+14 4.879553e+33
2.570336e+14 5.001255e+33
2.590260e+14 5.125991e+33
2.610339e+14 5.253838e+33
2.630574e+14 5.384875e+33
2.650965e+14 5.519179e+33
2.671515e+14 5.656833e+33
2.692224e+14 5.797920e+33
2.713093e+14 5.942526e+33
2.734124e+14 6.090739e+33
2.755318e+14 6.242649e+33
2.776676e+14 6.398347e+33
2.798200e+14 6.557928e+33
2.819891e+14 6.721490e+33
2.841750e+14 6.889131e+33
2.863778e+14 7.060953e+33
2.885977e+14 7.237060e+33
2.908349e+14 7.417560e+33
2.930893e+14 7.602562e+33
