# epsilon [g/cm^3]   P [dyn/cm^2]
1.364583e+14 6.557620e+32
1.375161e+14 6.695031e+32
1.385821e+14 6.835320e+32
1.396563e+14 6.978550e+32
1.407389e+14 7.124780e+32
1.418299e+14 7.274075e+32
1.429293e+14 7.426498e+32
1.440372e+14 7.582115e+32
1.451538e+14 7.740993e+32
1.462789e+14 7.903200e+32
1.474129e+14 8.068805e+32
1.485556e+14 8.237882e+32
1.497071e+14 8.410500e+32
1.508676e+14 8.586736e+32
1.520371e+14 8.766665e+32
1.532156e+14 8.950365e+32
1.544033e+14 9.137913e+32
1.556002e+14 9.329392e+32
1.568063e+14 9.524882e+32
1.580219e+14 9.724469e+32
1.592468e+14 9.928239e+32
1.604812e+14 1.013628e+33
1.617252e+14 1.034868e+33
1.629789e+14 1.056553e+33
1.642422e+14 1.078692e+33
1.655154e+14 1.101295e+33
1.667984e+14 1.124372e+33
1.680914e+14 1.147932e+33
1.693944e+14 1.171986e+33
1.707075e+14 1.196545e+33
1.720307e+14 1.221617e+33
1.733643e+14 1.247215e+33
1.747081e+14 1.273350e+33
1.760624e+14 1.300032e+33
1.774272e+14 1.327273e+33
1.788026e+14 1.355085e+33
1.801886e+14 1.383480e+33
1.815854e+14 1.412470e+33
1.829929e+14 1.442067e+33
1.844114e+14 1.472285e+33
1.858409e+14 1.503136e+33
1.872815e+14 1.534633e+33
1.887333e+14 1.566790e+33
1.901963e+14 1.599621e+33
1.916706e+14 1.633140e+33
1.931564e+14 1.667361e+33
1.946537e+14 1.702299e+33
1.961626e+14 1.737970e+33
1.976832e+14 1.774388e+33
1.992155e+14 1.811569e+33
2.007598e+14 1.849529e+33
2.023160e+14 1.888284e+33
2.038843e+14 1.927852e+33
2.054648e+14 1.968249e+33
2.070575e+14 2.009492e+33
2.086625e+14 2.051600e+33
2.102800e+14 2.094589e+33
2.119100e+14 2.138480e+33
2.135527e+14 2.183290e+33
2.152081e+14 2.229040e+33
2.168763e+14 2.275748e+33
2.185575e+14 2.323434e+33
2.202517e+14 2.372120e+33
2.219590e+14 2.421826e+33
2.236795e+14 2.472574e+33
2.254134e+14 2.524385e+33
2.271608e+14 2.577282e+33
2.289217e+14 2.631287e+33
2.306962e+14 2.686423e+33
2.324845e+14 2.742715e+33
2.342866e+14 2.800187e+33
2.361027e+14 2.858863e+33
2.379329e+14 2.918769e+33
2.397773e+14 2.979929e+33
2.416360e+14 3.042372e+33
2.435091e+14 3.106122e+33
2.453967e+14 3.171209e+33
2.472989e+14 3.237659e+33
2.492159e+14 3.305502e+33
2.511478e+14 3.374767e+33
2.530946e+14 3.445482e+33
2.550565e+14 3.517680e+33
2.570336e+14 3.591390e+33
2.590260e+14 3.666645e+33
2.610339e+14 3.743477e+33
2.630574e+14 3.821919e+33
2.650965e+14 3.902005e+33
2.671515e+14 3.983769e+33
2.692224e+14 4.067246e+33
2.713093e+14 4.152472e+33
2.734124e+14 4.239484e+33
2.755318e+14 4.328319e+33
2.776676e+14 4.419016e+33
2.798200e+14 4.511613e+33
2.819891e+14 4.606151e+33
2.841750e+14 4.702670e+33
2.863778e+14 4.801211e+33
2.885977e+14 4.901817e+33
2.908349e+14 5.004531e+33
2.930893e+14 5.109397e+33
