# epsilon [g/cm^3]   P [dyn/cm^2]
1.364583e+14 6.528892e+32
1.375161e+14 6.655849e+32
1.385821e+14 6.785274e+32
1.396563e+14 6.917216e+32
1.407389e+14 7.051724e+32
1.418299e+14 7.188847e+32
1.429293e+14 7.328636e+32
1.440372e+14 7.471144e+32
1.451538e+14 7.616423e+32
1.462789e+14 7.764527e+32
1.474129e+14 7.915511e+32
1.485556e+14 8.069431e+32
1.497071e+14 8.226344e+32
1.508676e+14 8.386308e+32
1.520371e+14 8.549383e+32
1.532156e+14 8.715629e+32
1.544033e+14 8.885107e+32
1.556002e+14 9.057881e+32
1.568063e+14 9.234015e+32
1.580219e+14 9.413574e+32
1.592468e+14 9.596624e+32
1.604812e+14 9.783233e+32
1.617252e+14 9.973472e+32
1.629789e+14 1.016741e+33
1.642422e+14 1.036512e+33
1.655154e+14 1.056667e+33
1.667984e+14 1.077214e+33
1.680914e+14 1.098161e+33
1.693944e+14 1.119515e+33
1.707075e+14 1.141285e+33
1.720307e+14 1.163477e+33
1.733643e+14 1.186102e+33
1.747081e+14 1.209166e+33
1.760624e+14 1.232678e+33
1.774272e+14 1.256648e+33
1.788026e+14 1.281084e+33
1.801886e+14 1.305995e+33
1.815854e+14 1.331391e+33
1.829929e+14 1.357280e+33
1.844114e+14 1.383673e+33
1.858409e+14 1.410579e+33
1.872815e+14 1.438008e+33
1.887333e+14 1.465971e+33
1.901963e+14 1.494477e+33
1.916706e+14 1.523538e+33
1.931564e+14 1.553164e+33
1.946537e+14 1.583365e+33
1.961626e+14 1.614154e+33
1.976832e+14 1.645542e+33
1.992155e+14 1.677540e+33
2.007598e+14 1.710161e+33
2.023160e+14 1.743415e+33
2.038843e+14 1.777317e+33
2.054648e+14 1.811877e+33
2.070575e+14 1.847110e+33
2.086625e+14 1.883028e+33
2.102800e+14 1.919644e+33
2.119100e+14 1.956972e+33
2.135527e+14 1.995026e+33
2.152081e+14 2.033820e+33
2.168763e+14 2.073368e+33
2.185575e+14 2.113686e+33
2.202517e+14 2.154787e+33
2.219590e+14 2.196688e+33
2.236795e+14 2.239403e+33
2.254134e+14 2.282949e+33
2.271608e+14 2.327342e+33
2.289217e+14 2.372598e+33
2.306962e+14 2.418734e+33
2.324845e+14 2.465767e+33
2.342866e+14 2.513714e+33
2.361027e+14 2.562594e+33
2.379329e+14 2.612425e+33
2.397773e+14 2.663225e+33
2.416360e+14 2.715012e+33
2.435091e+14 2.767806e+33
2.453967e+14 2.821627e+33
2.472989e+14 2.876495e+33
2.492159e+14 2.932429e+33
2.511478e+14 2.989451e+33
2.530946e+14 3.047582e+33
2.550565e+14 3.106843e+33
2.570336e+14 3.167257e+33
2.590260e+14 3.228846e+33
2.610339e+14 3.291632e+33
2.630574e+14 3.355639e+33
2.650965e+14 3.420890e+33
2.671515e+14 3.487410e+33
2.692224e+14 3.555224e+33
2.713093e+14 3.624357e+33
2.734124e+14 3.694834e+33
2.755318e+14 3.766681e+33
2.776676e+14 3.839926e+33
2.798200e+14 3.914594e+33
2.819891e+14 3.990715e+33
2.841750e+14 4.068316e+33
2.863778e+14 4.147426e+33
2.885977e+14 4.228074e+33
2.908349e+14 4.310290e+33
2.930893e+14 4.394105e+33
