# epsilon [g/cm^3]   P [dyn/cm^2]
1.364583e+14 6.457773e+32
1.375161e+14 6.559100e+32
1.385821e+14 6.662018e+32
1.396563e+14 6.766551e+32
1.407389e+14 6.872723e+32
1.418299e+14 6.980562e+32
1.429293e+14 7.090093e+32
1.440372e+14 7.201342e+32
1.451538e+14 7.314337e+32
1.462789e+14 7.429105e+32
1.474129e+14 7.545674e+32
1.485556e+14 7.664072e+32
1.497071e+14 7.784327e+32
1.508676e+14 7.906470e+32
1.520371e+14 8.030529e+32
1.532156e+14 8.156534e+32
1.544033e+14 8.284517e+32
1.556002e+14 8.414508e+32
1.568063e+14 8.546539e+32
1.580219e+14 8.680641e+32
1.592468e+14 8.816847e+32
1.604812e+14 8.955191e+32
1.617252e+14 9.095705e+32
1.629789e+14 9.238424e+32
1.642422e+14 9.383383e+32
1.655154e+14 9.530616e+32
1.667984e+14 9.680159e+32
1.680914e+14 9.832048e+32
1.693944e+14 9.986321e+32
1.707075e+14 1.014301e+33
1.720307e+14 1.030217e+33
1.733643e+14 1.046382e+33
1.747081e+14 1.062800e+33
1.760624e+14 1.079476e+33
1.774272e+14 1.096414e+33
1.788026e+14 1.113618e+33
1.801886e+14 1.131092e+33
1.815854e+14 1.148839e+33
1.829929e+14 1.166866e+33
1.844114e+14 1.185175e+33
1.858409e+14 1.203771e+33
1.872815e+14 1.222659e+33
1.887333e+14 1.241844e+33
1.901963e+14 1.261329e+33
1.916706e+14 1.281121e+33
1.931564e+14 1.301222e+33
1.946537e+14 1.321640e+33
1.961626e+14 1.342377e+33
1.976832e+14 1.363440e+33
1.992155e+14 1.384834e+33
2.007598e+14 1.406563e+33
2.023160e+14 1.428633e+33
2.038843e+14 1.451049e+33
2.054648e+14 1.473818e+33
2.070575e+14 1.496943e+33
2.086625e+14 1.520431e+33
2.102800e+14 1.544288e+33
2.119100e+14 1.568519e+33
2.135527e+14 1.593131e+33
2.152081e+14 1.618128e+33
2.168763e+14 1.643518e+33
2.185575e+14 1.669306e+33
2.202517e+14 1.695499e+33
2.219590e+14 1.722103e+33
2.236795e+14 1.749124e+33
2.254134e+14 1.776569e+33
2.271608e+14 1.804445e+33
2.289217e+14 1.832758e+33
2.306962e+14 1.861516e+33
2.324845e+14 1.890724e+33
2.342866e+14 1.920391e+33
2.361027e+14 1.950524e+33
2.379329e+14 1.981129e+33
2.397773e+14 2.012215e+33
2.416360e+14 2.043788e+33
2.435091e+14 2.075857e+33
2.453967e+14 2.108429e+33
2.472989e+14 2.141512e+33
2.492159e+14 2.175114e+33
2.511478e+14 2.209243e+33
2.530946e+14 2.243908e+33
2.550565e+14 2.279117e+33
2.570336e+14 2.314878e+33
2.590260e+14 2.351200e+33
2.610339e+14 2.388092e+33
2.630574e+14 2.425564e+33
2.650965e+14 2.463623e+33
2.671515e+14 2.502279e+33
2.692224e+14 2.541542e+33
2.713093e+14 2.581421e+33
2.734124e+14 2.621925e+33
2.755318e+14 2.663065e+33
2.776676e+14 2.704851e+33
2.798200e+14 2.747292e+33
2.819891e+14 2.790400e+33
2.841750e+14 2.834183e+33
2.863778e+14 2.878654e+33
2.885977e+14 2.923822e+33
2.908349e+14 2.969700e+33
2.930893e+14 3.016297e+33
