# epsilon [g/cm^3]   P [dyn/cm^2]
1.364583e+14 6.626840e+32
1.375161e+14 6.789675e+32
1.385821e+14 6.956511e+32
1.396563e+14 7.127447e+32
1.407389e+14 7.302583e+32
1.418299e+14 7.482023e+32
1.429293e+14 7.665871e+32
1.440372e+14 7.854237e+32
1.451538e+14 8.047232e+32
1.462789e+14 8.244969e+32
1.474129e+14 8.447565e+32
1.485556e+14 8.655139e+32
1.497071e+14 8.867814e+32
1.508676e+14 9.085714e+32
1.520371e+14 9.308969e+32
1.532156e+14 9.537710e+32
1.544033e+14 9.772071e+32
1.556002e+14 1.001219e+33
1.568063e+14 1.025821e+33
1.580219e+14 1.051028e+33
1.592468e+14 1.076854e+33
1.604812e+14 1.103314e+33
1.617252e+14 1.130425e+33
1.629789e+14 1.158202e+33
1.642422e+14 1.186661e+33
1.655154e+14 1.215820e+33
1.667984e+14 1.245695e+33
1.680914e+14 1.276304e+33
1.693944e+14 1.307666e+33
1.707075e+14 1.339798e+33
1.720307e+14 1.372719e+33
1.733643e+14 1.406450e+33
1.747081e+14 1.441009e+33
1.760624e+14 1.476418e+33
1.774272e+14 1.512696e+33
1.788026e+14 1.549866e+33
1.801886e+14 1.587950e+33
1.815854e+14 1.626969e+33
1.829929e+14 1.666947e+33
1.844114e+14 1.707907e+33
1.858409e+14 1.749874e+33
1.872815e+14 1.792872e+33
1.887333e+14 1.836927e+33
1.901963e+14 1.882064e+33
1.916706e+14 1.928310e+33
1.931564e+14 1.975692e+33
1.946537e+14 2.024239e+33
1.961626e+14 2.073979e+33
1.976832e+14 2.124941e+33
1.992155e+14 2.177155e+33
2.007598e+14 2.230652e+33
2.023160e+14 2.285464e+33
2.038843e+14 2.341623e+33
2.054648e+14 2.399161e+33
2.070575e+14 2.458113e+33
2.086625e+14 2.518514e+33
2.102800e+14 2.580399e+33
2.119100e+14 2.643805e+33
2.135527e+14 2.708769e+33
2.152081e+14 2.775329e+33
2.168763e+14 2.843524e+33
2.185575e+14 2.913396e+33
2.202517e+14 2.984984e+33
2.219590e+14 3.058331e+33
2.236795e+14 3.133480e+33
2.254134e+14 3.210476e+33
2.271608e+14 3.289364e+33
2.289217e+14 3.370191e+33
2.306962e+14 3.453003e+33
2.324845e+14 3.537851e+33
2.342866e+14 3.624783e+33
2.361027e+14 3.713851e+33
2.379329e+14 3.805108e+33
2.397773e+14 3.898608e+33
2.416360e+14 3.994405e+33
2.435091e+14 4.092555e+33
2.453967e+14 4.193118e+33
2.472989e+14 4.296151e+33
2.492159e+14 4.401717e+33
2.511478e+14 4.509876e+33
2.530946e+14 4.620693e+33
2.550565e+14 4.734233e+33
2.570336e+14 4.850563e+33
2.590260e+14 4.969751e+33
2.610339e+14 5.091868e+33
2.630574e+14 5.216986e+33
2.650965e+14 5.345178e+33
2.671515e+14 5.476520e+33
2.692224e+14 5.611089e+33
2.713093e+14 5.748965e+33
2.734124e+14 5.890229e+33
2.755318e+14 6.034964e+33
2.776676e+14 6.183256e+33
2.798200e+14 6.335191e+33
2.819891e+14 6.490860e+33
2.841750e+14 6.650353e+33
2.863778e+14 6.813766e+33
2.885977e+14 6.981195e+33
2.908349e+14 7.152737e+33
2.930893e+14 7.328494e+33
