# epsilon [g/cm^3]   P [dyn/cm^2]
1.364583e+14 6.552132e+32
1.375161e+14 6.687540e+32
1.385821e+14 6.825747e+32
1.396563e+14 6.966810e+32
1.407389e+14 7.110788e+32
1.418299e+14 7.257742e+32
1.429293e+14 7.407733e+32
1.440372e+14 7.560824e+32
1.451538e+14 7.717078e+32
1.462789e+14 7.876562e+32
1.474129e+14 8.039341e+32
1.485556e+14 8.205485e+32
1.497071e+14 8.375062e+32
1.508676e+14 8.548144e+32
1.520371e+14 8.724803e+32
1.532156e+14 8.905112e+32
1.544033e+14 9.089148e+32
1.556002e+14 9.276988e+32
1.568063e+14 9.468709e+32
1.580219e+14 9.664392e+32
1.592468e+14 9.864120e+32
1.604812e+14 1.006798e+33
1.617252e+14 1.027604e+33
1.629789e+14 1.048841e+33
1.642422e+14 1.070517e+33
1.655154e+14 1.092640e+33
1.667984e+14 1.115221e+33
1.680914e+14 1.138269e+33
1.693944e+14 1.161793e+33
1.707075e+14 1.185803e+33
1.720307e+14 1.210309e+33
1.733643e+14 1.235321e+33
1.747081e+14 1.260851e+33
1.760624e+14 1.286908e+33
1.774272e+14 1.313504e+33
1.788026e+14 1.340649e+33
1.801886e+14 1.368355e+33
1.815854e+14 1.396634e+33
1.829929e+14 1.425498e+33
1.844114e+14 1.454957e+33
1.858409e+14 1.485026e+33
1.872815e+14 1.515716e+33
1.887333e+14 1.547040e+33
1.901963e+14 1.579012e+33
1.916706e+14 1.611644e+33
1.931564e+14 1.644951e+33
1.946537e+14 1.678946e+33
1.961626e+14 1.713644e+33
1.976832e+14 1.749059e+33
1.992155e+14 1.785205e+33
2.007598e+14 1.822099e+33
2.023160e+14 1.859755e+33
2.038843e+14 1.898189e+33
2.054648e+14 1.937418e+33
2.070575e+14 1.977457e+33
2.086625e+14 2.018324e+33
2.102800e+14 2.060035e+33
2.119100e+14 2.102609e+33
2.135527e+14 2.146062e+33
2.152081e+14 2.190413e+33
2.168763e+14 2.235681e+33
2.185575e+14 2.281884e+33
2.202517e+14 2.329042e+33
2.219590e+14 2.377175e+33
2.236795e+14 2.426303e+33
2.254134e+14 2.476445e+33
2.271608e+14 2.527624e+33
2.289217e+14 2.579861e+33
2.306962e+14 2.633177e+33
2.324845e+14 2.687595e+33
2.342866e+14 2.743138e+33
2.361027e+14 2.799829e+33
2.379329e+14 2.857691e+33
2.397773e+14 2.916749e+33
2.416360e+14 2.977027e+33
2.435091e+14 3.038552e+33
2.453967e+14 3.101347e+33
2.472989e+14 3.165441e+33
2.492159e+14 3.230859e+33
2.511478e+14 3.297629e+33
2.530946e+14 3.365779e+33
2.550565e+14 3.435337e+33
2.570336e+14 3.506333e+33
2.590260e+14 3.578796e+33
2.610339e+14 3.652756e+33
2.630574e+14 3.728245e+33
2.650965e+14 3.805295e+33
2.671515e+14 3.883936e+33
2.692224e+14 3.964203e+33
2.713093e+14 4.046128e+33
2.734124e+14 4.129747e+33
2.755318e+14 4.215093e+33
2.776676e+14 4.302204e+33
2.798200e+14 4.391115e+33
2.819891e+14 4.481863e+33
2.841750e+14 4.574487e+33
2.863778e+14 4.669024e+33
2.885977e+14 4.765516e+33
2.908349e+14 4.864002e+33
2.930893e+14 4.964523e+33
