# epsilon [g/cm^3]   P [dyn/cm^2]
1.364583e+14 6.516435e+32
1.375161e+14 6.638877e+32
1.385821e+14 6.763619e+32
1.396563e+14 6.890705e+32
1.407389e+14 7.020179e+32
1.418299e+14 7.152086e+32
1.429293e+14 7.286472e+32
1.440372e+14 7.423382e+32
1.451538e+14 7.562865e+32
1.462789e+14 7.704969e+32
1.474129e+14 7.849743e+32
1.485556e+14 7.997237e+32
1.497071e+14 8.147503e+32
1.508676e+14 8.300592e+32
1.520371e+14 8.456557e+32
1.532156e+14 8.615453e+32
1.544033e+14 8.777335e+32
1.556002e+14 8.942258e+32
1.568063e+14 9.110280e+32
1.580219e+14 9.281460e+32
1.592468e+14 9.455855e+32
1.604812e+14 9.633528e+32
1.617252e+14 9.814539e+32
1.629789e+14 9.998951e+32
1.642422e+14 1.018683e+33
1.655154e+14 1.037824e+33
1.667984e+14 1.057324e+33
1.680914e+14 1.077191e+33
1.693944e+14 1.097431e+33
1.707075e+14 1.118051e+33
1.720307e+14 1.139059e+33
1.733643e+14 1.160461e+33
1.747081e+14 1.182266e+33
1.760624e+14 1.204481e+33
1.774272e+14 1.227112e+33
1.788026e+14 1.250169e+33
1.801886e+14 1.273660e+33
1.815854e+14 1.297591e+33
1.829929e+14 1.321973e+33
1.844114e+14 1.346812e+33
1.858409e+14 1.372118e+33
1.872815e+14 1.397900e+33
1.887333e+14 1.424166e+33
1.901963e+14 1.450926e+33
1.916706e+14 1.478188e+33
1.931564e+14 1.505963e+33
1.946537e+14 1.534259e+33
1.961626e+14 1.563088e+33
1.976832e+14 1.592458e+33
1.992155e+14 1.622379e+33
2.007598e+14 1.652863e+33
2.023160e+14 1.683920e+33
2.038843e+14 1.715560e+33
2.054648e+14 1.747795e+33
2.070575e+14 1.780636e+33
2.086625e+14 1.814093e+33
2.102800e+14 1.848180e+33
2.119100e+14 1.882906e+33
2.135527e+14 1.918286e+33
2.152081e+14 1.954329e+33
2.168763e+14 1.991051e+33
2.185575e+14 2.028462e+33
2.202517e+14 2.066576e+33
2.219590e+14 2.105406e+33
2.236795e+14 2.144966e+33
2.254134e+14 2.185270e+33
2.271608e+14 2.226330e+33
2.289217e+14 2.268162e+33
2.306962e+14 2.310780e+33
2.324845e+14 2.354199e+33
2.342866e+14 2.398434e+33
2.361027e+14 2.443499e+33
2.379329e+14 2.489412e+33
2.397773e+14 2.536187e+33
2.416360e+14 2.583841e+33
2.435091e+14 2.632391e+33
2.453967e+14 2.681853e+33
2.472989e+14 2.732244e+33
2.492159e+14 2.783582e+33
2.511478e+14 2.835884e+33
2.530946e+14 2.889170e+33
2.550565e+14 2.943456e+33
2.570336e+14 2.998763e+33
2.590260e+14 3.055109e+33
2.610339e+14 3.112513e+33
2.630574e+14 3.170997e+33
2.650965e+14 3.230579e+33
2.671515e+14 3.291280e+33
2.692224e+14 3.353122e+33
2.713093e+14 3.416126e+33
2.734124e+14 3.480314e+33
2.755318e+14 3.545708e+33
2.776676e+14 3.612331e+33
2.798200e+14 3.680205e+33
2.819891e+14 3.749355e+33
2.841750e+14 3.819805e+33
2.863778e+14 3.891577e+33
2.885977e+14 3.964699e+33
2.908349e+14 4.039194e+33
2.930893e+14 4.115090e+33
