# epsilon [g/cm^3]   P [dyn/cm^2]
1.364583e+14 6.589083e+32
1.375161e+14 6.738008e+32
1.385821e+14 6.890299e+32
1.396563e+14 7.046032e+32
1.407389e+14 7.205285e+32
1.418299e+14 7.368138e+32
1.429293e+14 7.534671e+32
1.440372e+14 7.704968e+32
1.451538e+14 7.879114e+32
1.462789e+14 8.057197e+32
1.474129e+14 8.239304e+32
1.485556e+14 8.425527e+32
1.497071e+14 8.615959e+32
1.508676e+14 8.810695e+32
1.520371e+14 9.009833e+32
1.532156e+14 9.213471e+32
1.544033e+14 9.421713e+32
1.556002e+14 9.634660e+32
1.568063e+14 9.852421e+32
1.580219e+14 1.007510e+33
1.592468e+14 1.030282e+33
1.604812e+14 1.053568e+33
1.617252e+14 1.077381e+33
1.629789e+14 1.101731e+33
1.642422e+14 1.126633e+33
1.655154e+14 1.152096e+33
1.667984e+14 1.178136e+33
1.680914e+14 1.204764e+33
1.693944e+14 1.231994e+33
1.707075e+14 1.259839e+33
1.720307e+14 1.288314e+33
1.733643e+14 1.317432e+33
1.747081e+14 1.347208e+33
1.760624e+14 1.377658e+33
1.774272e+14 1.408795e+33
1.788026e+14 1.440636e+33
1.801886e+14 1.473197e+33
1.815854e+14 1.506494e+33
1.829929e+14 1.540544e+33
1.844114e+14 1.575363e+33
1.858409e+14 1.610969e+33
1.872815e+14 1.647380e+33
1.887333e+14 1.684614e+33
1.901963e+14 1.722689e+33
1.916706e+14 1.761625e+33
1.931564e+14 1.801441e+33
1.946537e+14 1.842156e+33
1.961626e+14 1.883792e+33
1.976832e+14 1.926370e+33
1.992155e+14 1.969909e+33
2.007598e+14 2.014432e+33
2.023160e+14 2.059962e+33
2.038843e+14 2.106521e+33
2.054648e+14 2.154132e+33
2.070575e+14 2.202820e+33
2.086625e+14 2.252607e+33
2.102800e+14 2.303520e+33
2.119100e+14 2.355584e+33
2.135527e+14 2.408824e+33
2.152081e+14 2.463268e+33
2.168763e+14 2.518943e+33
2.185575e+14 2.575875e+33
2.202517e+14 2.634095e+33
2.219590e+14 2.693630e+33
2.236795e+14 2.754511e+33
2.254134e+14 2.816768e+33
2.271608e+14 2.880432e+33
2.289217e+14 2.945535e+33
2.306962e+14 3.012109e+33
2.324845e+14 3.080188e+33
2.342866e+14 3.149806e+33
2.361027e+14 3.220997e+33
2.379329e+14 3.293798e+33
2.397773e+14 3.368244e+33
2.416360e+14 3.444372e+33
2.435091e+14 3.522221e+33
2.453967e+14 3.601829e+33
2.472989e+14 3.683237e+33
2.492159e+14 3.766485e+33
2.511478e+14 3.851614e+33
2.530946e+14 3.938668e+33
2.550565e+14 4.027689e+33
2.570336e+14 4.118722e+33
2.590260e+14 4.211813e+33
2.610339e+14 4.307007e+33
2.630574e+14 4.404353e+33
2.650965e+14 4.503900e+33
2.671515e+14 4.605696e+33
2.692224e+14 4.709793e+33
2.713093e+14 4.816243e+33
2.734124e+14 4.925098e+33
2.755318e+14 5.036415e+33
2.776676e+14 5.150247e+33
2.798200e+14 5.266651e+33
2.819891e+14 5.385687e+33
2.841750e+14 5.507414e+33
2.863778e+14 5.631891e+33
2.885977e+14 5.759182e+33
2.908349e+14 5.889350e+33
2.930893e+14 6.022460e+33
