# epsilon [g/cm^3]   P [dyn/cm^2]
1.364583e+14 6.492337e+32
1.375161e+14 6.606076e+32
1.385821e+14 6.721808e+32
1.396563e+14 6.839567e+32
1.407389e+14 6.959389e+32
1.418299e+14 7.081310e+32
1.429293e+14 7.205367e+32
1.440372e+14 7.331598e+32
1.451538e+14 7.460039e+32
1.462789e+14 7.590732e+32
1.474129e+14 7.723713e+32
1.485556e+14 7.859025e+32
1.497071e+14 7.996707e+32
1.508676e+14 8.136800e+32
1.520371e+14 8.279349e+32
1.532156e+14 8.424394e+32
1.544033e+14 8.571981e+32
1.556002e+14 8.722153e+32
1.568063e+14 8.874956e+32
1.580219e+14 9.030436e+32
1.592468e+14 9.188640e+32
1.604812e+14 9.349615e+32
1.617252e+14 9.513411e+32
1.629789e+14 9.680076e+32
1.642422e+14 9.849660e+32
1.655154e+14 1.002222e+33
1.667984e+14 1.019779e+33
1.680914e+14 1.037645e+33
1.693944e+14 1.055823e+33
1.707075e+14 1.074320e+33
1.720307e+14 1.093141e+33
1.733643e+14 1.112292e+33
1.747081e+14 1.131778e+33
1.760624e+14 1.151606e+33
1.774272e+14 1.171781e+33
1.788026e+14 1.192309e+33
1.801886e+14 1.213197e+33
1.815854e+14 1.234451e+33
1.829929e+14 1.256077e+33
1.844114e+14 1.278082e+33
1.858409e+14 1.300473e+33
1.872815e+14 1.323256e+33
1.887333e+14 1.346438e+33
1.901963e+14 1.370026e+33
1.916706e+14 1.394028e+33
1.931564e+14 1.418450e+33
1.946537e+14 1.443299e+33
1.961626e+14 1.468585e+33
1.976832e+14 1.494313e+33
1.992155e+14 1.520491e+33
2.007598e+14 1.547129e+33
2.023160e+14 1.574233e+33
2.038843e+14 1.601812e+33
2.054648e+14 1.629874e+33
2.070575e+14 1.658428e+33
2.086625e+14 1.687481e+33
2.102800e+14 1.717044e+33
2.119100e+14 1.747125e+33
2.135527e+14 1.777733e+33
2.152081e+14 1.808877e+33
2.168763e+14 1.840567e+33
2.185575e+14 1.872811e+33
2.202517e+14 1.905621e+33
2.219590e+14 1.939006e+33
2.236795e+14 1.972975e+33
2.254134e+14 2.007539e+33
2.271608e+14 2.042709e+33
2.289217e+14 2.078496e+33
2.306962e+14 2.114909e+33
2.324845e+14 2.151960e+33
2.342866e+14 2.189660e+33
2.361027e+14 2.228020e+33
2.379329e+14 2.267053e+33
2.397773e+14 2.306769e+33
2.416360e+14 2.347181e+33
2.435091e+14 2.388302e+33
2.453967e+14 2.430142e+33
2.472989e+14 2.472716e+33
2.492159e+14 2.516035e+33
2.511478e+14 2.560113e+33
2.530946e+14 2.604964e+33
2.550565e+14 2.650600e+33
2.570336e+14 2.697036e+33
2.590260e+14 2.744285e+33
2.610339e+14 2.792362e+33
2.630574e+14 2.841281e+33
2.650965e+14 2.891058e+33
2.671515e+14 2.941706e+33
2.692224e+14 2.993242e+33
2.713093e+14 3.045680e+33
2.734124e+14 3.099037e+33
2.755318e+14 3.153329e+33
2.776676e+14 3.208572e+33
2.798200e+14 3.264783e+33
2.819891e+14 3.321979e+33
2.841750e+14 3.380176e+33
2.863778e+14 3.439393e+33
2.885977e+14 3.499648e+33
2.908349e+14 3.560958e+33
2.930893e+14 3.623342e+33
