# epsilon [g/cm^3]   P [dyn/cm^2]
1.364583e+14 6.583180e+32
1.375161e+14 6.729939e+32
1.385821e+14 6.879970e+32
1.396563e+14 7.033346e+32
1.407389e+14 7.190141e+32
1.418299e+14 7.350431e+32
1.429293e+14 7.514295e+32
1.440372e+14 7.681811e+32
1.451538e+14 7.853063e+32
1.462789e+14 8.028132e+32
1.474129e+14 8.207103e+32
1.485556e+14 8.390065e+32
1.497071e+14 8.577105e+32
1.508676e+14 8.768315e+32
1.520371e+14 8.963788e+32
1.532156e+14 9.163619e+32
1.544033e+14 9.367904e+32
1.556002e+14 9.576743e+32
1.568063e+14 9.790238e+32
1.580219e+14 1.000849e+33
1.592468e+14 1.023161e+33
1.604812e+14 1.045971e+33
1.617252e+14 1.069289e+33
1.629789e+14 1.093126e+33
1.642422e+14 1.117496e+33
1.655154e+14 1.142408e+33
1.667984e+14 1.167876e+33
1.680914e+14 1.193911e+33
1.693944e+14 1.220527e+33
1.707075e+14 1.247737e+33
1.720307e+14 1.275552e+33
1.733643e+14 1.303988e+33
1.747081e+14 1.333058e+33
1.760624e+14 1.362776e+33
1.774272e+14 1.393157e+33
1.788026e+14 1.424215e+33
1.801886e+14 1.455965e+33
1.815854e+14 1.488423e+33
1.829929e+14 1.521604e+33
1.844114e+14 1.555525e+33
1.858409e+14 1.590203e+33
1.872815e+14 1.625653e+33
1.887333e+14 1.661894e+33
1.901963e+14 1.698943e+33
1.916706e+14 1.736818e+33
1.931564e+14 1.775537e+33
1.946537e+14 1.815119e+33
1.961626e+14 1.855583e+33
1.976832e+14 1.896950e+33
1.992155e+14 1.939239e+33
2.007598e+14 1.982470e+33
2.023160e+14 2.026666e+33
2.038843e+14 2.071846e+33
2.054648e+14 2.118034e+33
2.070575e+14 2.165252e+33
2.086625e+14 2.213522e+33
2.102800e+14 2.262868e+33
2.119100e+14 2.313314e+33
2.135527e+14 2.364885e+33
2.152081e+14 2.417606e+33
2.168763e+14 2.471502e+33
2.185575e+14 2.526599e+33
2.202517e+14 2.582925e+33
2.219590e+14 2.640506e+33
2.236795e+14 2.699371e+33
2.254134e+14 2.759548e+33
2.271608e+14 2.821067e+33
2.289217e+14 2.883958e+33
2.306962e+14 2.948250e+33
2.324845e+14 3.013975e+33
2.342866e+14 3.081166e+33
2.361027e+14 3.149855e+33
2.379329e+14 3.220075e+33
2.397773e+14 3.291860e+33
2.416360e+14 3.365246e+33
2.435091e+14 3.440268e+33
2.453967e+14 3.516962e+33
2.472989e+14 3.595366e+33
2.492159e+14 3.675517e+33
2.511478e+14 3.757456e+33
2.530946e+14 3.841221e+33
2.550565e+14 3.926854e+33
2.570336e+14 4.014396e+33
2.590260e+14 4.103889e+33
2.610339e+14 4.195377e+33
2.630574e+14 4.288905e+33
2.650965e+14 4.384518e+33
2.671515e+14 4.482262e+33
2.692224e+14 4.582186e+33
2.713093e+14 4.684337e+33
2.734124e+14 4.788765e+33
2.755318e+14 4.895521e+33
2.776676e+14 5.004658e+33
2.798200e+14 5.116227e+33
2.819891e+14 5.230283e+33
2.841750e+14 5.346882e+33
2.863778e+14 5.466081e+33
2.885977e+14 5.587937e+33
2.908349e+14 5.712509e+33
2.930893e+14 5.839858e+33
