# epsilon [g/cm^3]   P [dyn/cm^2]
1.364583e+14 6.423807e+32
1.375161e+14 6.513021e+32
1.385821e+14 6.603474e+32
1.396563e+14 6.695184e+32
1.407389e+14 6.788166e+32
1.418299e+14 6.882441e+32
1.429293e+14 6.978024e+32
1.440372e+14 7.074936e+32
1.451538e+14 7.173193e+32
1.462789e+14 7.272814e+32
1.474129e+14 7.373819e+32
1.485556e+14 7.476227e+32
1.497071e+14 7.580057e+32
1.508676e+14 7.685329e+32
1.520371e+14 7.792064e+32
1.532156e+14 7.900280e+32
1.544033e+14 8.010000e+32
1.556002e+14 8.121243e+32
1.568063e+14 8.234031e+32
1.580219e+14 8.348385e+32
1.592468e+14 8.464328e+32
1.604812e+14 8.581881e+32
1.617252e+14 8.701067e+32
1.629789e+14 8.821907e+32
1.642422e+14 8.944426e+32
1.655154e+14 9.068647e+32
1.667984e+14 9.194593e+32
1.680914e+14 9.322288e+32
1.693944e+14 9.451756e+32
1.707075e+14 9.583022e+32
1.720307e+14 9.716112e+32
1.733643e+14 9.851049e+32
1.747081e+14 9.987861e+32
1.760624e+14 1.012657e+33
1.774272e+14 1.026721e+33
1.788026e+14 1.040980e+33
1.801886e+14 1.055437e+33
1.815854e+14 1.070095e+33
1.829929e+14 1.084957e+33
1.844114e+14 1.100025e+33
1.858409e+14 1.115302e+33
1.872815e+14 1.130791e+33
1.887333e+14 1.146496e+33
1.901963e+14 1.162418e+33
1.916706e+14 1.178562e+33
1.931564e+14 1.194930e+33
1.946537e+14 1.211525e+33
1.961626e+14 1.228351e+33
1.976832e+14 1.245410e+33
1.992155e+14 1.262707e+33
2.007598e+14 1.280243e+33
2.023160e+14 1.298023e+33
2.038843e+14 1.316050e+33
2.054648e+14 1.334328e+33
2.070575e+14 1.352859e+33
2.086625e+14 1.371647e+33
2.102800e+14 1.390697e+33
2.119100e+14 1.410011e+33
2.135527e+14 1.429593e+33
2.152081e+14 1.449448e+33
2.168763e+14 1.469578e+33
2.185575e+14 1.489987e+33
2.202517e+14 1.510680e+33
2.219590e+14 1.531660e+33
2.236795e+14 1.552932e+33
2.254134e+14 1.574499e+33
2.271608e+14 1.596366e+33
2.289217e+14 1.618537e+33
2.306962e+14 1.641015e+33
2.324845e+14 1.663805e+33
2.342866e+14 1.686912e+33
2.361027e+14 1.710340e+33
2.379329e+14 1.734093e+33
2.397773e+14 1.758177e+33
2.416360e+14 1.782594e+33
2.435091e+14 1.807351e+33
2.453967e+14 1.832452e+33
2.472989e+14 1.857901e+33
2.492159e+14 1.883703e+33
2.511478e+14 1.909864e+33
2.530946e+14 1.936389e+33
2.550565e+14 1.963281e+33
2.570336e+14 1.990547e+33
2.590260e+14 2.018192e+33
2.610339e+14 2.046221e+33
2.630574e+14 2.074639e+33
2.650965e+14 2.103452e+33
2.671515e+14 2.132664e+33
2.692224e+14 2.162283e+33
2.713093e+14 2.192313e+33
2.734124e+14 2.222760e+33
2.755318e+14 2.253629e+33
2.776676e+14 2.284928e+33
2.798200e+14 2.316661e+33
2.819891e+14 2.348835e+33
2.841750e+14 2.381456e+33
2.863778e+14 2.414530e+33
2.885977e+14 2.448063e+33
2.908349e+14 2.482061e+33
2.930893e+14 2.516532e+33
