# epsilon [g/cm^3]   P [dyn/cm^2]
1.364583e+14 6.628453e+32
1.375161e+14 6.791884e+32
1.385821e+14 6.959345e+32
1.396563e+14 7.130935e+32
1.407389e+14 7.306756e+32
1.418299e+14 7.486912e+32
1.429293e+14 7.671509e+32
1.440372e+14 7.860659e+32
1.451538e+14 8.054471e+32
1.462789e+14 8.253063e+32
1.474129e+14 8.456551e+32
1.485556e+14 8.665056e+32
1.497071e+14 8.878702e+32
1.508676e+14 9.097616e+32
1.520371e+14 9.321927e+32
1.532156e+14 9.551769e+32
1.544033e+14 9.787278e+32
1.556002e+14 1.002859e+33
1.568063e+14 1.027586e+33
1.580219e+14 1.052922e+33
1.592468e+14 1.078883e+33
1.604812e+14 1.105484e+33
1.617252e+14 1.132741e+33
1.629789e+14 1.160670e+33
1.642422e+14 1.189287e+33
1.655154e+14 1.218611e+33
1.667984e+14 1.248657e+33
1.680914e+14 1.279444e+33
1.693944e+14 1.310990e+33
1.707075e+14 1.343313e+33
1.720307e+14 1.376434e+33
1.733643e+14 1.410372e+33
1.747081e+14 1.445146e+33
1.760624e+14 1.480777e+33
1.774272e+14 1.517288e+33
1.788026e+14 1.554698e+33
1.801886e+14 1.593031e+33
1.815854e+14 1.632308e+33
1.829929e+14 1.672555e+33
1.844114e+14 1.713793e+33
1.858409e+14 1.756049e+33
1.872815e+14 1.799346e+33
1.887333e+14 1.843711e+33
1.901963e+14 1.889169e+33
1.916706e+14 1.935749e+33
1.931564e+14 1.983477e+33
1.946537e+14 2.032382e+33
1.961626e+14 2.082492e+33
1.976832e+14 2.133838e+33
1.992155e+14 2.186450e+33
2.007598e+14 2.240359e+33
2.023160e+14 2.295598e+33
2.038843e+14 2.352198e+33
2.054648e+14 2.410194e+33
2.070575e+14 2.469620e+33
2.086625e+14 2.530511e+33
2.102800e+14 2.592903e+33
2.119100e+14 2.656834e+33
2.135527e+14 2.722341e+33
2.152081e+14 2.789463e+33
2.168763e+14 2.858241e+33
2.185575e+14 2.928713e+33
2.202517e+14 3.000924e+33
2.219590e+14 3.074915e+33
2.236795e+14 3.150730e+33
2.254134e+14 3.228415e+33
2.271608e+14 3.308015e+33
2.289217e+14 3.389577e+33
2.306962e+14 3.473151e+33
2.324845e+14 3.558785e+33
2.342866e+14 3.646531e+33
2.361027e+14 3.736440e+33
2.379329e+14 3.828566e+33
2.397773e+14 3.922963e+33
2.416360e+14 4.019688e+33
2.435091e+14 4.118797e+33
2.453967e+14 4.220351e+33
2.472989e+14 4.324408e+33
2.492159e+14 4.431031e+33
2.511478e+14 4.540282e+33
2.530946e+14 4.652228e+33
2.550565e+14 4.766934e+33
2.570336e+14 4.884467e+33
2.590260e+14 5.004899e+33
2.610339e+14 5.128300e+33
2.630574e+14 5.254744e+33
2.650965e+14 5.384305e+33
2.671515e+14 5.517061e+33
2.692224e+14 5.653090e+33
2.713093e+14 5.792472e+33
2.734124e+14 5.935292e+33
2.755318e+14 6.081633e+33
2.776676e+14 6.231582e+33
2.798200e+14 6.385228e+33
2.819891e+14 6.542663e+33
2.841750e+14 6.703979e+33
2.863778e+14 6.869273e+33
2.885977e+14 7.038642e+33
2.908349e+14 7.212187e+33
2.930893e+14 7.390011e+33
