# epsilon [g/cm^3]   P [dyn/cm^2]
1.364583e+14 6.492548e+32
1.375161e+14 6.606363e+32
1.385821e+14 6.722173e+32
1.396563e+14 6.840013e+32
1.407389e+14 6.959919e+32
1.418299e+14 7.081927e+32
1.429293e+14 7.206073e+32
1.440372e+14 7.332397e+32
1.451538e+14 7.460934e+32
1.462789e+14 7.591725e+32
1.474129e+14 7.724808e+32
1.485556e+14 7.860225e+32
1.497071e+14 7.998015e+32
1.508676e+14 8.138221e+32
1.520371e+14 8.280885e+32
1.532156e+14 8.426049e+32
1.544033e+14 8.573758e+32
1.556002e+14 8.724057e+32
1.568063e+14 8.876990e+32
1.580219e+14 9.032605e+32
1.592468e+14 9.190947e+32
1.604812e+14 9.352065e+32
1.617252e+14 9.516008e+32
1.629789e+14 9.682824e+32
1.642422e+14 9.852565e+32
1.655154e+14 1.002528e+33
1.667984e+14 1.020102e+33
1.680914e+14 1.037985e+33
1.693944e+14 1.056181e+33
1.707075e+14 1.074696e+33
1.720307e+14 1.093535e+33
1.733643e+14 1.112705e+33
1.747081e+14 1.132211e+33
1.760624e+14 1.152059e+33
1.774272e+14 1.172254e+33
1.788026e+14 1.192804e+33
1.801886e+14 1.213714e+33
1.815854e+14 1.234990e+33
1.829929e+14 1.256640e+33
1.844114e+14 1.278669e+33
1.858409e+14 1.301084e+33
1.872815e+14 1.323892e+33
1.887333e+14 1.347100e+33
1.901963e+14 1.370715e+33
1.916706e+14 1.394744e+33
1.931564e+14 1.419194e+33
1.946537e+14 1.444072e+33
1.961626e+14 1.469387e+33
1.976832e+14 1.495145e+33
1.992155e+14 1.521355e+33
2.007598e+14 1.548025e+33
2.023160e+14 1.575162e+33
2.038843e+14 1.602775e+33
2.054648e+14 1.630871e+33
2.070575e+14 1.659461e+33
2.086625e+14 1.688551e+33
2.102800e+14 1.718152e+33
2.119100e+14 1.748271e+33
2.135527e+14 1.778918e+33
2.152081e+14 1.810103e+33
2.168763e+14 1.841834e+33
2.185575e+14 1.874122e+33
2.202517e+14 1.906975e+33
2.219590e+14 1.940404e+33
2.236795e+14 1.974420e+33
2.254134e+14 2.009032e+33
2.271608e+14 2.044250e+33
2.289217e+14 2.080086e+33
2.306962e+14 2.116550e+33
2.324845e+14 2.153653e+33
2.342866e+14 2.191407e+33
2.361027e+14 2.229823e+33
2.379329e+14 2.268912e+33
2.397773e+14 2.308686e+33
2.416360e+14 2.349157e+33
2.435091e+14 2.390338e+33
2.453967e+14 2.432241e+33
2.472989e+14 2.474878e+33
2.492159e+14 2.518263e+33
2.511478e+14 2.562408e+33
2.530946e+14 2.607328e+33
2.550565e+14 2.653034e+33
2.570336e+14 2.699542e+33
2.590260e+14 2.746865e+33
2.610339e+14 2.795018e+33
2.630574e+14 2.844015e+33
2.650965e+14 2.893871e+33
2.671515e+14 2.944601e+33
2.692224e+14 2.996220e+33
2.713093e+14 3.048744e+33
2.734124e+14 3.102188e+33
2.755318e+14 3.156570e+33
2.776676e+14 3.211905e+33
2.798200e+14 3.268210e+33
2.819891e+14 3.325502e+33
2.841750e+14 3.383798e+33
2.863778e+14 3.443116e+33
2.885977e+14 3.503474e+33
2.908349e+14 3.564891e+33
2.930893e+14 3.627383e+33
