# epsilon [g/cm^3]   P [dyn/cm^2]
1.364583e+14 6.633932e+32
1.375161e+14 6.799392e+32
1.385821e+14 6.968977e+32
1.396563e+14 7.142793e+32
1.407389e+14 7.320944e+32
1.418299e+14 7.503538e+32
1.429293e+14 7.690686e+32
1.440372e+14 7.882502e+32
1.451538e+14 8.079102e+32
1.462789e+14 8.280606e+32
1.474129e+14 8.487135e+32
1.485556e+14 8.698816e+32
1.497071e+14 8.915776e+32
1.508676e+14 9.138147e+32
1.520371e+14 9.366065e+32
1.532156e+14 9.599667e+32
1.544033e+14 9.839096e+32
1.556002e+14 1.008450e+33
1.568063e+14 1.033602e+33
1.580219e+14 1.059381e+33
1.592468e+14 1.085803e+33
1.604812e+14 1.112885e+33
1.617252e+14 1.140642e+33
1.629789e+14 1.169091e+33
1.642422e+14 1.198250e+33
1.655154e+14 1.228135e+33
1.667984e+14 1.258767e+33
1.680914e+14 1.290162e+33
1.693944e+14 1.322340e+33
1.707075e+14 1.355321e+33
1.720307e+14 1.389125e+33
1.733643e+14 1.423772e+33
1.747081e+14 1.459282e+33
1.760624e+14 1.495679e+33
1.774272e+14 1.532983e+33
1.788026e+14 1.571218e+33
1.801886e+14 1.610406e+33
1.815854e+14 1.650572e+33
1.829929e+14 1.691739e+33
1.844114e+14 1.733933e+33
1.858409e+14 1.777180e+33
1.872815e+14 1.821505e+33
1.887333e+14 1.866936e+33
1.901963e+14 1.913500e+33
1.916706e+14 1.961225e+33
1.931564e+14 2.010141e+33
1.946537e+14 2.060276e+33
1.961626e+14 2.111662e+33
1.976832e+14 2.164330e+33
1.992155e+14 2.218311e+33
2.007598e+14 2.273639e+33
2.023160e+14 2.330347e+33
2.038843e+14 2.388468e+33
2.054648e+14 2.448040e+33
2.070575e+14 2.509097e+33
2.086625e+14 2.571678e+33
2.102800e+14 2.635819e+33
2.119100e+14 2.701560e+33
2.135527e+14 2.768940e+33
2.152081e+14 2.838001e+33
2.168763e+14 2.908785e+33
2.185575e+14 2.981334e+33
2.202517e+14 3.055692e+33
2.219590e+14 3.131905e+33
2.236795e+14 3.210019e+33
2.254134e+14 3.290081e+33
2.271608e+14 3.372140e+33
2.289217e+14 3.456246e+33
2.306962e+14 3.542449e+33
2.324845e+14 3.630803e+33
2.342866e+14 3.721360e+33
2.361027e+14 3.814176e+33
2.379329e+14 3.909306e+33
2.397773e+14 4.006810e+33
2.416360e+14 4.106745e+33
2.435091e+14 4.209173e+33
2.453967e+14 4.314155e+33
2.472989e+14 4.421756e+33
2.492159e+14 4.532040e+33
2.511478e+14 4.645075e+33
2.530946e+14 4.760930e+33
2.550565e+14 4.879674e+33
2.570336e+14 5.001379e+33
2.590260e+14 5.126120e+33
2.610339e+14 5.253973e+33
2.630574e+14 5.385014e+33
2.650965e+14 5.519323e+33
2.671515e+14 5.656982e+33
2.692224e+14 5.798075e+33
2.713093e+14 5.942687e+33
2.734124e+14 6.090905e+33
2.755318e+14 6.242821e+33
2.776676e+14 6.398525e+33
2.798200e+14 6.558113e+33
2.819891e+14 6.721681e+33
2.841750e+14 6.889329e+33
2.863778e+14 7.061158e+33
2.885977e+14 7.237273e+33
2.908349e+14 7.417780e+33
2.930893e+14 7.602789e+33
