# epsilon [g/cm^3]   P [dyn/cm^2]
1.364583e+14 6.638773e+32
1.375161e+14 6.806025e+32
1.385821e+14 6.977490e+32
1.396563e+14 7.153275e+32
1.407389e+14 7.333489e+32
1.418299e+14 7.518243e+32
1.429293e+14 7.707652e+32
1.440372e+14 7.901832e+32
1.451538e+14 8.100904e+32
1.462789e+14 8.304992e+32
1.474129e+14 8.514221e+32
1.485556e+14 8.728722e+32
1.497071e+14 8.948626e+32
1.508676e+14 9.174071e+32
1.520371e+14 9.405195e+32
1.532156e+14 9.642142e+32
1.544033e+14 9.885058e+32
1.556002e+14 1.013409e+33
1.568063e+14 1.038940e+33
1.580219e+14 1.065115e+33
1.592468e+14 1.091948e+33
1.604812e+14 1.119458e+33
1.617252e+14 1.147661e+33
1.629789e+14 1.176574e+33
1.642422e+14 1.206216e+33
1.655154e+14 1.236604e+33
1.667984e+14 1.267758e+33
1.680914e+14 1.299697e+33
1.693944e+14 1.332440e+33
1.707075e+14 1.366009e+33
1.720307e+14 1.400423e+33
1.733643e+14 1.435704e+33
1.747081e+14 1.471874e+33
1.760624e+14 1.508955e+33
1.774272e+14 1.546971e+33
1.788026e+14 1.585944e+33
1.801886e+14 1.625899e+33
1.815854e+14 1.666860e+33
1.829929e+14 1.708854e+33
1.844114e+14 1.751905e+33
1.858409e+14 1.796042e+33
1.872815e+14 1.841290e+33
1.887333e+14 1.887678e+33
1.901963e+14 1.935234e+33
1.916706e+14 1.983989e+33
1.931564e+14 2.033972e+33
1.946537e+14 2.085214e+33
1.961626e+14 2.137747e+33
1.976832e+14 2.191604e+33
1.992155e+14 2.246818e+33
2.007598e+14 2.303422e+33
2.023160e+14 2.361453e+33
2.038843e+14 2.420945e+33
2.054648e+14 2.481937e+33
2.070575e+14 2.544464e+33
2.086625e+14 2.608568e+33
2.102800e+14 2.674286e+33
2.119100e+14 2.741660e+33
2.135527e+14 2.810731e+33
2.152081e+14 2.881542e+33
2.168763e+14 2.954137e+33
2.185575e+14 3.028561e+33
2.202517e+14 3.104861e+33
2.219590e+14 3.183082e+33
2.236795e+14 3.263274e+33
2.254134e+14 3.345486e+33
2.271608e+14 3.429770e+33
2.289217e+14 3.516177e+33
2.306962e+14 3.604760e+33
2.324845e+14 3.695576e+33
2.342866e+14 3.788679e+33
2.361027e+14 3.884128e+33
2.379329e+14 3.981982e+33
2.397773e+14 4.082300e+33
2.416360e+14 4.185147e+33
2.435091e+14 4.290584e+33
2.453967e+14 4.398677e+33
2.472989e+14 4.509494e+33
2.492159e+14 4.623103e+33
2.511478e+14 4.739573e+33
2.530946e+14 4.858978e+33
2.550565e+14 4.981392e+33
2.570336e+14 5.106889e+33
2.590260e+14 5.235548e+33
2.610339e+14 5.367448e+33
2.630574e+14 5.502671e+33
2.650965e+14 5.641301e+33
2.671515e+14 5.783423e+33
2.692224e+14 5.929126e+33
2.713093e+14 6.078500e+33
2.734124e+14 6.231636e+33
2.755318e+14 6.388631e+33
2.776676e+14 6.549581e+33
2.798200e+14 6.714586e+33
2.819891e+14 6.883748e+33
2.841750e+14 7.057172e+33
2.863778e+14 7.234964e+33
2.885977e+14 7.417236e+33
2.908349e+14 7.604100e+33
2.930893e+14 7.795672e+33
