# epsilon [g/cm^3]   P [dyn/cm^2]
1.364583e+14 6.500876e+32
1.375161e+14 6.617693e+32
1.385821e+14 6.736611e+32
1.396563e+14 6.857665e+32
1.407389e+14 6.980894e+32
1.418299e+14 7.106337e+32
1.429293e+14 7.234035e+32
1.440372e+14 7.364028e+32
1.451538e+14 7.496356e+32
1.462789e+14 7.631062e+32
1.474129e+14 7.768189e+32
1.485556e+14 7.907780e+32
1.497071e+14 8.049880e+32
1.508676e+14 8.194532e+32
1.520371e+14 8.341785e+32
1.532156e+14 8.491683e+32
1.544033e+14 8.644275e+32
1.556002e+14 8.799609e+32
1.568063e+14 8.957734e+32
1.580219e+14 9.118700e+32
1.592468e+14 9.282559e+32
1.604812e+14 9.449363e+32
1.617252e+14 9.619164e+32
1.629789e+14 9.792016e+32
1.642422e+14 9.967974e+32
1.655154e+14 1.014709e+33
1.667984e+14 1.032943e+33
1.680914e+14 1.051505e+33
1.693944e+14 1.070400e+33
1.707075e+14 1.089635e+33
1.720307e+14 1.109215e+33
1.733643e+14 1.129147e+33
1.747081e+14 1.149437e+33
1.760624e+14 1.170092e+33
1.774272e+14 1.191118e+33
1.788026e+14 1.212522e+33
1.801886e+14 1.234311e+33
1.815854e+14 1.256491e+33
1.829929e+14 1.279069e+33
1.844114e+14 1.302053e+33
1.858409e+14 1.325451e+33
1.872815e+14 1.349269e+33
1.887333e+14 1.373514e+33
1.901963e+14 1.398196e+33
1.916706e+14 1.423321e+33
1.931564e+14 1.448897e+33
1.946537e+14 1.474933e+33
1.961626e+14 1.501437e+33
1.976832e+14 1.528417e+33
1.992155e+14 1.555882e+33
2.007598e+14 1.583841e+33
2.023160e+14 1.612302e+33
2.038843e+14 1.641274e+33
2.054648e+14 1.670767e+33
2.070575e+14 1.700790e+33
2.086625e+14 1.731353e+33
2.102800e+14 1.762464e+33
2.119100e+14 1.794135e+33
2.135527e+14 1.826375e+33
2.152081e+14 1.859194e+33
2.168763e+14 1.892603e+33
2.185575e+14 1.926612e+33
2.202517e+14 1.961233e+33
2.219590e+14 1.996475e+33
2.236795e+14 2.032351e+33
2.254134e+14 2.068871e+33
2.271608e+14 2.106048e+33
2.289217e+14 2.143893e+33
2.306962e+14 2.182418e+33
2.324845e+14 2.221635e+33
2.342866e+14 2.261556e+33
2.361027e+14 2.302196e+33
2.379329e+14 2.343565e+33
2.397773e+14 2.385678e+33
2.416360e+14 2.428548e+33
2.435091e+14 2.472188e+33
2.453967e+14 2.516612e+33
2.472989e+14 2.561834e+33
2.492159e+14 2.607869e+33
2.511478e+14 2.654731e+33
2.530946e+14 2.702436e+33
2.550565e+14 2.750997e+33
2.570336e+14 2.800432e+33
2.590260e+14 2.850754e+33
2.610339e+14 2.901981e+33
2.630574e+14 2.954128e+33
2.650965e+14 3.007213e+33
2.671515e+14 3.061251e+33
2.692224e+14 3.116260e+33
2.713093e+14 3.172258e+33
2.734124e+14 3.229262e+33
2.755318e+14 3.287291e+33
2.776676e+14 3.346362e+33
2.798200e+14 3.406495e+33
2.819891e+14 3.467708e+33
2.841750e+14 3.530021e+33
2.863778e+14 3.593454e+33
2.885977e+14 3.658027e+33
2.908349e+14 3.723760e+33
2.930893e+14 3.790674e+33
