# epsilon [g/cm^3]   P [dyn/cm^2]
1.364583e+14 6.533007e+32
1.375161e+14 6.661457e+32
1.385821e+14 6.792433e+32
1.396563e+14 6.925984e+32
1.407389e+14 7.062160e+32
1.418299e+14 7.201015e+32
1.429293e+14 7.342599e+32
1.440372e+14 7.486967e+32
1.451538e+14 7.634174e+32
1.462789e+14 7.784275e+32
1.474129e+14 7.937328e+32
1.485556e+14 8.093389e+32
1.497071e+14 8.252519e+32
1.508676e+14 8.414778e+32
1.520371e+14 8.580227e+32
1.532156e+14 8.748929e+32
1.544033e+14 8.920948e+32
1.556002e+14 9.096350e+32
1.568063e+14 9.275200e+32
1.580219e+14 9.457566e+32
1.592468e+14 9.643518e+32
1.604812e+14 9.833127e+32
1.617252e+14 1.002646e+33
1.629789e+14 1.022360e+33
1.642422e+14 1.042461e+33
1.655154e+14 1.062958e+33
1.667984e+14 1.083858e+33
1.680914e+14 1.105168e+33
1.693944e+14 1.126898e+33
1.707075e+14 1.149054e+33
1.720307e+14 1.171647e+33
1.733643e+14 1.194683e+33
1.747081e+14 1.218173e+33
1.760624e+14 1.242124e+33
1.774272e+14 1.266547e+33
1.788026e+14 1.291449e+33
1.801886e+14 1.316841e+33
1.815854e+14 1.342733e+33
1.829929e+14 1.369133e+33
1.844114e+14 1.396053e+33
1.858409e+14 1.423502e+33
1.872815e+14 1.451490e+33
1.887333e+14 1.480029e+33
1.901963e+14 1.509129e+33
1.916706e+14 1.538801e+33
1.931564e+14 1.569056e+33
1.946537e+14 1.599907e+33
1.961626e+14 1.631364e+33
1.976832e+14 1.663439e+33
1.992155e+14 1.696145e+33
2.007598e+14 1.729494e+33
2.023160e+14 1.763499e+33
2.038843e+14 1.798173e+33
2.054648e+14 1.833528e+33
2.070575e+14 1.869578e+33
2.086625e+14 1.906337e+33
2.102800e+14 1.943819e+33
2.119100e+14 1.982038e+33
2.135527e+14 2.021008e+33
2.152081e+14 2.060745e+33
2.168763e+14 2.101263e+33
2.185575e+14 2.142577e+33
2.202517e+14 2.184704e+33
2.219590e+14 2.227659e+33
2.236795e+14 2.271459e+33
2.254134e+14 2.316119e+33
2.271608e+14 2.361658e+33
2.289217e+14 2.408093e+33
2.306962e+14 2.455440e+33
2.324845e+14 2.503718e+33
2.342866e+14 2.552946e+33
2.361027e+14 2.603141e+33
2.379329e+14 2.654323e+33
2.397773e+14 2.706512e+33
2.416360e+14 2.759727e+33
2.435091e+14 2.813988e+33
2.453967e+14 2.869315e+33
2.472989e+14 2.925731e+33
2.492159e+14 2.983256e+33
2.511478e+14 3.041912e+33
2.530946e+14 3.101721e+33
2.550565e+14 3.162707e+33
2.570336e+14 3.224891e+33
2.590260e+14 3.288298e+33
2.610339e+14 3.352951e+33
2.630574e+14 3.418876e+33
2.650965e+14 3.486097e+33
2.671515e+14 3.554640e+33
2.692224e+14 3.624530e+33
2.713093e+14 3.695795e+33
2.734124e+14 3.768461e+33
2.755318e+14 3.842555e+33
2.776676e+14 3.918106e+33
2.798200e+14 3.995143e+33
2.819891e+14 4.073695e+33
2.841750e+14 4.153790e+33
2.863778e+14 4.235461e+33
2.885977e+14 4.318738e+33
2.908349e+14 4.403652e+33
2.930893e+14 4.490235e+33
