# epsilon [g/cm^3]   P [dyn/cm^2]
1.364583e+14 6.556583e+32
1.375161e+14 6.693614e+32
1.385821e+14 6.833510e+32
1.396563e+14 6.976329e+32
1.407389e+14 7.122133e+32
1.418299e+14 7.270985e+32
1.429293e+14 7.422948e+32
1.440372e+14 7.578086e+32
1.451538e+14 7.736467e+32
1.462789e+14 7.898158e+32
1.474129e+14 8.063228e+32
1.485556e+14 8.231749e+32
1.497071e+14 8.403791e+32
1.508676e+14 8.579429e+32
1.520371e+14 8.758738e+32
1.532156e+14 8.941794e+32
1.544033e+14 9.128676e+32
1.556002e+14 9.319464e+32
1.568063e+14 9.514240e+32
1.580219e+14 9.713086e+32
1.592468e+14 9.916088e+32
1.604812e+14 1.012333e+33
1.617252e+14 1.033491e+33
1.629789e+14 1.055091e+33
1.642422e+14 1.077142e+33
1.655154e+14 1.099654e+33
1.667984e+14 1.122637e+33
1.680914e+14 1.146100e+33
1.693944e+14 1.170053e+33
1.707075e+14 1.194507e+33
1.720307e+14 1.219472e+33
1.733643e+14 1.244959e+33
1.747081e+14 1.270978e+33
1.760624e+14 1.297541e+33
1.774272e+14 1.324660e+33
1.788026e+14 1.352345e+33
1.801886e+14 1.380609e+33
1.815854e+14 1.409463e+33
1.829929e+14 1.438921e+33
1.844114e+14 1.468994e+33
1.858409e+14 1.499696e+33
1.872815e+14 1.531039e+33
1.887333e+14 1.563038e+33
1.901963e+14 1.595705e+33
1.916706e+14 1.629055e+33
1.931564e+14 1.663102e+33
1.946537e+14 1.697861e+33
1.961626e+14 1.733346e+33
1.976832e+14 1.769572e+33
1.992155e+14 1.806556e+33
2.007598e+14 1.844313e+33
2.023160e+14 1.882859e+33
2.038843e+14 1.922210e+33
2.054648e+14 1.962384e+33
2.070575e+14 2.003398e+33
2.086625e+14 2.045269e+33
2.102800e+14 2.088014e+33
2.119100e+14 2.131654e+33
2.135527e+14 2.176205e+33
2.152081e+14 2.221687e+33
2.168763e+14 2.268120e+33
2.185575e+14 2.315524e+33
2.202517e+14 2.363918e+33
2.219590e+14 2.413323e+33
2.236795e+14 2.463761e+33
2.254134e+14 2.515253e+33
2.271608e+14 2.567822e+33
2.289217e+14 2.621489e+33
2.306962e+14 2.676278e+33
2.324845e+14 2.732212e+33
2.342866e+14 2.789314e+33
2.361027e+14 2.847611e+33
2.379329e+14 2.907125e+33
2.397773e+14 2.967884e+33
2.416360e+14 3.029912e+33
2.435091e+14 3.093237e+33
2.453967e+14 3.157885e+33
2.472989e+14 3.223884e+33
2.492159e+14 3.291263e+33
2.511478e+14 3.360050e+33
2.530946e+14 3.430275e+33
2.550565e+14 3.501967e+33
2.570336e+14 3.575157e+33
2.590260e+14 3.649878e+33
2.610339e+14 3.726160e+33
2.630574e+14 3.804036e+33
2.650965e+14 3.883540e+33
2.671515e+14 3.964705e+33
2.692224e+14 4.047567e+33
2.713093e+14 4.132160e+33
2.734124e+14 4.218522e+33
2.755318e+14 4.306688e+33
2.776676e+14 4.396698e+33
2.798200e+14 4.488588e+33
2.819891e+14 4.582399e+33
2.841750e+14 4.678170e+33
2.863778e+14 4.775943e+33
2.885977e+14 4.875760e+33
2.908349e+14 4.977662e+33
2.930893e+14 5.081695e+33
