# epsilon [g/cm^3]   P [dyn/cm^2]
1.364583e+14 6.443661e+32
1.375161e+14 6.539946e+32
1.385821e+14 6.637670e+32
1.396563e+14 6.736854e+32
1.407389e+14 6.837520e+32
1.418299e+14 6.939690e+32
1.429293e+14 7.043387e+32
1.440372e+14 7.148633e+32
1.451538e+14 7.255452e+32
1.462789e+14 7.363868e+32
1.474129e+14 7.473903e+32
1.485556e+14 7.585582e+32
1.497071e+14 7.698930e+32
1.508676e+14 7.813972e+32
1.520371e+14 7.930733e+32
1.532156e+14 8.049239e+32
1.544033e+14 8.169516e+32
1.556002e+14 8.291589e+32
1.568063e+14 8.415487e+32
1.580219e+14 8.541236e+32
1.592468e+14 8.668864e+32
1.604812e+14 8.798400e+32
1.617252e+14 8.929871e+32
1.629789e+14 9.063306e+32
1.642422e+14 9.198735e+32
1.655154e+14 9.336188e+32
1.667984e+14 9.475695e+32
1.680914e+14 9.617286e+32
1.693944e+14 9.760993e+32
1.707075e+14 9.906848e+32
1.720307e+14 1.005488e+33
1.733643e+14 1.020513e+33
1.747081e+14 1.035762e+33
1.760624e+14 1.051239e+33
1.774272e+14 1.066947e+33
1.788026e+14 1.082890e+33
1.801886e+14 1.099071e+33
1.815854e+14 1.115494e+33
1.829929e+14 1.132163e+33
1.844114e+14 1.149080e+33
1.858409e+14 1.166250e+33
1.872815e+14 1.183677e+33
1.887333e+14 1.201364e+33
1.901963e+14 1.219316e+33
1.916706e+14 1.237535e+33
1.931564e+14 1.256027e+33
1.946537e+14 1.274796e+33
1.961626e+14 1.293844e+33
1.976832e+14 1.313178e+33
1.992155e+14 1.332800e+33
2.007598e+14 1.352716e+33
2.023160e+14 1.372929e+33
2.038843e+14 1.393444e+33
2.054648e+14 1.414265e+33
2.070575e+14 1.435398e+33
2.086625e+14 1.456847e+33
2.102800e+14 1.478616e+33
2.119100e+14 1.500710e+33
2.135527e+14 1.523135e+33
2.152081e+14 1.545894e+33
2.168763e+14 1.568994e+33
2.185575e+14 1.592439e+33
2.202517e+14 1.616234e+33
2.219590e+14 1.640385e+33
2.236795e+14 1.664896e+33
2.254134e+14 1.689774e+33
2.271608e+14 1.715024e+33
2.289217e+14 1.740651e+33
2.306962e+14 1.766660e+33
2.324845e+14 1.793059e+33
2.342866e+14 1.819852e+33
2.361027e+14 1.847045e+33
2.379329e+14 1.874645e+33
2.397773e+14 1.902657e+33
2.416360e+14 1.931087e+33
2.435091e+14 1.959943e+33
2.453967e+14 1.989230e+33
2.472989e+14 2.018954e+33
2.492159e+14 2.049122e+33
2.511478e+14 2.079741e+33
2.530946e+14 2.110818e+33
2.550565e+14 2.142359e+33
2.570336e+14 2.174372e+33
2.590260e+14 2.206862e+33
2.610339e+14 2.239838e+33
2.630574e+14 2.273307e+33
2.650965e+14 2.307277e+33
2.671515e+14 2.341753e+33
2.692224e+14 2.376745e+33
2.713093e+14 2.412260e+33
2.734124e+14 2.448305e+33
2.755318e+14 2.484889e+33
2.776676e+14 2.522020e+33
2.798200e+14 2.559705e+33
2.819891e+14 2.597954e+33
2.841750e+14 2.636774e+33
2.863778e+14 2.676174e+33
2.885977e+14 2.716163e+33
2.908349e+14 2.756750e+33
2.930893e+14 2.797943e+33
