# epsilon [g/cm^3]   P [dyn/cm^2]
1.364583e+14 6.580546e+32
1.375161e+14 6.726340e+32
1.385821e+14 6.875364e+32
1.396563e+14 7.027689e+32
1.407389e+14 7.183390e+32
1.418299e+14 7.342540e+32
1.429293e+14 7.505216e+32
1.440372e+14 7.671496e+32
1.451538e+14 7.841461e+32
1.462789e+14 8.015190e+32
1.474129e+14 8.192769e+32
1.485556e+14 8.374282e+32
1.497071e+14 8.559817e+32
1.508676e+14 8.749462e+32
1.520371e+14 8.943309e+32
1.532156e+14 9.141451e+32
1.544033e+14 9.343982e+32
1.556002e+14 9.551001e+32
1.568063e+14 9.762606e+32
1.580219e+14 9.978899e+32
1.592468e+14 1.019998e+33
1.604812e+14 1.042597e+33
1.617252e+14 1.065696e+33
1.629789e+14 1.089307e+33
1.642422e+14 1.113441e+33
1.655154e+14 1.138109e+33
1.667984e+14 1.163324e+33
1.680914e+14 1.189098e+33
1.693944e+14 1.215443e+33
1.707075e+14 1.242371e+33
1.720307e+14 1.269896e+33
1.733643e+14 1.298031e+33
1.747081e+14 1.326790e+33
1.760624e+14 1.356185e+33
1.774272e+14 1.386232e+33
1.788026e+14 1.416944e+33
1.801886e+14 1.448337e+33
1.815854e+14 1.480425e+33
1.829929e+14 1.513224e+33
1.844114e+14 1.546750e+33
1.858409e+14 1.581019e+33
1.872815e+14 1.616047e+33
1.887333e+14 1.651851e+33
1.901963e+14 1.688448e+33
1.916706e+14 1.725856e+33
1.931564e+14 1.764093e+33
1.946537e+14 1.803177e+33
1.961626e+14 1.843127e+33
1.976832e+14 1.883962e+33
1.992155e+14 1.925702e+33
2.007598e+14 1.968366e+33
2.023160e+14 2.011976e+33
2.038843e+14 2.056552e+33
2.054648e+14 2.102115e+33
2.070575e+14 2.148688e+33
2.086625e+14 2.196293e+33
2.102800e+14 2.244953e+33
2.119100e+14 2.294690e+33
2.135527e+14 2.345530e+33
2.152081e+14 2.397496e+33
2.168763e+14 2.450613e+33
2.185575e+14 2.504907e+33
2.202517e+14 2.560404e+33
2.219590e+14 2.617130e+33
2.236795e+14 2.675114e+33
2.254134e+14 2.734381e+33
2.271608e+14 2.794962e+33
2.289217e+14 2.856886e+33
2.306962e+14 2.920181e+33
2.324845e+14 2.984878e+33
2.342866e+14 3.051009e+33
2.361027e+14 3.118605e+33
2.379329e+14 3.187699e+33
2.397773e+14 3.258323e+33
2.416360e+14 3.330512e+33
2.435091e+14 3.404301e+33
2.453967e+14 3.479724e+33
2.472989e+14 3.556818e+33
2.492159e+14 3.635620e+33
2.511478e+14 3.716169e+33
2.530946e+14 3.798501e+33
2.550565e+14 3.882658e+33
2.570336e+14 3.968680e+33
2.590260e+14 4.056607e+33
2.610339e+14 4.146482e+33
2.630574e+14 4.238349e+33
2.650965e+14 4.332251e+33
2.671515e+14 4.428233e+33
2.692224e+14 4.526342e+33
2.713093e+14 4.626624e+33
2.734124e+14 4.729128e+33
2.755318e+14 4.833904e+33
2.776676e+14 4.941000e+33
2.798200e+14 5.050469e+33
2.819891e+14 5.162364e+33
2.841750e+14 5.276738e+33
2.863778e+14 5.393645e+33
2.885977e+14 5.513143e+33
2.908349e+14 5.635288e+33
2.930893e+14 5.760140e+33
