# epsilon [g/cm^3]   P [dyn/cm^2]
1.364583e+14 6.465683e+32
1.375161e+14 6.569844e+32
1.385821e+14 6.675683e+32
1.396563e+14 6.783226e+32
1.407389e+14 6.892503e+32
1.418299e+14 7.003539e+32
1.429293e+14 7.116365e+32
1.440372e+14 7.231008e+32
1.451538e+14 7.347498e+32
1.462789e+14 7.465864e+32
1.474129e+14 7.586138e+32
1.485556e+14 7.708349e+32
1.497071e+14 7.832529e+32
1.508676e+14 7.958709e+32
1.520371e+14 8.086922e+32
1.532156e+14 8.217201e+32
1.544033e+14 8.349578e+32
1.556002e+14 8.484088e+32
1.568063e+14 8.620765e+32
1.580219e+14 8.759643e+32
1.592468e+14 8.900759e+32
1.604812e+14 9.044149e+32
1.617252e+14 9.189848e+32
1.629789e+14 9.337894e+32
1.642422e+14 9.488326e+32
1.655154e+14 9.641181e+32
1.667984e+14 9.796498e+32
1.680914e+14 9.954317e+32
1.693944e+14 1.011468e+33
1.707075e+14 1.027762e+33
1.720307e+14 1.044319e+33
1.733643e+14 1.061143e+33
1.747081e+14 1.078238e+33
1.760624e+14 1.095608e+33
1.774272e+14 1.113258e+33
1.788026e+14 1.131193e+33
1.801886e+14 1.149416e+33
1.815854e+14 1.167933e+33
1.829929e+14 1.186748e+33
1.844114e+14 1.205866e+33
1.858409e+14 1.225292e+33
1.872815e+14 1.245032e+33
1.887333e+14 1.265089e+33
1.901963e+14 1.285469e+33
1.916706e+14 1.306178e+33
1.931564e+14 1.327220e+33
1.946537e+14 1.348601e+33
1.961626e+14 1.370327e+33
1.976832e+14 1.392402e+33
1.992155e+14 1.414834e+33
2.007598e+14 1.437626e+33
2.023160e+14 1.460786e+33
2.038843e+14 1.484319e+33
2.054648e+14 1.508231e+33
2.070575e+14 1.532529e+33
2.086625e+14 1.557217e+33
2.102800e+14 1.582304e+33
2.119100e+14 1.607794e+33
2.135527e+14 1.633695e+33
2.152081e+14 1.660014e+33
2.168763e+14 1.686756e+33
2.185575e+14 1.713930e+33
2.202517e+14 1.741541e+33
2.219590e+14 1.769597e+33
2.236795e+14 1.798104e+33
2.254134e+14 1.827071e+33
2.271608e+14 1.856505e+33
2.289217e+14 1.886413e+33
2.306962e+14 1.916803e+33
2.324845e+14 1.947682e+33
2.342866e+14 1.979059e+33
2.361027e+14 2.010941e+33
2.379329e+14 2.043337e+33
2.397773e+14 2.076254e+33
2.416360e+14 2.109702e+33
2.435091e+14 2.143689e+33
2.453967e+14 2.178224e+33
2.472989e+14 2.213314e+33
2.492159e+14 2.248970e+33
2.511478e+14 2.285201e+33
2.530946e+14 2.322015e+33
2.550565e+14 2.359422e+33
2.570336e+14 2.397432e+33
2.590260e+14 2.436054e+33
2.610339e+14 2.475298e+33
2.630574e+14 2.515175e+33
2.650965e+14 2.555694e+33
2.671515e+14 2.596865e+33
2.692224e+14 2.638700e+33
2.713093e+14 2.681209e+33
2.734124e+14 2.724403e+33
2.755318e+14 2.768292e+33
2.776676e+14 2.812889e+33
2.798200e+14 2.858204e+33
2.819891e+14 2.904249e+33
2.841750e+14 2.951036e+33
2.863778e+14 2.998576e+33
2.885977e+14 3.046883e+33
2.908349e+14 3.095967e+33
2.930893e+14 3.145843e+33
