# epsilon [g/cm^3]   P [dyn/cm^2]
1.364583e+14 6.466713e+32
1.375161e+14 6.571243e+32
1.385821e+14 6.677463e+32
1.396563e+14 6.785399e+32
1.407389e+14 6.895080e+32
1.418299e+14 7.006535e+32
1.429293e+14 7.119790e+32
1.440372e+14 7.234877e+32
1.451538e+14 7.351824e+32
1.462789e+14 7.470661e+32
1.474129e+14 7.591419e+32
1.485556e+14 7.714129e+32
1.497071e+14 7.838823e+32
1.508676e+14 7.965532e+32
1.520371e+14 8.094289e+32
1.532156e+14 8.225128e+32
1.544033e+14 8.358081e+32
1.556002e+14 8.493184e+32
1.568063e+14 8.630470e+32
1.580219e+14 8.769976e+32
1.592468e+14 8.911737e+32
1.604812e+14 9.055789e+32
1.617252e+14 9.202169e+32
1.629789e+14 9.350916e+32
1.642422e+14 9.502067e+32
1.655154e+14 9.655661e+32
1.667984e+14 9.811739e+32
1.680914e+14 9.970339e+32
1.693944e+14 1.013150e+33
1.707075e+14 1.029527e+33
1.720307e+14 1.046169e+33
1.733643e+14 1.063079e+33
1.747081e+14 1.080263e+33
1.760624e+14 1.097725e+33
1.774272e+14 1.115469e+33
1.788026e+14 1.133500e+33
1.801886e+14 1.151822e+33
1.815854e+14 1.170440e+33
1.829929e+14 1.189360e+33
1.844114e+14 1.208585e+33
1.858409e+14 1.228121e+33
1.872815e+14 1.247973e+33
1.887333e+14 1.268145e+33
1.901963e+14 1.288644e+33
1.916706e+14 1.309474e+33
1.931564e+14 1.330641e+33
1.946537e+14 1.352150e+33
1.961626e+14 1.374006e+33
1.976832e+14 1.396216e+33
1.992155e+14 1.418785e+33
2.007598e+14 1.441718e+33
2.023160e+14 1.465023e+33
2.038843e+14 1.488704e+33
2.054648e+14 1.512768e+33
2.070575e+14 1.537221e+33
2.086625e+14 1.562069e+33
2.102800e+14 1.587319e+33
2.119100e+14 1.612976e+33
2.135527e+14 1.639049e+33
2.152081e+14 1.665543e+33
2.168763e+14 1.692466e+33
2.185575e+14 1.719823e+33
2.202517e+14 1.747623e+33
2.219590e+14 1.775872e+33
2.236795e+14 1.804578e+33
2.254134e+14 1.833747e+33
2.271608e+14 1.863389e+33
2.289217e+14 1.893509e+33
2.306962e+14 1.924116e+33
2.324845e+14 1.955218e+33
2.342866e+14 1.986823e+33
2.361027e+14 2.018939e+33
2.379329e+14 2.051574e+33
2.397773e+14 2.084736e+33
2.416360e+14 2.118434e+33
2.435091e+14 2.152677e+33
2.453967e+14 2.187474e+33
2.472989e+14 2.222833e+33
2.492159e+14 2.258763e+33
2.511478e+14 2.295275e+33
2.530946e+14 2.332376e+33
2.550565e+14 2.370077e+33
2.570336e+14 2.408388e+33
2.590260e+14 2.447318e+33
2.610339e+14 2.486877e+33
2.630574e+14 2.527076e+33
2.650965e+14 2.567924e+33
2.671515e+14 2.609433e+33
2.692224e+14 2.651613e+33
2.713093e+14 2.694474e+33
2.734124e+14 2.738029e+33
2.755318e+14 2.782287e+33
2.776676e+14 2.827261e+33
2.798200e+14 2.872961e+33
2.819891e+14 2.919401e+33
2.841750e+14 2.966591e+33
2.863778e+14 3.014544e+33
2.885977e+14 3.063272e+33
2.908349e+14 3.112787e+33
2.930893e+14 3.163104e+33
