# epsilon [g/cm^3]   P [dyn/cm^2]
1.364583e+14 6.433427e+32
1.375161e+14 6.526063e+32
1.385821e+14 6.620034e+32
1.396563e+14 6.715358e+32
1.407389e+14 6.812054e+32
1.418299e+14 6.910142e+32
1.429293e+14 7.009643e+32
1.440372e+14 7.110577e+32
1.451538e+14 7.212964e+32
1.462789e+14 7.316826e+32
1.474129e+14 7.422182e+32
1.485556e+14 7.529056e+32
1.497071e+14 7.637469e+32
1.508676e+14 7.747443e+32
1.520371e+14 7.859001e+32
1.532156e+14 7.972165e+32
1.544033e+14 8.086958e+32
1.556002e+14 8.203404e+32
1.568063e+14 8.321527e+32
1.580219e+14 8.441351e+32
1.592468e+14 8.562900e+32
1.604812e+14 8.686200e+32
1.617252e+14 8.811275e+32
1.629789e+14 8.938151e+32
1.642422e+14 9.066853e+32
1.655154e+14 9.197409e+32
1.667984e+14 9.329845e+32
1.680914e+14 9.464188e+32
1.693944e+14 9.600466e+32
1.707075e+14 9.738705e+32
1.720307e+14 9.878936e+32
1.733643e+14 1.002119e+33
1.747081e+14 1.016548e+33
1.760624e+14 1.031186e+33
1.774272e+14 1.046034e+33
1.788026e+14 1.061096e+33
1.801886e+14 1.076375e+33
1.815854e+14 1.091874e+33
1.829929e+14 1.107596e+33
1.844114e+14 1.123545e+33
1.858409e+14 1.139723e+33
1.872815e+14 1.156134e+33
1.887333e+14 1.172782e+33
1.901963e+14 1.189669e+33
1.916706e+14 1.206800e+33
1.931564e+14 1.224177e+33
1.946537e+14 1.241804e+33
1.961626e+14 1.259685e+33
1.976832e+14 1.277823e+33
1.992155e+14 1.296223e+33
2.007598e+14 1.314888e+33
2.023160e+14 1.333821e+33
2.038843e+14 1.353027e+33
2.054648e+14 1.372510e+33
2.070575e+14 1.392273e+33
2.086625e+14 1.412321e+33
2.102800e+14 1.432657e+33
2.119100e+14 1.453286e+33
2.135527e+14 1.474213e+33
2.152081e+14 1.495440e+33
2.168763e+14 1.516973e+33
2.185575e+14 1.538817e+33
2.202517e+14 1.560974e+33
2.219590e+14 1.583451e+33
2.236795e+14 1.606252e+33
2.254134e+14 1.629381e+33
2.271608e+14 1.652843e+33
2.289217e+14 1.676642e+33
2.306962e+14 1.700785e+33
2.324845e+14 1.725275e+33
2.342866e+14 1.750118e+33
2.361027e+14 1.775318e+33
2.379329e+14 1.800881e+33
2.397773e+14 1.826813e+33
2.416360e+14 1.853117e+33
2.435091e+14 1.879801e+33
2.453967e+14 1.906869e+33
2.472989e+14 1.934326e+33
2.492159e+14 1.962179e+33
2.511478e+14 1.990433e+33
2.530946e+14 2.019094e+33
2.550565e+14 2.048167e+33
2.570336e+14 2.077659e+33
2.590260e+14 2.107576e+33
2.610339e+14 2.137924e+33
2.630574e+14 2.168708e+33
2.650965e+14 2.199936e+33
2.671515e+14 2.231613e+33
2.692224e+14 2.263747e+33
2.713093e+14 2.296343e+33
2.734124e+14 2.329409e+33
2.755318e+14 2.362951e+33
2.776676e+14 2.396976e+33
2.798200e+14 2.431490e+33
2.819891e+14 2.466502e+33
2.841750e+14 2.502018e+33
2.863778e+14 2.538045e+33
2.885977e+14 2.574591e+33
2.908349e+14 2.611663e+33
2.930893e+14 2.649269e+33
