# epsilon [g/cm^3]   P [dyn/cm^2]
1.364583e+14 6.630826e+32
1.375161e+14 6.795135e+32
1.385821e+14 6.963516e+32
1.396563e+14 7.136069e+32
1.407389e+14 7.312898e+32
1.418299e+14 7.494109e+32
1.429293e+14 7.679810e+32
1.440372e+14 7.870113e+32
1.451538e+14 8.065131e+32
1.462789e+14 8.264982e+32
1.474129e+14 8.469785e+32
1.485556e+14 8.679663e+32
1.497071e+14 8.894741e+32
1.508676e+14 9.115150e+32
1.520371e+14 9.341020e+32
1.532156e+14 9.572486e+32
1.544033e+14 9.809689e+32
1.556002e+14 1.005277e+33
1.568063e+14 1.030187e+33
1.580219e+14 1.055715e+33
1.592468e+14 1.081875e+33
1.604812e+14 1.108684e+33
1.617252e+14 1.136156e+33
1.629789e+14 1.164310e+33
1.642422e+14 1.193161e+33
1.655154e+14 1.222727e+33
1.667984e+14 1.253026e+33
1.680914e+14 1.284075e+33
1.693944e+14 1.315894e+33
1.707075e+14 1.348502e+33
1.720307e+14 1.381917e+33
1.733643e+14 1.416160e+33
1.747081e+14 1.451252e+33
1.760624e+14 1.487214e+33
1.774272e+14 1.524066e+33
1.788026e+14 1.561832e+33
1.801886e+14 1.600534e+33
1.815854e+14 1.640194e+33
1.829929e+14 1.680838e+33
1.844114e+14 1.722488e+33
1.858409e+14 1.765171e+33
1.872815e+14 1.808911e+33
1.887333e+14 1.853735e+33
1.901963e+14 1.899670e+33
1.916706e+14 1.946743e+33
1.931564e+14 1.994982e+33
1.946537e+14 2.044417e+33
1.961626e+14 2.095077e+33
1.976832e+14 2.146992e+33
1.992155e+14 2.200194e+33
2.007598e+14 2.254714e+33
2.023160e+14 2.310585e+33
2.038843e+14 2.367840e+33
2.054648e+14 2.426514e+33
2.070575e+14 2.486643e+33
2.086625e+14 2.548261e+33
2.102800e+14 2.611406e+33
2.119100e+14 2.676115e+33
2.135527e+14 2.742428e+33
2.152081e+14 2.810385e+33
2.168763e+14 2.880025e+33
2.185575e+14 2.951391e+33
2.202517e+14 3.024525e+33
2.219590e+14 3.099472e+33
2.236795e+14 3.176275e+33
2.254134e+14 3.254982e+33
2.271608e+14 3.335639e+33
2.289217e+14 3.418295e+33
2.306962e+14 3.502999e+33
2.324845e+14 3.589802e+33
2.342866e+14 3.678756e+33
2.361027e+14 3.769914e+33
2.379329e+14 3.863331e+33
2.397773e+14 3.959063e+33
2.416360e+14 4.057167e+33
2.435091e+14 4.157702e+33
2.453967e+14 4.260728e+33
2.472989e+14 4.366308e+33
2.492159e+14 4.474503e+33
2.511478e+14 4.585379e+33
2.530946e+14 4.699003e+33
2.550565e+14 4.815443e+33
2.570336e+14 4.934768e+33
2.590260e+14 5.057049e+33
2.610339e+14 5.182361e+33
2.630574e+14 5.310778e+33
2.650965e+14 5.442377e+33
2.671515e+14 5.577237e+33
2.692224e+14 5.715439e+33
2.713093e+14 5.857065e+33
2.734124e+14 6.002201e+33
2.755318e+14 6.150933e+33
2.776676e+14 6.303351e+33
2.798200e+14 6.459545e+33
2.819891e+14 6.619611e+33
2.841750e+14 6.783642e+33
2.863778e+14 6.951738e+33
2.885977e+14 7.123999e+33
2.908349e+14 7.300529e+33
2.930893e+14 7.481434e+33
