# epsilon [g/cm^3]   P [dyn/cm^2]
1.364583e+14 6.604285e+32
1.375161e+14 6.758799e+32
1.385821e+14 6.916927e+32
1.396563e+14 7.078756e+32
1.407389e+14 7.244370e+32
1.418299e+14 7.413859e+32
1.429293e+14 7.587314e+32
1.440372e+14 7.764826e+32
1.451538e+14 7.946492e+32
1.462789e+14 8.132408e+32
1.474129e+14 8.322674e+32
1.485556e+14 8.517391e+32
1.497071e+14 8.716664e+32
1.508676e+14 8.920599e+32
1.520371e+14 9.129305e+32
1.532156e+14 9.342894e+32
1.544033e+14 9.561480e+32
1.556002e+14 9.785180e+32
1.568063e+14 1.001411e+33
1.580219e+14 1.024840e+33
1.592468e+14 1.048818e+33
1.604812e+14 1.073356e+33
1.617252e+14 1.098468e+33
1.629789e+14 1.124168e+33
1.642422e+14 1.150469e+33
1.655154e+14 1.177385e+33
1.667984e+14 1.204931e+33
1.680914e+14 1.233122e+33
1.693944e+14 1.261972e+33
1.707075e+14 1.291497e+33
1.720307e+14 1.321713e+33
1.733643e+14 1.352635e+33
1.747081e+14 1.384282e+33
1.760624e+14 1.416668e+33
1.774272e+14 1.449813e+33
1.788026e+14 1.483732e+33
1.801886e+14 1.518446e+33
1.815854e+14 1.553971e+33
1.829929e+14 1.590328e+33
1.844114e+14 1.627535e+33
1.858409e+14 1.665613e+33
1.872815e+14 1.704582e+33
1.887333e+14 1.744462e+33
1.901963e+14 1.785275e+33
1.916706e+14 1.827044e+33
1.931564e+14 1.869789e+33
1.946537e+14 1.913535e+33
1.961626e+14 1.958304e+33
1.976832e+14 2.004120e+33
1.992155e+14 2.051009e+33
2.007598e+14 2.098994e+33
2.023160e+14 2.148102e+33
2.038843e+14 2.198359e+33
2.054648e+14 2.249792e+33
2.070575e+14 2.302428e+33
2.086625e+14 2.356295e+33
2.102800e+14 2.411423e+33
2.119100e+14 2.467841e+33
2.135527e+14 2.525578e+33
2.152081e+14 2.584667e+33
2.168763e+14 2.645138e+33
2.185575e+14 2.707023e+33
2.202517e+14 2.770357e+33
2.219590e+14 2.835172e+33
2.236795e+14 2.901504e+33
2.254134e+14 2.969387e+33
2.271608e+14 3.038859e+33
2.289217e+14 3.109956e+33
2.306962e+14 3.182716e+33
2.324845e+14 3.257179e+33
2.342866e+14 3.333384e+33
2.361027e+14 3.411372e+33
2.379329e+14 3.491184e+33
2.397773e+14 3.572864e+33
2.416360e+14 3.656455e+33
2.435091e+14 3.742001e+33
2.453967e+14 3.829549e+33
2.472989e+14 3.919145e+33
2.492159e+14 4.010837e+33
2.511478e+14 4.104675e+33
2.530946e+14 4.200707e+33
2.550565e+14 4.298987e+33
2.570336e+14 4.399566e+33
2.590260e+14 4.502498e+33
2.610339e+14 4.607839e+33
2.630574e+14 4.715644e+33
2.650965e+14 4.825971e+33
2.671515e+14 4.938879e+33
2.692224e+14 5.054429e+33
2.713093e+14 5.172682e+33
2.734124e+14 5.293702e+33
2.755318e+14 5.417554e+33
2.776676e+14 5.544303e+33
2.798200e+14 5.674017e+33
2.819891e+14 5.806766e+33
2.841750e+14 5.942621e+33
2.863778e+14 6.081655e+33
2.885977e+14 6.223941e+33
2.908349e+14 6.369556e+33
2.930893e+14 6.518578e+33
