# epsilon [g/cm^3]   P [dyn/cm^2]
1.364583e+14 6.438368e+32
1.375161e+14 6.532765e+32
1.385821e+14 6.628547e+32
1.396563e+14 6.725732e+32
1.407389e+14 6.824343e+32
1.418299e+14 6.924399e+32
1.429293e+14 7.025922e+32
1.440372e+14 7.128934e+32
1.451538e+14 7.233456e+32
1.462789e+14 7.339511e+32
1.474129e+14 7.447120e+32
1.485556e+14 7.556308e+32
1.497071e+14 7.667096e+32
1.508676e+14 7.779508e+32
1.520371e+14 7.893569e+32
1.532156e+14 8.009302e+32
1.544033e+14 8.126732e+32
1.556002e+14 8.245883e+32
1.568063e+14 8.366782e+32
1.580219e+14 8.489453e+32
1.592468e+14 8.613922e+32
1.604812e+14 8.740217e+32
1.617252e+14 8.868363e+32
1.629789e+14 8.998388e+32
1.642422e+14 9.130319e+32
1.655154e+14 9.264185e+32
1.667984e+14 9.400014e+32
1.680914e+14 9.537834e+32
1.693944e+14 9.677674e+32
1.707075e+14 9.819565e+32
1.720307e+14 9.963536e+32
1.733643e+14 1.010962e+33
1.747081e+14 1.025784e+33
1.760624e+14 1.040824e+33
1.774272e+14 1.056084e+33
1.788026e+14 1.071568e+33
1.801886e+14 1.087279e+33
1.815854e+14 1.103220e+33
1.829929e+14 1.119396e+33
1.844114e+14 1.135808e+33
1.858409e+14 1.152461e+33
1.872815e+14 1.169358e+33
1.887333e+14 1.186502e+33
1.901963e+14 1.203898e+33
1.916706e+14 1.221550e+33
1.931564e+14 1.239460e+33
1.946537e+14 1.257632e+33
1.961626e+14 1.276071e+33
1.976832e+14 1.294780e+33
1.992155e+14 1.313764e+33
2.007598e+14 1.333026e+33
2.023160e+14 1.352570e+33
2.038843e+14 1.372401e+33
2.054648e+14 1.392523e+33
2.070575e+14 1.412940e+33
2.086625e+14 1.433656e+33
2.102800e+14 1.454676e+33
2.119100e+14 1.476004e+33
2.135527e+14 1.497644e+33
2.152081e+14 1.519602e+33
2.168763e+14 1.541882e+33
2.185575e+14 1.564489e+33
2.202517e+14 1.587427e+33
2.219590e+14 1.610701e+33
2.236795e+14 1.634317e+33
2.254134e+14 1.658279e+33
2.271608e+14 1.682592e+33
2.289217e+14 1.707261e+33
2.306962e+14 1.732293e+33
2.324845e+14 1.757691e+33
2.342866e+14 1.783462e+33
2.361027e+14 1.809610e+33
2.379329e+14 1.836142e+33
2.397773e+14 1.863063e+33
2.416360e+14 1.890379e+33
2.435091e+14 1.918095e+33
2.453967e+14 1.946217e+33
2.472989e+14 1.974752e+33
2.492159e+14 2.003705e+33
2.511478e+14 2.033083e+33
2.530946e+14 2.062891e+33
2.550565e+14 2.093137e+33
2.570336e+14 2.123826e+33
2.590260e+14 2.154965e+33
2.610339e+14 2.186560e+33
2.630574e+14 2.218619e+33
2.650965e+14 2.251147e+33
2.671515e+14 2.284153e+33
2.692224e+14 2.317642e+33
2.713093e+14 2.351623e+33
2.734124e+14 2.386102e+33
2.755318e+14 2.421086e+33
2.776676e+14 2.456583e+33
2.798200e+14 2.492601e+33
2.819891e+14 2.529146e+33
2.841750e+14 2.566228e+33
2.863778e+14 2.603853e+33
2.885977e+14 2.642030e+33
2.908349e+14 2.680766e+33
2.930893e+14 2.720071e+33
