# epsilon [g/cm^3]   P [dyn/cm^2]
1.364583e+14 6.539772e+32
1.375161e+14 6.670680e+32
1.385821e+14 6.804209e+32
1.396563e+14 6.940411e+32
1.407389e+14 7.079340e+32
1.418299e+14 7.221049e+32
1.429293e+14 7.365595e+32
1.440372e+14 7.513035e+32
1.451538e+14 7.663425e+32
1.462789e+14 7.816827e+32
1.474129e+14 7.973298e+32
1.485556e+14 8.132902e+32
1.497071e+14 8.295701e+32
1.508676e+14 8.461759e+32
1.520371e+14 8.631141e+32
1.532156e+14 8.803913e+32
1.544033e+14 8.980144e+32
1.556002e+14 9.159902e+32
1.568063e+14 9.343259e+32
1.580219e+14 9.530286e+32
1.592468e+14 9.721056e+32
1.604812e+14 9.915646e+32
1.617252e+14 1.011413e+33
1.629789e+14 1.031659e+33
1.642422e+14 1.052310e+33
1.655154e+14 1.073374e+33
1.667984e+14 1.094860e+33
1.680914e+14 1.116776e+33
1.693944e+14 1.139131e+33
1.707075e+14 1.161934e+33
1.720307e+14 1.185192e+33
1.733643e+14 1.208917e+33
1.747081e+14 1.233116e+33
1.760624e+14 1.257800e+33
1.774272e+14 1.282978e+33
1.788026e+14 1.308659e+33
1.801886e+14 1.334855e+33
1.815854e+14 1.361575e+33
1.829929e+14 1.388830e+33
1.844114e+14 1.416631e+33
1.858409e+14 1.444988e+33
1.872815e+14 1.473913e+33
1.887333e+14 1.503417e+33
1.901963e+14 1.533511e+33
1.916706e+14 1.564208e+33
1.931564e+14 1.595519e+33
1.946537e+14 1.627457e+33
1.961626e+14 1.660035e+33
1.976832e+14 1.693264e+33
1.992155e+14 1.727159e+33
2.007598e+14 1.761732e+33
2.023160e+14 1.796997e+33
2.038843e+14 1.832968e+33
2.054648e+14 1.869659e+33
2.070575e+14 1.907085e+33
2.086625e+14 1.945259e+33
2.102800e+14 1.984198e+33
2.119100e+14 2.023916e+33
2.135527e+14 2.064430e+33
2.152081e+14 2.105754e+33
2.168763e+14 2.147906e+33
2.185575e+14 2.190901e+33
2.202517e+14 2.234757e+33
2.219590e+14 2.279491e+33
2.236795e+14 2.325120e+33
2.254134e+14 2.371663e+33
2.271608e+14 2.419137e+33
2.289217e+14 2.467562e+33
2.306962e+14 2.516956e+33
2.324845e+14 2.567338e+33
2.342866e+14 2.618729e+33
2.361027e+14 2.671149e+33
2.379329e+14 2.724619e+33
2.397773e+14 2.779158e+33
2.416360e+14 2.834789e+33
2.435091e+14 2.891534e+33
2.453967e+14 2.949415e+33
2.472989e+14 3.008454e+33
2.492159e+14 3.068676e+33
2.511478e+14 3.130102e+33
2.530946e+14 3.192759e+33
2.550565e+14 3.256669e+33
2.570336e+14 3.321859e+33
2.590260e+14 3.388353e+33
2.610339e+14 3.456179e+33
2.630574e+14 3.525363e+33
2.650965e+14 3.595931e+33
2.671515e+14 3.667912e+33
2.692224e+14 3.741333e+33
2.713093e+14 3.816225e+33
2.734124e+14 3.892615e+33
2.755318e+14 3.970535e+33
2.776676e+14 4.050015e+33
2.798200e+14 4.131085e+33
2.819891e+14 4.213778e+33
2.841750e+14 4.298127e+33
2.863778e+14 4.384164e+33
2.885977e+14 4.471923e+33
2.908349e+14 4.561439e+33
2.930893e+14 4.652747e+33
