# epsilon [g/cm^3]   P [dyn/cm^2]
1.364583e+14 6.526460e+32
1.375161e+14 6.652535e+32
1.385821e+14 6.781044e+32
1.396563e+14 6.912037e+32
1.407389e+14 7.045559e+32
1.418299e+14 7.181661e+32
1.429293e+14 7.320393e+32
1.440372e+14 7.461804e+32
1.451538e+14 7.605947e+32
1.462789e+14 7.752874e+32
1.474129e+14 7.902639e+32
1.485556e+14 8.055298e+32
1.497071e+14 8.210906e+32
1.508676e+14 8.369519e+32
1.520371e+14 8.531197e+32
1.532156e+14 8.695997e+32
1.544033e+14 8.863982e+32
1.556002e+14 9.035211e+32
1.568063e+14 9.209748e+32
1.580219e+14 9.387656e+32
1.592468e+14 9.569002e+32
1.604812e+14 9.753850e+32
1.617252e+14 9.942269e+32
1.629789e+14 1.013433e+33
1.642422e+14 1.033010e+33
1.655154e+14 1.052965e+33
1.667984e+14 1.073305e+33
1.680914e+14 1.094039e+33
1.693944e+14 1.115173e+33
1.707075e+14 1.136715e+33
1.720307e+14 1.158674e+33
1.733643e+14 1.181056e+33
1.747081e+14 1.203871e+33
1.760624e+14 1.227127e+33
1.774272e+14 1.250832e+33
1.788026e+14 1.274995e+33
1.801886e+14 1.299624e+33
1.815854e+14 1.324730e+33
1.829929e+14 1.350320e+33
1.844114e+14 1.376405e+33
1.858409e+14 1.402993e+33
1.872815e+14 1.430095e+33
1.887333e+14 1.457721e+33
1.901963e+14 1.485881e+33
1.916706e+14 1.514584e+33
1.931564e+14 1.543842e+33
1.946537e+14 1.573665e+33
1.961626e+14 1.604064e+33
1.976832e+14 1.635050e+33
1.992155e+14 1.666635e+33
2.007598e+14 1.698830e+33
2.023160e+14 1.731647e+33
2.038843e+14 1.765098e+33
2.054648e+14 1.799196e+33
2.070575e+14 1.833951e+33
2.086625e+14 1.869379e+33
2.102800e+14 1.905490e+33
2.119100e+14 1.942299e+33
2.135527e+14 1.979820e+33
2.152081e+14 2.018065e+33
2.168763e+14 2.057048e+33
2.185575e+14 2.096785e+33
2.202517e+14 2.137290e+33
2.219590e+14 2.178577e+33
2.236795e+14 2.220661e+33
2.254134e+14 2.263559e+33
2.271608e+14 2.307285e+33
2.289217e+14 2.351855e+33
2.306962e+14 2.397287e+33
2.324845e+14 2.443597e+33
2.342866e+14 2.490801e+33
2.361027e+14 2.538916e+33
2.379329e+14 2.587962e+33
2.397773e+14 2.637955e+33
2.416360e+14 2.688913e+33
2.435091e+14 2.740856e+33
2.453967e+14 2.793802e+33
2.472989e+14 2.847771e+33
2.492159e+14 2.902783e+33
2.511478e+14 2.958857e+33
2.530946e+14 3.016015e+33
2.550565e+14 3.074276e+33
2.570336e+14 3.133663e+33
2.590260e+14 3.194198e+33
2.610339e+14 3.255901e+33
2.630574e+14 3.318797e+33
2.650965e+14 3.382907e+33
2.671515e+14 3.448256e+33
2.692224e+14 3.514868e+33
2.713093e+14 3.582766e+33
2.734124e+14 3.651976e+33
2.755318e+14 3.722523e+33
2.776676e+14 3.794432e+33
2.798200e+14 3.867731e+33
2.819891e+14 3.942445e+33
2.841750e+14 4.018603e+33
2.863778e+14 4.096232e+33
2.885977e+14 4.175361e+33
2.908349e+14 4.256018e+33
2.930893e+14 4.338233e+33
