# epsilon [g/cm^3]   P [dyn/cm^2]
1.364583e+14 6.493792e+32
1.375161e+14 6.608055e+32
1.385821e+14 6.724328e+32
1.396563e+14 6.842648e+32
1.407389e+14 6.963049e+32
1.418299e+14 7.085569e+32
1.429293e+14 7.210245e+32
1.440372e+14 7.337115e+32
1.451538e+14 7.466217e+32
1.462789e+14 7.597590e+32
1.474129e+14 7.731276e+32
1.485556e+14 7.867313e+32
1.497071e+14 8.005744e+32
1.508676e+14 8.146611e+32
1.520371e+14 8.289957e+32
1.532156e+14 8.435825e+32
1.544033e+14 8.584259e+32
1.556002e+14 8.735306e+32
1.568063e+14 8.889010e+32
1.580219e+14 9.045419e+32
1.592468e+14 9.204580e+32
1.604812e+14 9.366541e+32
1.617252e+14 9.531352e+32
1.629789e+14 9.699063e+32
1.642422e+14 9.869726e+32
1.655154e+14 1.004339e+33
1.667984e+14 1.022011e+33
1.680914e+14 1.039994e+33
1.693944e+14 1.058294e+33
1.707075e+14 1.076915e+33
1.720307e+14 1.095864e+33
1.733643e+14 1.115147e+33
1.747081e+14 1.134769e+33
1.760624e+14 1.154736e+33
1.774272e+14 1.175054e+33
1.788026e+14 1.195730e+33
1.801886e+14 1.216770e+33
1.815854e+14 1.238180e+33
1.829929e+14 1.259967e+33
1.844114e+14 1.282137e+33
1.858409e+14 1.304697e+33
1.872815e+14 1.327654e+33
1.887333e+14 1.351015e+33
1.901963e+14 1.374787e+33
1.916706e+14 1.398977e+33
1.931564e+14 1.423593e+33
1.946537e+14 1.448643e+33
1.961626e+14 1.474133e+33
1.976832e+14 1.500071e+33
1.992155e+14 1.526466e+33
2.007598e+14 1.553325e+33
2.023160e+14 1.580657e+33
2.038843e+14 1.608470e+33
2.054648e+14 1.636772e+33
2.070575e+14 1.665572e+33
2.086625e+14 1.694879e+33
2.102800e+14 1.724702e+33
2.119100e+14 1.755049e+33
2.135527e+14 1.785931e+33
2.152081e+14 1.817356e+33
2.168763e+14 1.849333e+33
2.185575e+14 1.881874e+33
2.202517e+14 1.914987e+33
2.219590e+14 1.948682e+33
2.236795e+14 1.982971e+33
2.254134e+14 2.017863e+33
2.271608e+14 2.053368e+33
2.289217e+14 2.089499e+33
2.306962e+14 2.126265e+33
2.324845e+14 2.163678e+33
2.342866e+14 2.201750e+33
2.361027e+14 2.240491e+33
2.379329e+14 2.279914e+33
2.397773e+14 2.320031e+33
2.416360e+14 2.360854e+33
2.435091e+14 2.402395e+33
2.453967e+14 2.444667e+33
2.472989e+14 2.487683e+33
2.492159e+14 2.531455e+33
2.511478e+14 2.575998e+33
2.530946e+14 2.621325e+33
2.550565e+14 2.667449e+33
2.570336e+14 2.714384e+33
2.590260e+14 2.762146e+33
2.610339e+14 2.810748e+33
2.630574e+14 2.860205e+33
2.650965e+14 2.910533e+33
2.671515e+14 2.961746e+33
2.692224e+14 3.013860e+33
2.713093e+14 3.066891e+33
2.734124e+14 3.120855e+33
2.755318e+14 3.175769e+33
2.776676e+14 3.231649e+33
2.798200e+14 3.288512e+33
2.819891e+14 3.346376e+33
2.841750e+14 3.405258e+33
2.863778e+14 3.465176e+33
2.885977e+14 3.526148e+33
2.908349e+14 3.588193e+33
2.930893e+14 3.651330e+33
