# epsilon [g/cm^3]   P [dyn/cm^2]
1.364583e+14 6.515436e+32
1.375161e+14 6.637517e+32
1.385821e+14 6.761885e+32
1.396563e+14 6.888583e+32
1.407389e+14 7.017655e+32
1.418299e+14 7.149145e+32
1.429293e+14 7.283099e+32
1.440372e+14 7.419564e+32
1.451538e+14 7.558585e+32
1.462789e+14 7.700211e+32
1.474129e+14 7.844490e+32
1.485556e+14 7.991473e+32
1.497071e+14 8.141210e+32
1.508676e+14 8.293753e+32
1.520371e+14 8.449154e+32
1.532156e+14 8.607466e+32
1.544033e+14 8.768745e+32
1.556002e+14 8.933046e+32
1.568063e+14 9.100425e+32
1.580219e+14 9.270941e+32
1.592468e+14 9.444651e+32
1.604812e+14 9.621617e+32
1.617252e+14 9.801898e+32
1.629789e+14 9.985557e+32
1.642422e+14 1.017266e+33
1.655154e+14 1.036326e+33
1.667984e+14 1.055744e+33
1.680914e+14 1.075526e+33
1.693944e+14 1.095678e+33
1.707075e+14 1.116208e+33
1.720307e+14 1.137122e+33
1.733643e+14 1.158429e+33
1.747081e+14 1.180134e+33
1.760624e+14 1.202246e+33
1.774272e+14 1.224773e+33
1.788026e+14 1.247722e+33
1.801886e+14 1.271100e+33
1.815854e+14 1.294917e+33
1.829929e+14 1.319180e+33
1.844114e+14 1.343898e+33
1.858409e+14 1.369078e+33
1.872815e+14 1.394731e+33
1.887333e+14 1.420864e+33
1.901963e+14 1.447487e+33
1.916706e+14 1.474609e+33
1.931564e+14 1.502239e+33
1.946537e+14 1.530386e+33
1.961626e+14 1.559061e+33
1.976832e+14 1.588274e+33
1.992155e+14 1.618033e+33
2.007598e+14 1.648350e+33
2.023160e+14 1.679236e+33
2.038843e+14 1.710700e+33
2.054648e+14 1.742753e+33
2.070575e+14 1.775407e+33
2.086625e+14 1.808673e+33
2.102800e+14 1.842563e+33
2.119100e+14 1.877087e+33
2.135527e+14 1.912258e+33
2.152081e+14 1.948088e+33
2.168763e+14 1.984590e+33
2.185575e+14 2.021775e+33
2.202517e+14 2.059657e+33
2.219590e+14 2.098249e+33
2.236795e+14 2.137564e+33
2.254134e+14 2.177616e+33
2.271608e+14 2.218418e+33
2.289217e+14 2.259985e+33
2.306962e+14 2.302331e+33
2.324845e+14 2.345470e+33
2.342866e+14 2.389417e+33
2.361027e+14 2.434188e+33
2.379329e+14 2.479797e+33
2.397773e+14 2.526262e+33
2.416360e+14 2.573596e+33
2.435091e+14 2.621818e+33
2.453967e+14 2.670943e+33
2.472989e+14 2.720989e+33
2.492159e+14 2.771972e+33
2.511478e+14 2.823911e+33
2.530946e+14 2.876823e+33
2.550565e+14 2.930726e+33
2.570336e+14 2.985640e+33
2.590260e+14 3.041582e+33
2.610339e+14 3.098572e+33
2.630574e+14 3.156631e+33
2.650965e+14 3.215777e+33
2.671515e+14 3.276031e+33
2.692224e+14 3.337414e+33
2.713093e+14 3.399948e+33
2.734124e+14 3.463653e+33
2.755318e+14 3.528552e+33
2.776676e+14 3.594666e+33
2.798200e+14 3.662020e+33
2.819891e+14 3.730636e+33
2.841750e+14 3.800537e+33
2.863778e+14 3.871748e+33
2.885977e+14 3.944293e+33
2.908349e+14 4.018198e+33
2.930893e+14 4.093487e+33
