# epsilon [g/cm^3]   P [dyn/cm^2]
1.364583e+14 6.451287e+32
1.375161e+14 6.550295e+32
1.385821e+14 6.650823e+32
1.396563e+14 6.752893e+32
1.407389e+14 6.856531e+32
1.418299e+14 6.961758e+32
1.429293e+14 7.068601e+32
1.440372e+14 7.177083e+32
1.451538e+14 7.287230e+32
1.462789e+14 7.399068e+32
1.474129e+14 7.512622e+32
1.485556e+14 7.627918e+32
1.497071e+14 7.744985e+32
1.508676e+14 7.863847e+32
1.520371e+14 7.984534e+32
1.532156e+14 8.107074e+32
1.544033e+14 8.231493e+32
1.556002e+14 8.357823e+32
1.568063e+14 8.486091e+32
1.580219e+14 8.616327e+32
1.592468e+14 8.748563e+32
1.604812e+14 8.882827e+32
1.617252e+14 9.019153e+32
1.629789e+14 9.157570e+32
1.642422e+14 9.298112e+32
1.655154e+14 9.440811e+32
1.667984e+14 9.585699e+32
1.680914e+14 9.732812e+32
1.693944e+14 9.882182e+32
1.707075e+14 1.003384e+33
1.720307e+14 1.018783e+33
1.733643e+14 1.034419e+33
1.747081e+14 1.050294e+33
1.760624e+14 1.066413e+33
1.774272e+14 1.082779e+33
1.788026e+14 1.099397e+33
1.801886e+14 1.116269e+33
1.815854e+14 1.133401e+33
1.829929e+14 1.150795e+33
1.844114e+14 1.168456e+33
1.858409e+14 1.186389e+33
1.872815e+14 1.204596e+33
1.887333e+14 1.223083e+33
1.901963e+14 1.241854e+33
1.916706e+14 1.260913e+33
1.931564e+14 1.280264e+33
1.946537e+14 1.299913e+33
1.961626e+14 1.319862e+33
1.976832e+14 1.340118e+33
1.992155e+14 1.360685e+33
2.007598e+14 1.381568e+33
2.023160e+14 1.402771e+33
2.038843e+14 1.424299e+33
2.054648e+14 1.446158e+33
2.070575e+14 1.468352e+33
2.086625e+14 1.490887e+33
2.102800e+14 1.513768e+33
2.119100e+14 1.537000e+33
2.135527e+14 1.560588e+33
2.152081e+14 1.584539e+33
2.168763e+14 1.608857e+33
2.185575e+14 1.633548e+33
2.202517e+14 1.658618e+33
2.219590e+14 1.684073e+33
2.236795e+14 1.709919e+33
2.254134e+14 1.736161e+33
2.271608e+14 1.762806e+33
2.289217e+14 1.789860e+33
2.306962e+14 1.817329e+33
2.324845e+14 1.845220e+33
2.342866e+14 1.873538e+33
2.361027e+14 1.902292e+33
2.379329e+14 1.931486e+33
2.397773e+14 1.961129e+33
2.416360e+14 1.991226e+33
2.435091e+14 2.021786e+33
2.453967e+14 2.052814e+33
2.472989e+14 2.084319e+33
2.492159e+14 2.116307e+33
2.511478e+14 2.148786e+33
2.530946e+14 2.181764e+33
2.550565e+14 2.215248e+33
2.570336e+14 2.249245e+33
2.590260e+14 2.283764e+33
2.610339e+14 2.318814e+33
2.630574e+14 2.354401e+33
2.650965e+14 2.390534e+33
2.671515e+14 2.427221e+33
2.692224e+14 2.464472e+33
2.713093e+14 2.502294e+33
2.734124e+14 2.540697e+33
2.755318e+14 2.579690e+33
2.776676e+14 2.619280e+33
2.798200e+14 2.659479e+33
2.819891e+14 2.700294e+33
2.841750e+14 2.741735e+33
2.863778e+14 2.783813e+33
2.885977e+14 2.826536e+33
2.908349e+14 2.869915e+33
2.930893e+14 2.913960e+33
