# epsilon [g/cm^3]   P [dyn/cm^2]
1.364583e+14 6.429243e+32
1.375161e+14 6.520390e+32
1.385821e+14 6.612830e+32
1.396563e+14 6.706580e+32
1.407389e+14 6.801659e+32
1.418299e+14 6.898086e+32
1.429293e+14 6.995881e+32
1.440372e+14 7.095061e+32
1.451538e+14 7.195648e+32
1.462789e+14 7.297660e+32
1.474129e+14 7.401119e+32
1.485556e+14 7.506045e+32
1.497071e+14 7.612458e+32
1.508676e+14 7.720380e+32
1.520371e+14 7.829832e+32
1.532156e+14 7.940835e+32
1.544033e+14 8.053412e+32
1.556002e+14 8.167586e+32
1.568063e+14 8.283377e+32
1.580219e+14 8.400811e+32
1.592468e+14 8.519909e+32
1.604812e+14 8.640696e+32
1.617252e+14 8.763195e+32
1.629789e+14 8.887431e+32
1.642422e+14 9.013428e+32
1.655154e+14 9.141211e+32
1.667984e+14 9.270806e+32
1.680914e+14 9.402238e+32
1.693944e+14 9.535534e+32
1.707075e+14 9.670719e+32
1.720307e+14 9.807821e+32
1.733643e+14 9.946866e+32
1.747081e+14 1.008788e+33
1.760624e+14 1.023090e+33
1.774272e+14 1.037594e+33
1.788026e+14 1.052304e+33
1.801886e+14 1.067223e+33
1.815854e+14 1.082353e+33
1.829929e+14 1.097697e+33
1.844114e+14 1.113259e+33
1.858409e+14 1.129042e+33
1.872815e+14 1.145048e+33
1.887333e+14 1.161282e+33
1.901963e+14 1.177745e+33
1.916706e+14 1.194442e+33
1.931564e+14 1.211376e+33
1.946537e+14 1.228549e+33
1.961626e+14 1.245967e+33
1.976832e+14 1.263631e+33
1.992155e+14 1.281545e+33
2.007598e+14 1.299714e+33
2.023160e+14 1.318140e+33
2.038843e+14 1.336827e+33
2.054648e+14 1.355779e+33
2.070575e+14 1.375000e+33
2.086625e+14 1.394493e+33
2.102800e+14 1.414263e+33
2.119100e+14 1.434313e+33
2.135527e+14 1.454647e+33
2.152081e+14 1.475270e+33
2.168763e+14 1.496185e+33
2.185575e+14 1.517396e+33
2.202517e+14 1.538908e+33
2.219590e+14 1.560725e+33
2.236795e+14 1.582852e+33
2.254134e+14 1.605292e+33
2.271608e+14 1.628050e+33
2.289217e+14 1.651131e+33
2.306962e+14 1.674539e+33
2.324845e+14 1.698279e+33
2.342866e+14 1.722355e+33
2.361027e+14 1.746773e+33
2.379329e+14 1.771537e+33
2.397773e+14 1.796652e+33
2.416360e+14 1.822123e+33
2.435091e+14 1.847956e+33
2.453967e+14 1.874154e+33
2.472989e+14 1.900724e+33
2.492159e+14 1.927670e+33
2.511478e+14 1.954999e+33
2.530946e+14 1.982715e+33
2.550565e+14 2.010824e+33
2.570336e+14 2.039331e+33
2.590260e+14 2.068243e+33
2.610339e+14 2.097565e+33
2.630574e+14 2.127302e+33
2.650965e+14 2.157460e+33
2.671515e+14 2.188047e+33
2.692224e+14 2.219067e+33
2.713093e+14 2.250526e+33
2.734124e+14 2.282432e+33
2.755318e+14 2.314790e+33
2.776676e+14 2.347607e+33
2.798200e+14 2.380889e+33
2.819891e+14 2.414643e+33
2.841750e+14 2.448875e+33
2.863778e+14 2.483593e+33
2.885977e+14 2.518803e+33
2.908349e+14 2.554512e+33
2.930893e+14 2.590727e+33
