# epsilon [g/cm^3]   P [dyn/cm^2]
1.364583e+14 6.574308e+32
1.375161e+14 6.717817e+32
1.385821e+14 6.864459e+32
1.396563e+14 7.014301e+32
1.407389e+14 7.167415e+32
1.418299e+14 7.323871e+32
1.429293e+14 7.483742e+32
1.440372e+14 7.647102e+32
1.451538e+14 7.814029e+32
1.462789e+14 7.984600e+32
1.474129e+14 8.158894e+32
1.485556e+14 8.336992e+32
1.497071e+14 8.518979e+32
1.508676e+14 8.704938e+32
1.520371e+14 8.894956e+32
1.532156e+14 9.089122e+32
1.544033e+14 9.287526e+32
1.556002e+14 9.490261e+32
1.568063e+14 9.697422e+32
1.580219e+14 9.909105e+32
1.592468e+14 1.012541e+33
1.604812e+14 1.034643e+33
1.617252e+14 1.057228e+33
1.629789e+14 1.080306e+33
1.642422e+14 1.103888e+33
1.655154e+14 1.127985e+33
1.667984e+14 1.152607e+33
1.680914e+14 1.177767e+33
1.693944e+14 1.203476e+33
1.707075e+14 1.229747e+33
1.720307e+14 1.256591e+33
1.733643e+14 1.284020e+33
1.747081e+14 1.312049e+33
1.760624e+14 1.340689e+33
1.774272e+14 1.369955e+33
1.788026e+14 1.399859e+33
1.801886e+14 1.430417e+33
1.815854e+14 1.461641e+33
1.829929e+14 1.493547e+33
1.844114e+14 1.526149e+33
1.858409e+14 1.559463e+33
1.872815e+14 1.593504e+33
1.887333e+14 1.628288e+33
1.901963e+14 1.663832e+33
1.916706e+14 1.700151e+33
1.931564e+14 1.737263e+33
1.946537e+14 1.775186e+33
1.961626e+14 1.813936e+33
1.976832e+14 1.853532e+33
1.992155e+14 1.893992e+33
2.007598e+14 1.935336e+33
2.023160e+14 1.977582e+33
2.038843e+14 2.020750e+33
2.054648e+14 2.064860e+33
2.070575e+14 2.109934e+33
2.086625e+14 2.155991e+33
2.102800e+14 2.203053e+33
2.119100e+14 2.251143e+33
2.135527e+14 2.300283e+33
2.152081e+14 2.350495e+33
2.168763e+14 2.401804e+33
2.185575e+14 2.454232e+33
2.202517e+14 2.507805e+33
2.219590e+14 2.562547e+33
2.236795e+14 2.618485e+33
2.254134e+14 2.675643e+33
2.271608e+14 2.734049e+33
2.289217e+14 2.793730e+33
2.306962e+14 2.854714e+33
2.324845e+14 2.917028e+33
2.342866e+14 2.980704e+33
2.361027e+14 3.045769e+33
2.379329e+14 3.112254e+33
2.397773e+14 3.180191e+33
2.416360e+14 3.249610e+33
2.435091e+14 3.320545e+33
2.453967e+14 3.393029e+33
2.472989e+14 3.467094e+33
2.492159e+14 3.542777e+33
2.511478e+14 3.620111e+33
2.530946e+14 3.699134e+33
2.550565e+14 3.779881e+33
2.570336e+14 3.862391e+33
2.590260e+14 3.946703e+33
2.610339e+14 4.032854e+33
2.630574e+14 4.120887e+33
2.650965e+14 4.210840e+33
2.671515e+14 4.302758e+33
2.692224e+14 4.396682e+33
2.713093e+14 4.492656e+33
2.734124e+14 4.590725e+33
2.755318e+14 4.690935e+33
2.776676e+14 4.793332e+33
2.798200e+14 4.897965e+33
2.819891e+14 5.004881e+33
2.841750e+14 5.114132e+33
2.863778e+14 5.225767e+33
2.885977e+14 5.339839e+33
2.908349e+14 5.456401e+33
2.930893e+14 5.575507e+33
