# epsilon [g/cm^3]   P [dyn/cm^2]
1.364583e+14 6.590468e+32
1.375161e+14 6.739902e+32
1.385821e+14 6.892725e+32
1.396563e+14 7.049012e+32
1.407389e+14 7.208843e+32
1.418299e+14 7.372298e+32
1.429293e+14 7.539459e+32
1.440372e+14 7.710411e+32
1.451538e+14 7.885238e+32
1.462789e+14 8.064030e+32
1.474129e+14 8.246876e+32
1.485556e+14 8.433868e+32
1.497071e+14 8.625099e+32
1.508676e+14 8.820667e+32
1.520371e+14 9.020669e+32
1.532156e+14 9.225205e+32
1.544033e+14 9.434380e+32
1.556002e+14 9.648297e+32
1.568063e+14 9.867065e+32
1.580219e+14 1.009079e+33
1.592468e+14 1.031959e+33
1.604812e+14 1.055358e+33
1.617252e+14 1.079288e+33
1.629789e+14 1.103760e+33
1.642422e+14 1.128787e+33
1.655154e+14 1.154381e+33
1.667984e+14 1.180556e+33
1.680914e+14 1.207324e+33
1.693944e+14 1.234699e+33
1.707075e+14 1.262695e+33
1.720307e+14 1.291326e+33
1.733643e+14 1.320606e+33
1.747081e+14 1.350549e+33
1.760624e+14 1.381172e+33
1.774272e+14 1.412489e+33
1.788026e+14 1.444516e+33
1.801886e+14 1.477269e+33
1.815854e+14 1.510765e+33
1.829929e+14 1.545021e+33
1.844114e+14 1.580053e+33
1.858409e+14 1.615880e+33
1.872815e+14 1.652518e+33
1.887333e+14 1.689988e+33
1.901963e+14 1.728307e+33
1.916706e+14 1.767495e+33
1.931564e+14 1.807572e+33
1.946537e+14 1.848557e+33
1.961626e+14 1.890472e+33
1.976832e+14 1.933337e+33
1.992155e+14 1.977174e+33
2.007598e+14 2.022005e+33
2.023160e+14 2.067852e+33
2.038843e+14 2.114739e+33
2.054648e+14 2.162689e+33
2.070575e+14 2.211726e+33
2.086625e+14 2.261876e+33
2.102800e+14 2.313162e+33
2.119100e+14 2.365611e+33
2.135527e+14 2.419250e+33
2.152081e+14 2.474104e+33
2.168763e+14 2.530203e+33
2.185575e+14 2.587573e+33
2.202517e+14 2.646244e+33
2.219590e+14 2.706246e+33
2.236795e+14 2.767608e+33
2.254134e+14 2.830362e+33
2.271608e+14 2.894538e+33
2.289217e+14 2.960169e+33
2.306962e+14 3.027289e+33
2.324845e+14 3.095930e+33
2.342866e+14 3.166128e+33
2.361027e+14 3.237918e+33
2.379329e+14 3.311335e+33
2.397773e+14 3.386417e+33
2.416360e+14 3.463202e+33
2.435091e+14 3.541727e+33
2.453967e+14 3.622033e+33
2.472989e+14 3.704160e+33
2.492159e+14 3.788149e+33
2.511478e+14 3.874042e+33
2.530946e+14 3.961883e+33
2.550565e+14 4.051716e+33
2.570336e+14 4.143585e+33
2.590260e+14 4.237538e+33
2.610339e+14 4.333621e+33
2.630574e+14 4.431883e+33
2.650965e+14 4.532372e+33
2.671515e+14 4.635140e+33
2.692224e+14 4.740239e+33
2.713093e+14 4.847720e+33
2.734124e+14 4.957638e+33
2.755318e+14 5.070049e+33
2.776676e+14 5.185009e+33
2.798200e+14 5.302575e+33
2.819891e+14 5.422807e+33
2.841750e+14 5.545765e+33
2.863778e+14 5.671511e+33
2.885977e+14 5.800108e+33
2.908349e+14 5.931621e+33
2.930893e+14 6.066116e+33
