# epsilon [g/cm^3]   P [dyn/cm^2]
1.364583e+14 6.630813e+32
1.375161e+14 6.795117e+32
1.385821e+14 6.963493e+32
1.396563e+14 7.136041e+32
1.407389e+14 7.312865e+32
1.418299e+14 7.494070e+32
1.429293e+14 7.679765e+32
1.440372e+14 7.870062e+32
1.451538e+14 8.065073e+32
1.462789e+14 8.264917e+32
1.474129e+14 8.469713e+32
1.485556e+14 8.679584e+32
1.497071e+14 8.894655e+32
1.508676e+14 9.115055e+32
1.520371e+14 9.340916e+32
1.532156e+14 9.572375e+32
1.544033e+14 9.809568e+32
1.556002e+14 1.005264e+33
1.568063e+14 1.030173e+33
1.580219e+14 1.055700e+33
1.592468e+14 1.081859e+33
1.604812e+14 1.108666e+33
1.617252e+14 1.136138e+33
1.629789e+14 1.164290e+33
1.642422e+14 1.193140e+33
1.655154e+14 1.222705e+33
1.667984e+14 1.253002e+33
1.680914e+14 1.284050e+33
1.693944e+14 1.315868e+33
1.707075e+14 1.348473e+33
1.720307e+14 1.381887e+33
1.733643e+14 1.416129e+33
1.747081e+14 1.451219e+33
1.760624e+14 1.487179e+33
1.774272e+14 1.524030e+33
1.788026e+14 1.561793e+33
1.801886e+14 1.600493e+33
1.815854e+14 1.640151e+33
1.829929e+14 1.680793e+33
1.844114e+14 1.722441e+33
1.858409e+14 1.765121e+33
1.872815e+14 1.808859e+33
1.887333e+14 1.853681e+33
1.901963e+14 1.899613e+33
1.916706e+14 1.946683e+33
1.931564e+14 1.994920e+33
1.946537e+14 2.044352e+33
1.961626e+14 2.095009e+33
1.976832e+14 2.146921e+33
1.992155e+14 2.200120e+33
2.007598e+14 2.254636e+33
2.023160e+14 2.310504e+33
2.038843e+14 2.367756e+33
2.054648e+14 2.426426e+33
2.070575e+14 2.486550e+33
2.086625e+14 2.548164e+33
2.102800e+14 2.611305e+33
2.119100e+14 2.676011e+33
2.135527e+14 2.742319e+33
2.152081e+14 2.810271e+33
2.168763e+14 2.879907e+33
2.185575e+14 2.951268e+33
2.202517e+14 3.024397e+33
2.219590e+14 3.099339e+33
2.236795e+14 3.176137e+33
2.254134e+14 3.254838e+33
2.271608e+14 3.335490e+33
2.289217e+14 3.418140e+33
2.306962e+14 3.502837e+33
2.324845e+14 3.589634e+33
2.342866e+14 3.678581e+33
2.361027e+14 3.769733e+33
2.379329e+14 3.863143e+33
2.397773e+14 3.958867e+33
2.416360e+14 4.056964e+33
2.435091e+14 4.157491e+33
2.453967e+14 4.260510e+33
2.472989e+14 4.366080e+33
2.492159e+14 4.474267e+33
2.511478e+14 4.585135e+33
2.530946e+14 4.698750e+33
2.550565e+14 4.815180e+33
2.570336e+14 4.934495e+33
2.590260e+14 5.056767e+33
2.610339e+14 5.182068e+33
2.630574e+14 5.310474e+33
2.650965e+14 5.442062e+33
2.671515e+14 5.576911e+33
2.692224e+14 5.715101e+33
2.713093e+14 5.856715e+33
2.734124e+14 6.001838e+33
2.755318e+14 6.150557e+33
2.776676e+14 6.302961e+33
2.798200e+14 6.459142e+33
2.819891e+14 6.619193e+33
2.841750e+14 6.783210e+33
2.863778e+14 6.951290e+33
2.885977e+14 7.123536e+33
2.908349e+14 7.300050e+33
2.930893e+14 7.480937e+33
