# epsilon [g/cm^3]   P [dyn/cm^2]
1.364583e+14 6.490830e+32
1.375161e+14 6.604026e+32
1.385821e+14 6.719196e+32
1.396563e+14 6.836374e+32
1.407389e+14 6.955596e+32
1.418299e+14 7.076897e+32
1.429293e+14 7.200314e+32
1.440372e+14 7.325883e+32
1.451538e+14 7.453641e+32
1.462789e+14 7.583628e+32
1.474129e+14 7.715882e+32
1.485556e+14 7.850442e+32
1.497071e+14 7.987349e+32
1.508676e+14 8.126643e+32
1.520371e+14 8.268366e+32
1.532156e+14 8.412561e+32
1.544033e+14 8.559271e+32
1.556002e+14 8.708539e+32
1.568063e+14 8.860411e+32
1.580219e+14 9.014931e+32
1.592468e+14 9.172145e+32
1.604812e+14 9.332102e+32
1.617252e+14 9.494848e+32
1.629789e+14 9.660432e+32
1.642422e+14 9.828903e+32
1.655154e+14 1.000031e+33
1.667984e+14 1.017471e+33
1.680914e+14 1.035215e+33
1.693944e+14 1.053269e+33
1.707075e+14 1.071637e+33
1.720307e+14 1.090326e+33
1.733643e+14 1.109340e+33
1.747081e+14 1.128687e+33
1.760624e+14 1.148370e+33
1.774272e+14 1.168397e+33
1.788026e+14 1.188773e+33
1.801886e+14 1.209505e+33
1.815854e+14 1.230598e+33
1.829929e+14 1.252058e+33
1.844114e+14 1.273893e+33
1.858409e+14 1.296109e+33
1.872815e+14 1.318713e+33
1.887333e+14 1.341710e+33
1.901963e+14 1.365109e+33
1.916706e+14 1.388915e+33
1.931564e+14 1.413137e+33
1.946537e+14 1.437781e+33
1.961626e+14 1.462855e+33
1.976832e+14 1.488367e+33
1.992155e+14 1.514323e+33
2.007598e+14 1.540732e+33
2.023160e+14 1.567601e+33
2.038843e+14 1.594939e+33
2.054648e+14 1.622754e+33
2.070575e+14 1.651053e+33
2.086625e+14 1.679847e+33
2.102800e+14 1.709142e+33
2.119100e+14 1.738949e+33
2.135527e+14 1.769275e+33
2.152081e+14 1.800130e+33
2.168763e+14 1.831523e+33
2.185575e+14 1.863463e+33
2.202517e+14 1.895961e+33
2.219590e+14 1.929025e+33
2.236795e+14 1.962666e+33
2.254134e+14 1.996894e+33
2.271608e+14 2.031719e+33
2.289217e+14 2.067151e+33
2.306962e+14 2.103200e+33
2.324845e+14 2.139879e+33
2.342866e+14 2.177197e+33
2.361027e+14 2.215166e+33
2.379329e+14 2.253797e+33
2.397773e+14 2.293102e+33
2.416360e+14 2.333092e+33
2.435091e+14 2.373780e+33
2.453967e+14 2.415177e+33
2.472989e+14 2.457296e+33
2.492159e+14 2.500150e+33
2.511478e+14 2.543751e+33
2.530946e+14 2.588112e+33
2.550565e+14 2.633247e+33
2.570336e+14 2.679169e+33
2.590260e+14 2.725892e+33
2.610339e+14 2.773430e+33
2.630574e+14 2.821797e+33
2.650965e+14 2.871007e+33
2.671515e+14 2.921076e+33
2.692224e+14 2.972017e+33
2.713093e+14 3.023847e+33
2.734124e+14 3.076581e+33
2.755318e+14 3.130235e+33
2.776676e+14 3.184824e+33
2.798200e+14 3.240366e+33
2.819891e+14 3.296876e+33
2.841750e+14 3.354371e+33
2.863778e+14 3.412869e+33
2.885977e+14 3.472387e+33
2.908349e+14 3.532944e+33
2.930893e+14 3.594556e+33
