# epsilon [g/cm^3]   P [dyn/cm^2]
1.364583e+14 6.611488e+32
1.375161e+14 6.768655e+32
1.385821e+14 6.929559e+32
1.396563e+14 7.094287e+32
1.407389e+14 7.262932e+32
1.418299e+14 7.435585e+32
1.429293e+14 7.612343e+32
1.440372e+14 7.793302e+32
1.451538e+14 7.978564e+32
1.462789e+14 8.168229e+32
1.474129e+14 8.362403e+32
1.485556e+14 8.561193e+32
1.497071e+14 8.764708e+32
1.508676e+14 8.973062e+32
1.520371e+14 9.186368e+32
1.532156e+14 9.404745e+32
1.544033e+14 9.628314e+32
1.556002e+14 9.857197e+32
1.568063e+14 1.009152e+33
1.580219e+14 1.033141e+33
1.592468e+14 1.057701e+33
1.604812e+14 1.082845e+33
1.617252e+14 1.108586e+33
1.629789e+14 1.134939e+33
1.642422e+14 1.161919e+33
1.655154e+14 1.189540e+33
1.667984e+14 1.217817e+33
1.680914e+14 1.246767e+33
1.693944e+14 1.276405e+33
1.707075e+14 1.306748e+33
1.720307e+14 1.337811e+33
1.733643e+14 1.369614e+33
1.747081e+14 1.402172e+33
1.760624e+14 1.435504e+33
1.774272e+14 1.469629e+33
1.788026e+14 1.504565e+33
1.801886e+14 1.540331e+33
1.815854e+14 1.576947e+33
1.829929e+14 1.614434e+33
1.844114e+14 1.652812e+33
1.858409e+14 1.692103e+33
1.872815e+14 1.732327e+33
1.887333e+14 1.773508e+33
1.901963e+14 1.815668e+33
1.916706e+14 1.858829e+33
1.931564e+14 1.903017e+33
1.946537e+14 1.948255e+33
1.961626e+14 1.994569e+33
1.976832e+14 2.041984e+33
1.992155e+14 2.090525e+33
2.007598e+14 2.140221e+33
2.023160e+14 2.191098e+33
2.038843e+14 2.243185e+33
2.054648e+14 2.296509e+33
2.070575e+14 2.351102e+33
2.086625e+14 2.406992e+33
2.102800e+14 2.464210e+33
2.119100e+14 2.522789e+33
2.135527e+14 2.582761e+33
2.152081e+14 2.644158e+33
2.168763e+14 2.707014e+33
2.185575e+14 2.771365e+33
2.202517e+14 2.837245e+33
2.219590e+14 2.904692e+33
2.236795e+14 2.973742e+33
2.254134e+14 3.044433e+33
2.271608e+14 3.116805e+33
2.289217e+14 3.190897e+33
2.306962e+14 3.266751e+33
2.324845e+14 3.344408e+33
2.342866e+14 3.423911e+33
2.361027e+14 3.505303e+33
2.379329e+14 3.588631e+33
2.397773e+14 3.673939e+33
2.416360e+14 3.761276e+33
2.435091e+14 3.850688e+33
2.453967e+14 3.942226e+33
2.472989e+14 4.035940e+33
2.492159e+14 4.131882e+33
2.511478e+14 4.230105e+33
2.530946e+14 4.330662e+33
2.550565e+14 4.433610e+33
2.570336e+14 4.539005e+33
2.590260e+14 4.646906e+33
2.610339e+14 4.757371e+33
2.630574e+14 4.870463e+33
2.650965e+14 4.986243e+33
2.671515e+14 5.104775e+33
2.692224e+14 5.226125e+33
2.713093e+14 5.350360e+33
2.734124e+14 5.477548e+33
2.755318e+14 5.607759e+33
2.776676e+14 5.741066e+33
2.798200e+14 5.877542e+33
2.819891e+14 6.017262e+33
2.841750e+14 6.160304e+33
2.863778e+14 6.306746e+33
2.885977e+14 6.456669e+33
2.908349e+14 6.610156e+33
2.930893e+14 6.767291e+33
