# epsilon [g/cm^3]   P [dyn/cm^2]
1.364583e+14 6.598816e+32
1.375161e+14 6.751318e+32
1.385821e+14 6.907344e+32
1.396563e+14 7.066976e+32
1.407389e+14 7.230297e+32
1.418299e+14 7.397392e+32
1.429293e+14 7.568349e+32
1.440372e+14 7.743257e+32
1.451538e+14 7.922207e+32
1.462789e+14 8.105293e+32
1.474129e+14 8.292610e+32
1.485556e+14 8.484256e+32
1.497071e+14 8.680331e+32
1.508676e+14 8.880937e+32
1.520371e+14 9.086179e+32
1.532156e+14 9.296165e+32
1.544033e+14 9.511003e+32
1.556002e+14 9.730807e+32
1.568063e+14 9.955690e+32
1.580219e+14 1.018577e+33
1.592468e+14 1.042117e+33
1.604812e+14 1.066201e+33
1.617252e+14 1.090841e+33
1.629789e+14 1.116051e+33
1.642422e+14 1.141843e+33
1.655154e+14 1.168232e+33
1.667984e+14 1.195230e+33
1.680914e+14 1.222852e+33
1.693944e+14 1.251113e+33
1.707075e+14 1.280027e+33
1.720307e+14 1.309609e+33
1.733643e+14 1.339874e+33
1.747081e+14 1.370840e+33
1.760624e+14 1.402520e+33
1.774272e+14 1.434933e+33
1.788026e+14 1.468095e+33
1.801886e+14 1.502023e+33
1.815854e+14 1.536736e+33
1.829929e+14 1.572250e+33
1.844114e+14 1.608586e+33
1.858409e+14 1.645761e+33
1.872815e+14 1.683795e+33
1.887333e+14 1.722708e+33
1.901963e+14 1.762521e+33
1.916706e+14 1.803254e+33
1.931564e+14 1.844928e+33
1.946537e+14 1.887565e+33
1.961626e+14 1.931187e+33
1.976832e+14 1.975818e+33
1.992155e+14 2.021480e+33
2.007598e+14 2.068197e+33
2.023160e+14 2.115994e+33
2.038843e+14 2.164896e+33
2.054648e+14 2.214927e+33
2.070575e+14 2.266115e+33
2.086625e+14 2.318486e+33
2.102800e+14 2.372067e+33
2.119100e+14 2.426887e+33
2.135527e+14 2.482973e+33
2.152081e+14 2.540356e+33
2.168763e+14 2.599065e+33
2.185575e+14 2.659130e+33
2.202517e+14 2.720584e+33
2.219590e+14 2.783458e+33
2.236795e+14 2.847785e+33
2.254134e+14 2.913598e+33
2.271608e+14 2.980933e+33
2.289217e+14 3.049824e+33
2.306962e+14 3.120306e+33
2.324845e+14 3.192418e+33
2.342866e+14 3.266196e+33
2.361027e+14 3.341680e+33
2.379329e+14 3.418907e+33
2.397773e+14 3.497920e+33
2.416360e+14 3.578758e+33
2.435091e+14 3.661465e+33
2.453967e+14 3.746083e+33
2.472989e+14 3.832657e+33
2.492159e+14 3.921231e+33
2.511478e+14 4.011852e+33
2.530946e+14 4.104568e+33
2.550565e+14 4.199426e+33
2.570336e+14 4.296477e+33
2.590260e+14 4.395771e+33
2.610339e+14 4.497359e+33
2.630574e+14 4.601295e+33
2.650965e+14 4.707633e+33
2.671515e+14 4.816428e+33
2.692224e+14 4.927738e+33
2.713093e+14 5.041620e+33
2.734124e+14 5.158134e+33
2.755318e+14 5.277341e+33
2.776676e+14 5.399303e+33
2.798200e+14 5.524083e+33
2.819891e+14 5.651747e+33
2.841750e+14 5.782361e+33
2.863778e+14 5.915994e+33
2.885977e+14 6.052716e+33
2.908349e+14 6.192596e+33
2.930893e+14 6.335710e+33
