# epsilon [g/cm^3]   P [dyn/cm^2]
1.364583e+14 6.637182e+32
1.375161e+14 6.803845e+32
1.385821e+14 6.974693e+32
1.396563e+14 7.149830e+32
1.407389e+14 7.329366e+32
1.418299e+14 7.513409e+32
1.429293e+14 7.702075e+32
1.440372e+14 7.895477e+32
1.451538e+14 8.093736e+32
1.462789e+14 8.296973e+32
1.474129e+14 8.505314e+32
1.485556e+14 8.718887e+32
1.497071e+14 8.937822e+32
1.508676e+14 9.162254e+32
1.520371e+14 9.392323e+32
1.532156e+14 9.628168e+32
1.544033e+14 9.869936e+32
1.556002e+14 1.011777e+33
1.568063e+14 1.037184e+33
1.580219e+14 1.063228e+33
1.592468e+14 1.089926e+33
1.604812e+14 1.117294e+33
1.617252e+14 1.145350e+33
1.629789e+14 1.174111e+33
1.642422e+14 1.203593e+33
1.655154e+14 1.233816e+33
1.667984e+14 1.264797e+33
1.680914e+14 1.296557e+33
1.693944e+14 1.329114e+33
1.707075e+14 1.362489e+33
1.720307e+14 1.396702e+33
1.733643e+14 1.431773e+33
1.747081e+14 1.467726e+33
1.760624e+14 1.504581e+33
1.774272e+14 1.542362e+33
1.788026e+14 1.581091e+33
1.801886e+14 1.620793e+33
1.815854e+14 1.661492e+33
1.829929e+14 1.703213e+33
1.844114e+14 1.745981e+33
1.858409e+14 1.789824e+33
1.872815e+14 1.834767e+33
1.887333e+14 1.880839e+33
1.901963e+14 1.928067e+33
1.916706e+14 1.976482e+33
1.931564e+14 2.026112e+33
1.946537e+14 2.076989e+33
1.961626e+14 2.129143e+33
1.976832e+14 2.182607e+33
1.992155e+14 2.237413e+33
2.007598e+14 2.293596e+33
2.023160e+14 2.351189e+33
2.038843e+14 2.410228e+33
2.054648e+14 2.470750e+33
2.070575e+14 2.532792e+33
2.086625e+14 2.596391e+33
2.102800e+14 2.661588e+33
2.119100e+14 2.728422e+33
2.135527e+14 2.796934e+33
2.152081e+14 2.867166e+33
2.168763e+14 2.939162e+33
2.185575e+14 3.012965e+33
2.202517e+14 3.088622e+33
2.219590e+14 3.166179e+33
2.236795e+14 3.245683e+33
2.254134e+14 3.327184e+33
2.271608e+14 3.410731e+33
2.289217e+14 3.496376e+33
2.306962e+14 3.584171e+33
2.324845e+14 3.674172e+33
2.342866e+14 3.766432e+33
2.361027e+14 3.861008e+33
2.379329e+14 3.957960e+33
2.397773e+14 4.057346e+33
2.416360e+14 4.159228e+33
2.435091e+14 4.263668e+33
2.453967e+14 4.370731e+33
2.472989e+14 4.480482e+33
2.492159e+14 4.592989e+33
2.511478e+14 4.708321e+33
2.530946e+14 4.826549e+33
2.550565e+14 4.947746e+33
2.570336e+14 5.071986e+33
2.590260e+14 5.199346e+33
2.610339e+14 5.329904e+33
2.630574e+14 5.463740e+33
2.650965e+14 5.600937e+33
2.671515e+14 5.741579e+33
2.692224e+14 5.885753e+33
2.713093e+14 6.033547e+33
2.734124e+14 6.185052e+33
2.755318e+14 6.340361e+33
2.776676e+14 6.499571e+33
2.798200e+14 6.662778e+33
2.819891e+14 6.830083e+33
2.841750e+14 7.001590e+33
2.863778e+14 7.177403e+33
2.885977e+14 7.357630e+33
2.908349e+14 7.542384e+33
2.930893e+14 7.731777e+33
