# epsilon [g/cm^3]   P [dyn/cm^2]
1.364583e+14 6.542370e+32
1.375161e+14 6.674223e+32
1.385821e+14 6.808734e+32
1.396563e+14 6.945956e+32
1.407389e+14 7.085944e+32
1.418299e+14 7.228752e+32
1.429293e+14 7.374439e+32
1.440372e+14 7.523062e+32
1.451538e+14 7.674681e+32
1.462789e+14 7.829355e+32
1.474129e+14 7.987146e+32
1.485556e+14 8.148117e+32
1.497071e+14 8.312333e+32
1.508676e+14 8.479858e+32
1.520371e+14 8.650759e+32
1.532156e+14 8.825105e+32
1.544033e+14 9.002965e+32
1.556002e+14 9.184409e+32
1.568063e+14 9.369509e+32
1.580219e+14 9.558341e+32
1.592468e+14 9.750978e+32
1.604812e+14 9.947497e+32
1.617252e+14 1.014798e+33
1.629789e+14 1.035250e+33
1.642422e+14 1.056114e+33
1.655154e+14 1.077399e+33
1.667984e+14 1.099112e+33
1.680914e+14 1.121264e+33
1.693944e+14 1.143861e+33
1.707075e+14 1.166915e+33
1.720307e+14 1.190432e+33
1.733643e+14 1.214424e+33
1.747081e+14 1.238899e+33
1.760624e+14 1.263868e+33
1.774272e+14 1.289340e+33
1.788026e+14 1.315325e+33
1.801886e+14 1.341833e+33
1.815854e+14 1.368877e+33
1.829929e+14 1.396465e+33
1.844114e+14 1.424609e+33
1.858409e+14 1.453320e+33
1.872815e+14 1.482610e+33
1.887333e+14 1.512490e+33
1.901963e+14 1.542973e+33
1.916706e+14 1.574069e+33
1.931564e+14 1.605793e+33
1.946537e+14 1.638156e+33
1.961626e+14 1.671171e+33
1.976832e+14 1.704851e+33
1.992155e+14 1.739210e+33
2.007598e+14 1.774262e+33
2.023160e+14 1.810020e+33
2.038843e+14 1.846499e+33
2.054648e+14 1.883713e+33
2.070575e+14 1.921677e+33
2.086625e+14 1.960406e+33
2.102800e+14 1.999916e+33
2.119100e+14 2.040222e+33
2.135527e+14 2.081340e+33
2.152081e+14 2.123287e+33
2.168763e+14 2.166079e+33
2.185575e+14 2.209734e+33
2.202517e+14 2.254268e+33
2.219590e+14 2.299700e+33
2.236795e+14 2.346048e+33
2.254134e+14 2.393330e+33
2.271608e+14 2.441565e+33
2.289217e+14 2.490771e+33
2.306962e+14 2.540970e+33
2.324845e+14 2.592180e+33
2.342866e+14 2.644422e+33
2.361027e+14 2.697718e+33
2.379329e+14 2.752087e+33
2.397773e+14 2.807552e+33
2.416360e+14 2.864135e+33
2.435091e+14 2.921858e+33
2.453967e+14 2.980745e+33
2.472989e+14 3.040818e+33
2.492159e+14 3.102102e+33
2.511478e+14 3.164621e+33
2.530946e+14 3.228400e+33
2.550565e+14 3.293465e+33
2.570336e+14 3.359841e+33
2.590260e+14 3.427554e+33
2.610339e+14 3.496632e+33
2.630574e+14 3.567103e+33
2.650965e+14 3.638994e+33
2.671515e+14 3.712333e+33
2.692224e+14 3.787151e+33
2.713093e+14 3.863476e+33
2.734124e+14 3.941340e+33
2.755318e+14 4.020773e+33
2.776676e+14 4.101807e+33
2.798200e+14 4.184474e+33
2.819891e+14 4.268807e+33
2.841750e+14 4.354840e+33
2.863778e+14 4.442606e+33
2.885977e+14 4.532142e+33
2.908349e+14 4.623482e+33
2.930893e+14 4.716662e+33
