# epsilon [g/cm^3]   P [dyn/cm^2]
1.364583e+14 6.436726e+32
1.375161e+14 6.530537e+32
1.385821e+14 6.625716e+32
1.396563e+14 6.722283e+32
1.407389e+14 6.820256e+32
1.418299e+14 6.919658e+32
1.429293e+14 7.020508e+32
1.440372e+14 7.122828e+32
1.451538e+14 7.226640e+32
1.462789e+14 7.331964e+32
1.474129e+14 7.438823e+32
1.485556e+14 7.547240e+32
1.497071e+14 7.657237e+32
1.508676e+14 7.768837e+32
1.520371e+14 7.882064e+32
1.532156e+14 7.996941e+32
1.544033e+14 8.113492e+32
1.556002e+14 8.231742e+32
1.568063e+14 8.351715e+32
1.580219e+14 8.473436e+32
1.592468e+14 8.596932e+32
1.604812e+14 8.722228e+32
1.617252e+14 8.849350e+32
1.629789e+14 8.978324e+32
1.642422e+14 9.109178e+32
1.655154e+14 9.241940e+32
1.667984e+14 9.376636e+32
1.680914e+14 9.513295e+32
1.693944e+14 9.651946e+32
1.707075e+14 9.792618e+32
1.720307e+14 9.935340e+32
1.733643e+14 1.008014e+33
1.747081e+14 1.022706e+33
1.760624e+14 1.037611e+33
1.774272e+14 1.052734e+33
1.788026e+14 1.068077e+33
1.801886e+14 1.083643e+33
1.815854e+14 1.099437e+33
1.829929e+14 1.115460e+33
1.844114e+14 1.131718e+33
1.858409e+14 1.148212e+33
1.872815e+14 1.164946e+33
1.887333e+14 1.181925e+33
1.901963e+14 1.199151e+33
1.916706e+14 1.216628e+33
1.931564e+14 1.234359e+33
1.946537e+14 1.252350e+33
1.961626e+14 1.270602e+33
1.976832e+14 1.289120e+33
1.992155e+14 1.307908e+33
2.007598e+14 1.326970e+33
2.023160e+14 1.346310e+33
2.038843e+14 1.365932e+33
2.054648e+14 1.385840e+33
2.070575e+14 1.406038e+33
2.086625e+14 1.426530e+33
2.102800e+14 1.447321e+33
2.119100e+14 1.468415e+33
2.135527e+14 1.489816e+33
2.152081e+14 1.511529e+33
2.168763e+14 1.533559e+33
2.185575e+14 1.555910e+33
2.202517e+14 1.578586e+33
2.219590e+14 1.601593e+33
2.236795e+14 1.624936e+33
2.254134e+14 1.648618e+33
2.271608e+14 1.672646e+33
2.289217e+14 1.697024e+33
2.306962e+14 1.721757e+33
2.324845e+14 1.746851e+33
2.342866e+14 1.772310e+33
2.361027e+14 1.798141e+33
2.379329e+14 1.824348e+33
2.397773e+14 1.850937e+33
2.416360e+14 1.877913e+33
2.435091e+14 1.905283e+33
2.453967e+14 1.933051e+33
2.472989e+14 1.961224e+33
2.492159e+14 1.989808e+33
2.511478e+14 2.018808e+33
2.530946e+14 2.048231e+33
2.550565e+14 2.078083e+33
2.570336e+14 2.108370e+33
2.590260e+14 2.139099e+33
2.610339e+14 2.170275e+33
2.630574e+14 2.201905e+33
2.650965e+14 2.233997e+33
2.671515e+14 2.266556e+33
2.692224e+14 2.299590e+33
2.713093e+14 2.333105e+33
2.734124e+14 2.367109e+33
2.755318e+14 2.401608e+33
2.776676e+14 2.436611e+33
2.798200e+14 2.472123e+33
2.819891e+14 2.508153e+33
2.841750e+14 2.544708e+33
2.863778e+14 2.581795e+33
2.885977e+14 2.619424e+33
2.908349e+14 2.657600e+33
2.930893e+14 2.696333e+33
