# epsilon [g/cm^3]   P [dyn/cm^2]
1.364583e+14 6.508013e+32
1.375161e+14 6.627409e+32
1.385821e+14 6.748995e+32
1.396563e+14 6.872812e+32
1.407389e+14 6.998900e+32
1.418299e+14 7.127302e+32
1.429293e+14 7.258059e+32
1.440372e+14 7.391215e+32
1.451538e+14 7.526814e+32
1.462789e+14 7.664901e+32
1.474129e+14 7.805521e+32
1.485556e+14 7.948720e+32
1.497071e+14 8.094547e+32
1.508676e+14 8.243049e+32
1.520371e+14 8.394276e+32
1.532156e+14 8.548277e+32
1.544033e+14 8.705103e+32
1.556002e+14 8.864807e+32
1.568063e+14 9.027440e+32
1.580219e+14 9.193057e+32
1.592468e+14 9.361713e+32
1.604812e+14 9.533462e+32
1.617252e+14 9.708363e+32
1.629789e+14 9.886472e+32
1.642422e+14 1.006785e+33
1.655154e+14 1.025255e+33
1.667984e+14 1.044065e+33
1.680914e+14 1.063219e+33
1.693944e+14 1.082725e+33
1.707075e+14 1.102588e+33
1.720307e+14 1.122816e+33
1.733643e+14 1.143416e+33
1.747081e+14 1.164393e+33
1.760624e+14 1.185754e+33
1.774272e+14 1.207508e+33
1.788026e+14 1.229661e+33
1.801886e+14 1.252220e+33
1.815854e+14 1.275194e+33
1.829929e+14 1.298588e+33
1.844114e+14 1.322412e+33
1.858409e+14 1.346673e+33
1.872815e+14 1.371379e+33
1.887333e+14 1.396538e+33
1.901963e+14 1.422159e+33
1.916706e+14 1.448250e+33
1.931564e+14 1.474820e+33
1.946537e+14 1.501877e+33
1.961626e+14 1.529430e+33
1.976832e+14 1.557489e+33
1.992155e+14 1.586062e+33
2.007598e+14 1.615160e+33
2.023160e+14 1.644792e+33
2.038843e+14 1.674967e+33
2.054648e+14 1.705696e+33
2.070575e+14 1.736989e+33
2.086625e+14 1.768855e+33
2.102800e+14 1.801307e+33
2.119100e+14 1.834353e+33
2.135527e+14 1.868006e+33
2.152081e+14 1.902277e+33
2.168763e+14 1.937176e+33
2.185575e+14 1.972715e+33
2.202517e+14 2.008907e+33
2.219590e+14 2.045762e+33
2.236795e+14 2.083293e+33
2.254134e+14 2.121513e+33
2.271608e+14 2.160434e+33
2.289217e+14 2.200070e+33
2.306962e+14 2.240432e+33
2.324845e+14 2.281535e+33
2.342866e+14 2.323392e+33
2.361027e+14 2.366017e+33
2.379329e+14 2.409424e+33
2.397773e+14 2.453627e+33
2.416360e+14 2.498641e+33
2.435091e+14 2.544481e+33
2.453967e+14 2.591162e+33
2.472989e+14 2.638699e+33
2.492159e+14 2.687109e+33
2.511478e+14 2.736406e+33
2.530946e+14 2.786608e+33
2.550565e+14 2.837731e+33
2.570336e+14 2.889792e+33
2.590260e+14 2.942808e+33
2.610339e+14 2.996797e+33
2.630574e+14 3.051776e+33
2.650965e+14 3.107764e+33
2.671515e+14 3.164778e+33
2.692224e+14 3.222839e+33
2.713093e+14 3.281965e+33
2.734124e+14 3.342176e+33
2.755318e+14 3.403492e+33
2.776676e+14 3.465932e+33
2.798200e+14 3.529518e+33
2.819891e+14 3.594270e+33
2.841750e+14 3.660210e+33
2.863778e+14 3.727360e+33
2.885977e+14 3.795742e+33
2.908349e+14 3.865379e+33
2.930893e+14 3.936293e+33
