# epsilon [g/cm^3]   P [dyn/cm^2]
1.364583e+14 6.575405e+32
1.375161e+14 6.719315e+32
1.385821e+14 6.866375e+32
1.396563e+14 7.016654e+32
1.407389e+14 7.170222e+32
1.418299e+14 7.327151e+32
1.429293e+14 7.487514e+32
1.440372e+14 7.651387e+32
1.451538e+14 7.818847e+32
1.462789e+14 7.989972e+32
1.474129e+14 8.164842e+32
1.485556e+14 8.343539e+32
1.497071e+14 8.526147e+32
1.508676e+14 8.712752e+32
1.520371e+14 8.903441e+32
1.532156e+14 9.098303e+32
1.544033e+14 9.297431e+32
1.556002e+14 9.500916e+32
1.568063e+14 9.708855e+32
1.580219e+14 9.921345e+32
1.592468e+14 1.013849e+33
1.604812e+14 1.036038e+33
1.617252e+14 1.058713e+33
1.629789e+14 1.081884e+33
1.642422e+14 1.105562e+33
1.655154e+14 1.129759e+33
1.667984e+14 1.154485e+33
1.680914e+14 1.179752e+33
1.693944e+14 1.205572e+33
1.707075e+14 1.231958e+33
1.720307e+14 1.258921e+33
1.733643e+14 1.286474e+33
1.747081e+14 1.314630e+33
1.760624e+14 1.343402e+33
1.774272e+14 1.372804e+33
1.788026e+14 1.402849e+33
1.801886e+14 1.433552e+33
1.815854e+14 1.464927e+33
1.829929e+14 1.496989e+33
1.844114e+14 1.529752e+33
1.858409e+14 1.563233e+33
1.872815e+14 1.597446e+33
1.887333e+14 1.632408e+33
1.901963e+14 1.668135e+33
1.916706e+14 1.704644e+33
1.931564e+14 1.741952e+33
1.946537e+14 1.780077e+33
1.961626e+14 1.819036e+33
1.976832e+14 1.858848e+33
1.992155e+14 1.899531e+33
2.007598e+14 1.941105e+33
2.023160e+14 1.983588e+33
2.038843e+14 2.027001e+33
2.054648e+14 2.071365e+33
2.070575e+14 2.116699e+33
2.086625e+14 2.163025e+33
2.102800e+14 2.210366e+33
2.119100e+14 2.258742e+33
2.135527e+14 2.308177e+33
2.152081e+14 2.358695e+33
2.168763e+14 2.410317e+33
2.185575e+14 2.463070e+33
2.202517e+14 2.516977e+33
2.219590e+14 2.572064e+33
2.236795e+14 2.628357e+33
2.254134e+14 2.685882e+33
2.271608e+14 2.744665e+33
2.289217e+14 2.804736e+33
2.306962e+14 2.866121e+33
2.324845e+14 2.928849e+33
2.342866e+14 2.992950e+33
2.361027e+14 3.058455e+33
2.379329e+14 3.125393e+33
2.397773e+14 3.193796e+33
2.416360e+14 3.263696e+33
2.435091e+14 3.335125e+33
2.453967e+14 3.408119e+33
2.472989e+14 3.482709e+33
2.492159e+14 3.558933e+33
2.511478e+14 3.636824e+33
2.530946e+14 3.716420e+33
2.550565e+14 3.797759e+33
2.570336e+14 3.880877e+33
2.590260e+14 3.965815e+33
2.610339e+14 4.052611e+33
2.630574e+14 4.141307e+33
2.650965e+14 4.231945e+33
2.671515e+14 4.324566e+33
2.692224e+14 4.419214e+33
2.713093e+14 4.515934e+33
2.734124e+14 4.614771e+33
2.755318e+14 4.715770e+33
2.776676e+14 4.818981e+33
2.798200e+14 4.924450e+33
2.819891e+14 5.032227e+33
2.841750e+14 5.142363e+33
2.863778e+14 5.254910e+33
2.885977e+14 5.369920e+33
2.908349e+14 5.487447e+33
2.930893e+14 5.607546e+33
