# epsilon [g/cm^3]   P [dyn/cm^2]
1.364583e+14 6.424260e+32
1.375161e+14 6.513635e+32
1.385821e+14 6.604254e+32
1.396563e+14 6.696133e+32
1.407389e+14 6.789291e+32
1.418299e+14 6.883744e+32
1.429293e+14 6.979512e+32
1.440372e+14 7.076612e+32
1.451538e+14 7.175063e+32
1.462789e+14 7.274883e+32
1.474129e+14 7.376092e+32
1.485556e+14 7.478709e+32
1.497071e+14 7.582754e+32
1.508676e+14 7.688247e+32
1.520371e+14 7.795206e+32
1.532156e+14 7.903654e+32
1.544033e+14 8.013611e+32
1.556002e+14 8.125098e+32
1.568063e+14 8.238135e+32
1.580219e+14 8.352745e+32
1.592468e+14 8.468950e+32
1.604812e+14 8.586771e+32
1.617252e+14 8.706231e+32
1.629789e+14 8.827353e+32
1.642422e+14 8.950161e+32
1.655154e+14 9.074677e+32
1.667984e+14 9.200925e+32
1.680914e+14 9.328929e+32
1.693944e+14 9.458715e+32
1.707075e+14 9.590306e+32
1.720307e+14 9.723727e+32
1.733643e+14 9.859005e+32
1.747081e+14 9.996165e+32
1.760624e+14 1.013523e+33
1.774272e+14 1.027624e+33
1.788026e+14 1.041920e+33
1.801886e+14 1.056415e+33
1.815854e+14 1.071112e+33
1.829929e+14 1.086014e+33
1.844114e+14 1.101123e+33
1.858409e+14 1.116442e+33
1.872815e+14 1.131974e+33
1.887333e+14 1.147722e+33
1.901963e+14 1.163689e+33
1.916706e+14 1.179878e+33
1.931564e+14 1.196293e+33
1.946537e+14 1.212936e+33
1.961626e+14 1.229811e+33
1.976832e+14 1.246920e+33
1.992155e+14 1.264267e+33
2.007598e+14 1.281856e+33
2.023160e+14 1.299689e+33
2.038843e+14 1.317771e+33
2.054648e+14 1.336104e+33
2.070575e+14 1.354692e+33
2.086625e+14 1.373538e+33
2.102800e+14 1.392647e+33
2.119100e+14 1.412022e+33
2.135527e+14 1.431666e+33
2.152081e+14 1.451584e+33
2.168763e+14 1.471778e+33
2.185575e+14 1.492254e+33
2.202517e+14 1.513014e+33
2.219590e+14 1.534064e+33
2.236795e+14 1.555406e+33
2.254134e+14 1.577045e+33
2.271608e+14 1.598985e+33
2.289217e+14 1.621230e+33
2.306962e+14 1.643785e+33
2.324845e+14 1.666653e+33
2.342866e+14 1.689840e+33
2.361027e+14 1.713349e+33
2.379329e+14 1.737186e+33
2.397773e+14 1.761354e+33
2.416360e+14 1.785858e+33
2.435091e+14 1.810703e+33
2.453967e+14 1.835894e+33
2.472989e+14 1.861435e+33
2.492159e+14 1.887332e+33
2.511478e+14 1.913588e+33
2.530946e+14 1.940210e+33
2.550565e+14 1.967203e+33
2.570336e+14 1.994571e+33
2.590260e+14 2.022320e+33
2.610339e+14 2.050454e+33
2.630574e+14 2.078981e+33
2.650965e+14 2.107904e+33
2.671515e+14 2.137229e+33
2.692224e+14 2.166963e+33
2.713093e+14 2.197110e+33
2.734124e+14 2.227676e+33
2.755318e+14 2.258668e+33
2.776676e+14 2.290091e+33
2.798200e+14 2.321951e+33
2.819891e+14 2.354254e+33
2.841750e+14 2.387007e+33
2.863778e+14 2.420215e+33
2.885977e+14 2.453886e+33
2.908349e+14 2.488024e+33
2.930893e+14 2.522638e+33
