# epsilon [g/cm^3]   P [dyn/cm^2]
1.364583e+14 6.554380e+32
1.375161e+14 6.690608e+32
1.385821e+14 6.829667e+32
1.396563e+14 6.971617e+32
1.407389e+14 7.116517e+32
1.418299e+14 7.264428e+32
1.429293e+14 7.415414e+32
1.440372e+14 7.569538e+32
1.451538e+14 7.726866e+32
1.462789e+14 7.887463e+32
1.474129e+14 8.051398e+32
1.485556e+14 8.218741e+32
1.497071e+14 8.389562e+32
1.508676e+14 8.563933e+32
1.520371e+14 8.741928e+32
1.532156e+14 8.923623e+32
1.544033e+14 9.109094e+32
1.556002e+14 9.298420e+32
1.568063e+14 9.491681e+32
1.580219e+14 9.688958e+32
1.592468e+14 9.890336e+32
1.604812e+14 1.009590e+33
1.617252e+14 1.030574e+33
1.629789e+14 1.051993e+33
1.642422e+14 1.073858e+33
1.655154e+14 1.096178e+33
1.667984e+14 1.118961e+33
1.680914e+14 1.142218e+33
1.693944e+14 1.165958e+33
1.707075e+14 1.190191e+33
1.720307e+14 1.214929e+33
1.733643e+14 1.240180e+33
1.747081e+14 1.265956e+33
1.760624e+14 1.292268e+33
1.774272e+14 1.319127e+33
1.788026e+14 1.346544e+33
1.801886e+14 1.374531e+33
1.815854e+14 1.403100e+33
1.829929e+14 1.432262e+33
1.844114e+14 1.462031e+33
1.858409e+14 1.492418e+33
1.872815e+14 1.523437e+33
1.887333e+14 1.555101e+33
1.901963e+14 1.587422e+33
1.916706e+14 1.620416e+33
1.931564e+14 1.654095e+33
1.946537e+14 1.688474e+33
1.961626e+14 1.723568e+33
1.976832e+14 1.759391e+33
1.992155e+14 1.795958e+33
2.007598e+14 1.833286e+33
2.023160e+14 1.871390e+33
2.038843e+14 1.910285e+33
2.054648e+14 1.949989e+33
2.070575e+14 1.990518e+33
2.086625e+14 2.031890e+33
2.102800e+14 2.074121e+33
2.119100e+14 2.117230e+33
2.135527e+14 2.161235e+33
2.152081e+14 2.206155e+33
2.168763e+14 2.252008e+33
2.185575e+14 2.298815e+33
2.202517e+14 2.346594e+33
2.219590e+14 2.395366e+33
2.236795e+14 2.445152e+33
2.254134e+14 2.495973e+33
2.271608e+14 2.547850e+33
2.289217e+14 2.600805e+33
2.306962e+14 2.654861e+33
2.324845e+14 2.710040e+33
2.342866e+14 2.766367e+33
2.361027e+14 2.823864e+33
2.379329e+14 2.882556e+33
2.397773e+14 2.942467e+33
2.416360e+14 3.003624e+33
2.435091e+14 3.066053e+33
2.453967e+14 3.129778e+33
2.472989e+14 3.194829e+33
2.492159e+14 3.261231e+33
2.511478e+14 3.329013e+33
2.530946e+14 3.398204e+33
2.550565e+14 3.468833e+33
2.570336e+14 3.540931e+33
2.590260e+14 3.614526e+33
2.610339e+14 3.689652e+33
2.630574e+14 3.766338e+33
2.650965e+14 3.844619e+33
2.671515e+14 3.924527e+33
2.692224e+14 4.006095e+33
2.713093e+14 4.089359e+33
2.734124e+14 4.174353e+33
2.755318e+14 4.261114e+33
2.776676e+14 4.349679e+33
2.798200e+14 4.440083e+33
2.819891e+14 4.532367e+33
2.841750e+14 4.626569e+33
2.863778e+14 4.722729e+33
2.885977e+14 4.820888e+33
2.908349e+14 4.921087e+33
2.930893e+14 5.023368e+33
