# epsilon [g/cm^3]   P [dyn/cm^2]
1.364583e+14 6.563013e+32
1.375161e+14 6.702392e+32
1.385821e+14 6.844731e+32
1.396563e+14 6.990092e+32
1.407389e+14 7.138541e+32
1.418299e+14 7.290143e+32
1.429293e+14 7.444964e+32
1.440372e+14 7.603073e+32
1.451538e+14 7.764539e+32
1.462789e+14 7.929435e+32
1.474129e+14 8.097833e+32
1.485556e+14 8.269807e+32
1.497071e+14 8.445433e+32
1.508676e+14 8.624789e+32
1.520371e+14 8.807954e+32
1.532156e+14 8.995008e+32
1.544033e+14 9.186036e+32
1.556002e+14 9.381120e+32
1.568063e+14 9.580347e+32
1.580219e+14 9.783805e+32
1.592468e+14 9.991584e+32
1.604812e+14 1.020378e+33
1.617252e+14 1.042047e+33
1.629789e+14 1.064177e+33
1.642422e+14 1.086777e+33
1.655154e+14 1.109857e+33
1.667984e+14 1.133427e+33
1.680914e+14 1.157498e+33
1.693944e+14 1.182080e+33
1.707075e+14 1.207184e+33
1.720307e+14 1.232821e+33
1.733643e+14 1.259002e+33
1.747081e+14 1.285740e+33
1.760624e+14 1.313045e+33
1.774272e+14 1.340930e+33
1.788026e+14 1.369407e+33
1.801886e+14 1.398490e+33
1.815854e+14 1.428189e+33
1.829929e+14 1.458520e+33
1.844114e+14 1.489494e+33
1.858409e+14 1.521127e+33
1.872815e+14 1.553431e+33
1.887333e+14 1.586421e+33
1.901963e+14 1.620112e+33
1.916706e+14 1.654519e+33
1.931564e+14 1.689656e+33
1.946537e+14 1.725539e+33
1.961626e+14 1.762184e+33
1.976832e+14 1.799608e+33
1.992155e+14 1.837826e+33
2.007598e+14 1.876856e+33
2.023160e+14 1.916715e+33
2.038843e+14 1.957420e+33
2.054648e+14 1.998990e+33
2.070575e+14 2.041443e+33
2.086625e+14 2.084797e+33
2.102800e+14 2.129072e+33
2.119100e+14 2.174287e+33
2.135527e+14 2.220462e+33
2.152081e+14 2.267618e+33
2.168763e+14 2.315776e+33
2.185575e+14 2.364956e+33
2.202517e+14 2.415181e+33
2.219590e+14 2.466472e+33
2.236795e+14 2.518853e+33
2.254134e+14 2.572346e+33
2.271608e+14 2.626975e+33
2.289217e+14 2.682764e+33
2.306962e+14 2.739738e+33
2.324845e+14 2.797922e+33
2.342866e+14 2.857341e+33
2.361027e+14 2.918023e+33
2.379329e+14 2.979993e+33
2.397773e+14 3.043279e+33
2.416360e+14 3.107909e+33
2.435091e+14 3.173912e+33
2.453967e+14 3.241316e+33
2.472989e+14 3.310152e+33
2.492159e+14 3.380450e+33
2.511478e+14 3.452241e+33
2.530946e+14 3.525556e+33
2.550565e+14 3.600428e+33
2.570336e+14 3.676891e+33
2.590260e+14 3.754977e+33
2.610339e+14 3.834722e+33
2.630574e+14 3.916160e+33
2.650965e+14 3.999327e+33
2.671515e+14 4.084261e+33
2.692224e+14 4.170999e+33
2.713093e+14 4.259578e+33
2.734124e+14 4.350039e+33
2.755318e+14 4.442421e+33
2.776676e+14 4.536765e+33
2.798200e+14 4.633112e+33
2.819891e+14 4.731506e+33
2.841750e+14 4.831989e+33
2.863778e+14 4.934606e+33
2.885977e+14 5.039403e+33
2.908349e+14 5.146425e+33
2.930893e+14 5.255719e+33
