# epsilon [g/cm^3]   P [dyn/cm^2]
1.364583e+14 6.505391e+32
1.375161e+14 6.623839e+32
1.385821e+14 6.744443e+32
1.396563e+14 6.867244e+32
1.407389e+14 6.992281e+32
1.418299e+14 7.119594e+32
1.429293e+14 7.249225e+32
1.440372e+14 7.381217e+32
1.451538e+14 7.515612e+32
1.462789e+14 7.652453e+32
1.474129e+14 7.791787e+32
1.485556e+14 7.933657e+32
1.497071e+14 8.078111e+32
1.508676e+14 8.225194e+32
1.520371e+14 8.374956e+32
1.532156e+14 8.527445e+32
1.544033e+14 8.682710e+32
1.556002e+14 8.840802e+32
1.568063e+14 9.001772e+32
1.580219e+14 9.165674e+32
1.592468e+14 9.332559e+32
1.604812e+14 9.502483e+32
1.617252e+14 9.675502e+32
1.629789e+14 9.851670e+32
1.642422e+14 1.003105e+33
1.655154e+14 1.021369e+33
1.667984e+14 1.039966e+33
1.680914e+14 1.058901e+33
1.693944e+14 1.078181e+33
1.707075e+14 1.097812e+33
1.720307e+14 1.117801e+33
1.733643e+14 1.138153e+33
1.747081e+14 1.158877e+33
1.760624e+14 1.179977e+33
1.774272e+14 1.201462e+33
1.788026e+14 1.223337e+33
1.801886e+14 1.245612e+33
1.815854e+14 1.268291e+33
1.829929e+14 1.291384e+33
1.844114e+14 1.314897e+33
1.858409e+14 1.338838e+33
1.872815e+14 1.363215e+33
1.887333e+14 1.388036e+33
1.901963e+14 1.413309e+33
1.916706e+14 1.439042e+33
1.931564e+14 1.465244e+33
1.946537e+14 1.491923e+33
1.961626e+14 1.519087e+33
1.976832e+14 1.546746e+33
1.992155e+14 1.574909e+33
2.007598e+14 1.603584e+33
2.023160e+14 1.632782e+33
2.038843e+14 1.662511e+33
2.054648e+14 1.692782e+33
2.070575e+14 1.723603e+33
2.086625e+14 1.754986e+33
2.102800e+14 1.786940e+33
2.119100e+14 1.819476e+33
2.135527e+14 1.852605e+33
2.152081e+14 1.886336e+33
2.168763e+14 1.920682e+33
2.185575e+14 1.955653e+33
2.202517e+14 1.991261e+33
2.219590e+14 2.027518e+33
2.236795e+14 2.064434e+33
2.254134e+14 2.102022e+33
2.271608e+14 2.140295e+33
2.289217e+14 2.179265e+33
2.306962e+14 2.218945e+33
2.324845e+14 2.259346e+33
2.342866e+14 2.300484e+33
2.361027e+14 2.342370e+33
2.379329e+14 2.385020e+33
2.397773e+14 2.428445e+33
2.416360e+14 2.472662e+33
2.435091e+14 2.517683e+33
2.453967e+14 2.563524e+33
2.472989e+14 2.610200e+33
2.492159e+14 2.657726e+33
2.511478e+14 2.706117e+33
2.530946e+14 2.755389e+33
2.550565e+14 2.805558e+33
2.570336e+14 2.856641e+33
2.590260e+14 2.908654e+33
2.610339e+14 2.961613e+33
2.630574e+14 3.015537e+33
2.650965e+14 3.070443e+33
2.671515e+14 3.126349e+33
2.692224e+14 3.183273e+33
2.713093e+14 3.241233e+33
2.734124e+14 3.300248e+33
2.755318e+14 3.360338e+33
2.776676e+14 3.421522e+33
2.798200e+14 3.483820e+33
2.819891e+14 3.547252e+33
2.841750e+14 3.611839e+33
2.863778e+14 3.677603e+33
2.885977e+14 3.744563e+33
2.908349e+14 3.812743e+33
2.930893e+14 3.882164e+33
