# epsilon [g/cm^3]   P [dyn/cm^2]
1.364583e+14 6.487900e+32
1.375161e+14 6.600040e+32
1.385821e+14 6.714120e+32
1.396563e+14 6.830170e+32
1.407389e+14 6.948227e+32
1.418299e+14 7.068325e+32
1.429293e+14 7.190498e+32
1.440372e+14 7.314783e+32
1.451538e+14 7.441216e+32
1.462789e+14 7.569835e+32
1.474129e+14 7.700676e+32
1.485556e+14 7.833780e+32
1.497071e+14 7.969184e+32
1.508676e+14 8.106928e+32
1.520371e+14 8.247053e+32
1.532156e+14 8.389600e+32
1.544033e+14 8.534611e+32
1.556002e+14 8.682128e+32
1.568063e+14 8.832196e+32
1.580219e+14 8.984857e+32
1.592468e+14 9.140157e+32
1.604812e+14 9.298141e+32
1.617252e+14 9.458855e+32
1.629789e+14 9.622348e+32
1.642422e+14 9.788667e+32
1.655154e+14 9.957860e+32
1.667984e+14 1.012998e+33
1.680914e+14 1.030507e+33
1.693944e+14 1.048319e+33
1.707075e+14 1.066439e+33
1.720307e+14 1.084872e+33
1.733643e+14 1.103623e+33
1.747081e+14 1.122699e+33
1.760624e+14 1.142104e+33
1.774272e+14 1.161845e+33
1.788026e+14 1.181927e+33
1.801886e+14 1.202356e+33
1.815854e+14 1.223139e+33
1.829929e+14 1.244280e+33
1.844114e+14 1.265787e+33
1.858409e+14 1.287666e+33
1.872815e+14 1.309923e+33
1.887333e+14 1.332564e+33
1.901963e+14 1.355597e+33
1.916706e+14 1.379028e+33
1.931564e+14 1.402864e+33
1.946537e+14 1.427112e+33
1.961626e+14 1.451779e+33
1.976832e+14 1.476872e+33
1.992155e+14 1.502400e+33
2.007598e+14 1.528368e+33
2.023160e+14 1.554785e+33
2.038843e+14 1.581659e+33
2.054648e+14 1.608997e+33
2.070575e+14 1.636808e+33
2.086625e+14 1.665100e+33
2.102800e+14 1.693880e+33
2.119100e+14 1.723159e+33
2.135527e+14 1.752943e+33
2.152081e+14 1.783242e+33
2.168763e+14 1.814064e+33
2.185575e+14 1.845420e+33
2.202517e+14 1.877317e+33
2.219590e+14 1.909766e+33
2.236795e+14 1.942775e+33
2.254134e+14 1.976355e+33
2.271608e+14 2.010516e+33
2.289217e+14 2.045267e+33
2.306962e+14 2.080619e+33
2.324845e+14 2.116581e+33
2.342866e+14 2.153166e+33
2.361027e+14 2.190382e+33
2.379329e+14 2.228242e+33
2.397773e+14 2.266756e+33
2.416360e+14 2.305936e+33
2.435091e+14 2.345794e+33
2.453967e+14 2.386340e+33
2.472989e+14 2.427587e+33
2.492159e+14 2.469547e+33
2.511478e+14 2.512232e+33
2.530946e+14 2.555655e+33
2.550565e+14 2.599828e+33
2.570336e+14 2.644765e+33
2.590260e+14 2.690479e+33
2.610339e+14 2.736983e+33
2.630574e+14 2.784291e+33
2.650965e+14 2.832416e+33
2.671515e+14 2.881373e+33
2.692224e+14 2.931177e+33
2.713093e+14 2.981841e+33
2.734124e+14 3.033381e+33
2.755318e+14 3.085812e+33
2.776676e+14 3.139149e+33
2.798200e+14 3.193408e+33
2.819891e+14 3.248605e+33
2.841750e+14 3.304755e+33
2.863778e+14 3.361877e+33
2.885977e+14 3.419986e+33
2.908349e+14 3.479099e+33
2.930893e+14 3.539234e+33
