# epsilon [g/cm^3]   P [dyn/cm^2]
1.364583e+14 6.615320e+32
1.375161e+14 6.773901e+32
1.385821e+14 6.936283e+32
1.396563e+14 7.102557e+32
1.407389e+14 7.272818e+32
1.418299e+14 7.447160e+32
1.429293e+14 7.625681e+32
1.440372e+14 7.808481e+32
1.451538e+14 7.995664e+32
1.462789e+14 8.187334e+32
1.474129e+14 8.383598e+32
1.485556e+14 8.584568e+32
1.497071e+14 8.790354e+32
1.508676e+14 9.001074e+32
1.520371e+14 9.216846e+32
1.532156e+14 9.437789e+32
1.544033e+14 9.664029e+32
1.556002e+14 9.895693e+32
1.568063e+14 1.013291e+33
1.580219e+14 1.037581e+33
1.592468e+14 1.062454e+33
1.604812e+14 1.087923e+33
1.617252e+14 1.114002e+33
1.629789e+14 1.140707e+33
1.642422e+14 1.168051e+33
1.655154e+14 1.196051e+33
1.667984e+14 1.224723e+33
1.680914e+14 1.254082e+33
1.693944e+14 1.284144e+33
1.707075e+14 1.314927e+33
1.720307e+14 1.346448e+33
1.733643e+14 1.378725e+33
1.747081e+14 1.411775e+33
1.760624e+14 1.445618e+33
1.774272e+14 1.480272e+33
1.788026e+14 1.515757e+33
1.801886e+14 1.552092e+33
1.815854e+14 1.589298e+33
1.829929e+14 1.627396e+33
1.844114e+14 1.666408e+33
1.858409e+14 1.706355e+33
1.872815e+14 1.747259e+33
1.887333e+14 1.789144e+33
1.901963e+14 1.832032e+33
1.916706e+14 1.875949e+33
1.931564e+14 1.920919e+33
1.946537e+14 1.966967e+33
1.961626e+14 2.014118e+33
1.976832e+14 2.062400e+33
1.992155e+14 2.111840e+33
2.007598e+14 2.162464e+33
2.023160e+14 2.214302e+33
2.038843e+14 2.267383e+33
2.054648e+14 2.321736e+33
2.070575e+14 2.377392e+33
2.086625e+14 2.434382e+33
2.102800e+14 2.492738e+33
2.119100e+14 2.552493e+33
2.135527e+14 2.613681e+33
2.152081e+14 2.676335e+33
2.168763e+14 2.740492e+33
2.185575e+14 2.806186e+33
2.202517e+14 2.873455e+33
2.219590e+14 2.942337e+33
2.236795e+14 3.012870e+33
2.254134e+14 3.085093e+33
2.271608e+14 3.159048e+33
2.289217e+14 3.234776e+33
2.306962e+14 3.312319e+33
2.324845e+14 3.391721e+33
2.342866e+14 3.473027e+33
2.361027e+14 3.556281e+33
2.379329e+14 3.641531e+33
2.397773e+14 3.728825e+33
2.416360e+14 3.818211e+33
2.435091e+14 3.909740e+33
2.453967e+14 4.003464e+33
2.472989e+14 4.099433e+33
2.492159e+14 4.197704e+33
2.511478e+14 4.298330e+33
2.530946e+14 4.401368e+33
2.550565e+14 4.506877e+33
2.570336e+14 4.614914e+33
2.590260e+14 4.725542e+33
2.610339e+14 4.838821e+33
2.630574e+14 4.954816e+33
2.650965e+14 5.073591e+33
2.671515e+14 5.195214e+33
2.692224e+14 5.319752e+33
2.713093e+14 5.447276e+33
2.734124e+14 5.577856e+33
2.755318e+14 5.711567e+33
2.776676e+14 5.848483e+33
2.798200e+14 5.988681e+33
2.819891e+14 6.132240e+33
2.841750e+14 6.279241e+33
2.863778e+14 6.429765e+33
2.885977e+14 6.583897e+33
2.908349e+14 6.741725e+33
2.930893e+14 6.903336e+33
