# epsilon [g/cm^3]   P [dyn/cm^2]
1.364583e+14 6.612952e+32
1.375161e+14 6.770660e+32
1.385821e+14 6.932128e+32
1.396563e+14 7.097447e+32
1.407389e+14 7.266709e+32
1.418299e+14 7.440007e+32
1.429293e+14 7.617438e+32
1.440372e+14 7.799100e+32
1.451538e+14 7.985095e+32
1.462789e+14 8.175526e+32
1.474129e+14 8.370497e+32
1.485556e+14 8.570119e+32
1.497071e+14 8.774501e+32
1.508676e+14 8.983758e+32
1.520371e+14 9.198005e+32
1.532156e+14 9.417361e+32
1.544033e+14 9.641948e+32
1.556002e+14 9.871892e+32
1.568063e+14 1.010732e+33
1.580219e+14 1.034836e+33
1.592468e+14 1.059515e+33
1.604812e+14 1.084783e+33
1.617252e+14 1.110653e+33
1.629789e+14 1.137140e+33
1.642422e+14 1.164259e+33
1.655154e+14 1.192024e+33
1.667984e+14 1.220452e+33
1.680914e+14 1.249558e+33
1.693944e+14 1.279357e+33
1.707075e+14 1.309868e+33
1.720307e+14 1.341106e+33
1.733643e+14 1.373089e+33
1.747081e+14 1.405835e+33
1.760624e+14 1.439361e+33
1.774272e+14 1.473687e+33
1.788026e+14 1.508832e+33
1.801886e+14 1.544815e+33
1.815854e+14 1.581656e+33
1.829929e+14 1.619376e+33
1.844114e+14 1.657995e+33
1.858409e+14 1.697536e+33
1.872815e+14 1.738019e+33
1.887333e+14 1.779468e+33
1.901963e+14 1.821905e+33
1.916706e+14 1.865354e+33
1.931564e+14 1.909839e+33
1.946537e+14 1.955386e+33
1.961626e+14 2.002018e+33
1.976832e+14 2.049763e+33
1.992155e+14 2.098646e+33
2.007598e+14 2.148695e+33
2.023160e+14 2.199938e+33
2.038843e+14 2.252402e+33
2.054648e+14 2.306118e+33
2.070575e+14 2.361115e+33
2.086625e+14 2.417423e+33
2.102800e+14 2.475075e+33
2.119100e+14 2.534101e+33
2.135527e+14 2.594535e+33
2.152081e+14 2.656410e+33
2.168763e+14 2.719760e+33
2.185575e+14 2.784622e+33
2.202517e+14 2.851030e+33
2.219590e+14 2.919022e+33
2.236795e+14 2.988636e+33
2.254134e+14 3.059910e+33
2.271608e+14 3.132883e+33
2.289217e+14 3.207597e+33
2.306962e+14 3.284092e+33
2.324845e+14 3.362412e+33
2.342866e+14 3.442600e+33
2.361027e+14 3.524700e+33
2.379329e+14 3.608758e+33
2.397773e+14 3.694820e+33
2.416360e+14 3.782935e+33
2.435091e+14 3.873151e+33
2.453967e+14 3.965519e+33
2.472989e+14 4.060090e+33
2.492159e+14 4.156916e+33
2.511478e+14 4.256051e+33
2.530946e+14 4.357550e+33
2.550565e+14 4.461470e+33
2.570336e+14 4.567868e+33
2.590260e+14 4.676804e+33
2.610339e+14 4.788338e+33
2.630574e+14 4.902531e+33
2.650965e+14 5.019448e+33
2.671515e+14 5.139153e+33
2.692224e+14 5.261712e+33
2.713093e+14 5.387195e+33
2.734124e+14 5.515670e+33
2.755318e+14 5.647209e+33
2.776676e+14 5.781885e+33
2.798200e+14 5.919773e+33
2.819891e+14 6.060949e+33
2.841750e+14 6.205492e+33
2.863778e+14 6.353482e+33
2.885977e+14 6.505002e+33
2.908349e+14 6.660134e+33
2.930893e+14 6.818967e+33
