# epsilon [g/cm^3]   P [dyn/cm^2]
1.364583e+14 6.592046e+32
1.375161e+14 6.742060e+32
1.385821e+14 6.895487e+32
1.396563e+14 7.052405e+32
1.407389e+14 7.212895e+32
1.418299e+14 7.377037e+32
1.429293e+14 7.544914e+32
1.440372e+14 7.716611e+32
1.451538e+14 7.892216e+32
1.462789e+14 8.071817e+32
1.474129e+14 8.255505e+32
1.485556e+14 8.443373e+32
1.497071e+14 8.635517e+32
1.508676e+14 8.832033e+32
1.520371e+14 9.033021e+32
1.532156e+14 9.238583e+32
1.544033e+14 9.448823e+32
1.556002e+14 9.663847e+32
1.568063e+14 9.883764e+32
1.580219e+14 1.010869e+33
1.592468e+14 1.033873e+33
1.604812e+14 1.057400e+33
1.617252e+14 1.081463e+33
1.629789e+14 1.106074e+33
1.642422e+14 1.131244e+33
1.655154e+14 1.156988e+33
1.667984e+14 1.183317e+33
1.680914e+14 1.210245e+33
1.693944e+14 1.237787e+33
1.707075e+14 1.265955e+33
1.720307e+14 1.294764e+33
1.733643e+14 1.324228e+33
1.747081e+14 1.354363e+33
1.760624e+14 1.385184e+33
1.774272e+14 1.416706e+33
1.788026e+14 1.448946e+33
1.801886e+14 1.481919e+33
1.815854e+14 1.515643e+33
1.829929e+14 1.550134e+33
1.844114e+14 1.585410e+33
1.858409e+14 1.621488e+33
1.872815e+14 1.658388e+33
1.887333e+14 1.696128e+33
1.901963e+14 1.734726e+33
1.916706e+14 1.774203e+33
1.931564e+14 1.814578e+33
1.946537e+14 1.855871e+33
1.961626e+14 1.898105e+33
1.976832e+14 1.941300e+33
1.992155e+14 1.985477e+33
2.007598e+14 2.030660e+33
2.023160e+14 2.076871e+33
2.038843e+14 2.124134e+33
2.054648e+14 2.172472e+33
2.070575e+14 2.221911e+33
2.086625e+14 2.272474e+33
2.102800e+14 2.324188e+33
2.119100e+14 2.377079e+33
2.135527e+14 2.431174e+33
2.152081e+14 2.486499e+33
2.168763e+14 2.543084e+33
2.185575e+14 2.600956e+33
2.202517e+14 2.660145e+33
2.219590e+14 2.720681e+33
2.236795e+14 2.782595e+33
2.254134e+14 2.845918e+33
2.271608e+14 2.910682e+33
2.289217e+14 2.976919e+33
2.306962e+14 3.044664e+33
2.324845e+14 3.113951e+33
2.342866e+14 3.184814e+33
2.361027e+14 3.257290e+33
2.379329e+14 3.331415e+33
2.397773e+14 3.407227e+33
2.416360e+14 3.484764e+33
2.435091e+14 3.564066e+33
2.453967e+14 3.645173e+33
2.472989e+14 3.728125e+33
2.492159e+14 3.812965e+33
2.511478e+14 3.899735e+33
2.530946e+14 3.988480e+33
2.550565e+14 4.079245e+33
2.570336e+14 4.172075e+33
2.590260e+14 4.267018e+33
2.610339e+14 4.364121e+33
2.630574e+14 4.463434e+33
2.650965e+14 4.565008e+33
2.671515e+14 4.668892e+33
2.692224e+14 4.775141e+33
2.713093e+14 4.883807e+33
2.734124e+14 4.994947e+33
2.755318e+14 5.108615e+33
2.776676e+14 5.224871e+33
2.798200e+14 5.343772e+33
2.819891e+14 5.465378e+33
2.841750e+14 5.589752e+33
2.863778e+14 5.716957e+33
2.885977e+14 5.847056e+33
2.908349e+14 5.980116e+33
2.930893e+14 6.116203e+33
