# epsilon [g/cm^3]   P [dyn/cm^2]
1.364583e+14 6.613388e+32
1.375161e+14 6.771256e+32
1.385821e+14 6.932892e+32
1.396563e+14 7.098387e+32
1.407389e+14 7.267832e+32
1.418299e+14 7.441322e+32
1.429293e+14 7.618954e+32
1.440372e+14 7.800826e+32
1.451538e+14 7.987039e+32
1.462789e+14 8.177697e+32
1.474129e+14 8.372907e+32
1.485556e+14 8.572776e+32
1.497071e+14 8.777416e+32
1.508676e+14 8.986942e+32
1.520371e+14 9.201468e+32
1.532156e+14 9.421116e+32
1.544033e+14 9.646007e+32
1.556002e+14 9.876267e+32
1.568063e+14 1.011202e+33
1.580219e+14 1.035341e+33
1.592468e+14 1.060055e+33
1.604812e+14 1.085360e+33
1.617252e+14 1.111268e+33
1.629789e+14 1.137795e+33
1.642422e+14 1.164956e+33
1.655154e+14 1.192764e+33
1.667984e+14 1.221237e+33
1.680914e+14 1.250389e+33
1.693944e+14 1.280237e+33
1.707075e+14 1.310797e+33
1.720307e+14 1.342087e+33
1.733643e+14 1.374124e+33
1.747081e+14 1.406926e+33
1.760624e+14 1.440510e+33
1.774272e+14 1.474897e+33
1.788026e+14 1.510104e+33
1.801886e+14 1.546152e+33
1.815854e+14 1.583060e+33
1.829929e+14 1.620849e+33
1.844114e+14 1.659540e+33
1.858409e+14 1.699155e+33
1.872815e+14 1.739715e+33
1.887333e+14 1.781244e+33
1.901963e+14 1.823764e+33
1.916706e+14 1.867299e+33
1.931564e+14 1.911873e+33
1.946537e+14 1.957512e+33
1.961626e+14 2.004239e+33
1.976832e+14 2.052082e+33
1.992155e+14 2.101068e+33
2.007598e+14 2.151222e+33
2.023160e+14 2.202574e+33
2.038843e+14 2.255151e+33
2.054648e+14 2.308984e+33
2.070575e+14 2.364102e+33
2.086625e+14 2.420535e+33
2.102800e+14 2.478315e+33
2.119100e+14 2.537475e+33
2.135527e+14 2.598047e+33
2.152081e+14 2.660065e+33
2.168763e+14 2.723563e+33
2.185575e+14 2.788577e+33
2.202517e+14 2.855143e+33
2.219590e+14 2.923298e+33
2.236795e+14 2.993080e+33
2.254134e+14 3.064528e+33
2.271608e+14 3.137681e+33
2.289217e+14 3.212581e+33
2.306962e+14 3.289268e+33
2.324845e+14 3.367786e+33
2.342866e+14 3.448178e+33
2.361027e+14 3.530490e+33
2.379329e+14 3.614766e+33
2.397773e+14 3.701054e+33
2.416360e+14 3.789402e+33
2.435091e+14 3.879858e+33
2.453967e+14 3.972474e+33
2.472989e+14 4.067301e+33
2.492159e+14 4.164391e+33
2.511478e+14 4.263799e+33
2.530946e+14 4.365580e+33
2.550565e+14 4.469791e+33
2.570336e+14 4.576489e+33
2.590260e+14 4.685734e+33
2.610339e+14 4.797587e+33
2.630574e+14 4.912110e+33
2.650965e+14 5.029367e+33
2.671515e+14 5.149423e+33
2.692224e+14 5.272344e+33
2.713093e+14 5.398200e+33
2.734124e+14 5.527061e+33
2.755318e+14 5.658997e+33
2.776676e+14 5.794082e+33
2.798200e+14 5.932393e+33
2.819891e+14 6.074005e+33
2.841750e+14 6.218997e+33
2.863778e+14 6.367450e+33
2.885977e+14 6.519448e+33
2.908349e+14 6.675073e+33
2.930893e+14 6.834413e+33
