# epsilon [g/cm^3]   P [dyn/cm^2]
1.364583e+14 6.465317e+32
1.375161e+14 6.569347e+32
1.385821e+14 6.675050e+32
1.396563e+14 6.782455e+32
1.407389e+14 6.891587e+32
1.418299e+14 7.002476e+32
1.429293e+14 7.115149e+32
1.440372e+14 7.229634e+32
1.451538e+14 7.345962e+32
1.462789e+14 7.464162e+32
1.474129e+14 7.584263e+32
1.485556e+14 7.706297e+32
1.497071e+14 7.830295e+32
1.508676e+14 7.956287e+32
1.520371e+14 8.084307e+32
1.532156e+14 8.214387e+32
1.544033e+14 8.346560e+32
1.556002e+14 8.480860e+32
1.568063e+14 8.617320e+32
1.580219e+14 8.755977e+32
1.592468e+14 8.896864e+32
1.604812e+14 9.040018e+32
1.617252e+14 9.185476e+32
1.629789e+14 9.333274e+32
1.642422e+14 9.483450e+32
1.655154e+14 9.636043e+32
1.667984e+14 9.791091e+32
1.680914e+14 9.948634e+32
1.693944e+14 1.010871e+33
1.707075e+14 1.027136e+33
1.720307e+14 1.043664e+33
1.733643e+14 1.060456e+33
1.747081e+14 1.077520e+33
1.760624e+14 1.094857e+33
1.774272e+14 1.112474e+33
1.788026e+14 1.130374e+33
1.801886e+14 1.148562e+33
1.815854e+14 1.167043e+33
1.829929e+14 1.185822e+33
1.844114e+14 1.204902e+33
1.858409e+14 1.224289e+33
1.872815e+14 1.243989e+33
1.887333e+14 1.264005e+33
1.901963e+14 1.284343e+33
1.916706e+14 1.305009e+33
1.931564e+14 1.326007e+33
1.946537e+14 1.347343e+33
1.961626e+14 1.369022e+33
1.976832e+14 1.391050e+33
1.992155e+14 1.413433e+33
2.007598e+14 1.436176e+33
2.023160e+14 1.459284e+33
2.038843e+14 1.482765e+33
2.054648e+14 1.506623e+33
2.070575e+14 1.530865e+33
2.086625e+14 1.555498e+33
2.102800e+14 1.580526e+33
2.119100e+14 1.605958e+33
2.135527e+14 1.631798e+33
2.152081e+14 1.658055e+33
2.168763e+14 1.684733e+33
2.185575e+14 1.711841e+33
2.202517e+14 1.739386e+33
2.219590e+14 1.767373e+33
2.236795e+14 1.795811e+33
2.254134e+14 1.824706e+33
2.271608e+14 1.854066e+33
2.289217e+14 1.883899e+33
2.306962e+14 1.914212e+33
2.324845e+14 1.945012e+33
2.342866e+14 1.976308e+33
2.361027e+14 2.008108e+33
2.379329e+14 2.040419e+33
2.397773e+14 2.073251e+33
2.416360e+14 2.106610e+33
2.435091e+14 2.140506e+33
2.453967e+14 2.174948e+33
2.472989e+14 2.209944e+33
2.492159e+14 2.245503e+33
2.511478e+14 2.281634e+33
2.530946e+14 2.318346e+33
2.550565e+14 2.355649e+33
2.570336e+14 2.393553e+33
2.590260e+14 2.432066e+33
2.610339e+14 2.471199e+33
2.630574e+14 2.510961e+33
2.650965e+14 2.551364e+33
2.671515e+14 2.592416e+33
2.692224e+14 2.634129e+33
2.713093e+14 2.676514e+33
2.734124e+14 2.719580e+33
2.755318e+14 2.763339e+33
2.776676e+14 2.807802e+33
2.798200e+14 2.852981e+33
2.819891e+14 2.898887e+33
2.841750e+14 2.945531e+33
2.863778e+14 2.992926e+33
2.885977e+14 3.041083e+33
2.908349e+14 3.090016e+33
2.930893e+14 3.139735e+33
