# epsilon [g/cm^3]   P [dyn/cm^2]
1.364583e+14 6.519827e+32
1.375161e+14 6.643497e+32
1.385821e+14 6.769513e+32
1.396563e+14 6.897919e+32
1.407389e+14 7.028761e+32
1.418299e+14 7.162085e+32
1.429293e+14 7.297937e+32
1.440372e+14 7.436367e+32
1.451538e+14 7.577422e+32
1.462789e+14 7.721153e+32
1.474129e+14 7.867610e+32
1.485556e+14 8.016846e+32
1.497071e+14 8.168912e+32
1.508676e+14 8.323862e+32
1.520371e+14 8.481752e+32
1.532156e+14 8.642636e+32
1.544033e+14 8.806572e+32
1.556002e+14 8.973618e+32
1.568063e+14 9.143832e+32
1.580219e+14 9.317275e+32
1.592468e+14 9.494008e+32
1.604812e+14 9.674094e+32
1.617252e+14 9.857595e+32
1.629789e+14 1.004458e+33
1.642422e+14 1.023511e+33
1.655154e+14 1.042925e+33
1.667984e+14 1.062707e+33
1.680914e+14 1.082865e+33
1.693944e+14 1.103405e+33
1.707075e+14 1.124335e+33
1.720307e+14 1.145662e+33
1.733643e+14 1.167393e+33
1.747081e+14 1.189536e+33
1.760624e+14 1.212100e+33
1.774272e+14 1.235091e+33
1.788026e+14 1.258519e+33
1.801886e+14 1.282391e+33
1.815854e+14 1.306716e+33
1.829929e+14 1.331502e+33
1.844114e+14 1.356758e+33
1.858409e+14 1.382494e+33
1.872815e+14 1.408717e+33
1.887333e+14 1.435438e+33
1.901963e+14 1.462666e+33
1.916706e+14 1.490410e+33
1.931564e+14 1.518681e+33
1.946537e+14 1.547488e+33
1.961626e+14 1.576841e+33
1.976832e+14 1.606751e+33
1.992155e+14 1.637228e+33
2.007598e+14 1.668284e+33
2.023160e+14 1.699928e+33
2.038843e+14 1.732173e+33
2.054648e+14 1.765029e+33
2.070575e+14 1.798509e+33
2.086625e+14 1.832624e+33
2.102800e+14 1.867385e+33
2.119100e+14 1.902807e+33
2.135527e+14 1.938900e+33
2.152081e+14 1.975677e+33
2.168763e+14 2.013153e+33
2.185575e+14 2.051339e+33
2.202517e+14 2.090249e+33
2.219590e+14 2.129898e+33
2.236795e+14 2.170298e+33
2.254134e+14 2.211465e+33
2.271608e+14 2.253413e+33
2.289217e+14 2.296156e+33
2.306962e+14 2.339710e+33
2.324845e+14 2.384091e+33
2.342866e+14 2.429313e+33
2.361027e+14 2.475393e+33
2.379329e+14 2.522347e+33
2.397773e+14 2.570191e+33
2.416360e+14 2.618944e+33
2.435091e+14 2.668621e+33
2.453967e+14 2.719240e+33
2.472989e+14 2.770819e+33
2.492159e+14 2.823377e+33
2.511478e+14 2.876932e+33
2.530946e+14 2.931502e+33
2.550565e+14 2.987108e+33
2.570336e+14 3.043768e+33
2.590260e+14 3.101503e+33
2.610339e+14 3.160334e+33
2.630574e+14 3.220280e+33
2.650965e+14 3.281363e+33
2.671515e+14 3.343605e+33
2.692224e+14 3.407027e+33
2.713093e+14 3.471653e+33
2.734124e+14 3.537504e+33
2.755318e+14 3.604605e+33
2.776676e+14 3.672978e+33
2.798200e+14 3.742648e+33
2.819891e+14 3.813640e+33
2.841750e+14 3.885978e+33
2.863778e+14 3.959689e+33
2.885977e+14 4.034797e+33
2.908349e+14 4.111331e+33
2.930893e+14 4.189315e+33
