# epsilon [g/cm^3]   P [dyn/cm^2]
1.364583e+14 6.583549e+32
1.375161e+14 6.730444e+32
1.385821e+14 6.880617e+32
1.396563e+14 7.034140e+32
1.407389e+14 7.191089e+32
1.418299e+14 7.351539e+32
1.429293e+14 7.515570e+32
1.440372e+14 7.683260e+32
1.451538e+14 7.854692e+32
1.462789e+14 8.029950e+32
1.474129e+14 8.209117e+32
1.485556e+14 8.392283e+32
1.497071e+14 8.579535e+32
1.508676e+14 8.770965e+32
1.520371e+14 8.966666e+32
1.532156e+14 9.166734e+32
1.544033e+14 9.371266e+32
1.556002e+14 9.580362e+32
1.568063e+14 9.794123e+32
1.580219e+14 1.001265e+33
1.592468e+14 1.023606e+33
1.604812e+14 1.046445e+33
1.617252e+14 1.069794e+33
1.629789e+14 1.093664e+33
1.642422e+14 1.118066e+33
1.655154e+14 1.143013e+33
1.667984e+14 1.168516e+33
1.680914e+14 1.194588e+33
1.693944e+14 1.221243e+33
1.707075e+14 1.248491e+33
1.720307e+14 1.276348e+33
1.733643e+14 1.304827e+33
1.747081e+14 1.333941e+33
1.760624e+14 1.363704e+33
1.774272e+14 1.394132e+33
1.788026e+14 1.425238e+33
1.801886e+14 1.457038e+33
1.815854e+14 1.489549e+33
1.829929e+14 1.522784e+33
1.844114e+14 1.556761e+33
1.858409e+14 1.591496e+33
1.872815e+14 1.627006e+33
1.887333e+14 1.663309e+33
1.901963e+14 1.700421e+33
1.916706e+14 1.738362e+33
1.931564e+14 1.777149e+33
1.946537e+14 1.816801e+33
1.961626e+14 1.857338e+33
1.976832e+14 1.898780e+33
1.992155e+14 1.941146e+33
2.007598e+14 1.984458e+33
2.023160e+14 2.028736e+33
2.038843e+14 2.074002e+33
2.054648e+14 2.120278e+33
2.070575e+14 2.167587e+33
2.086625e+14 2.215951e+33
2.102800e+14 2.265394e+33
2.119100e+14 2.315940e+33
2.135527e+14 2.367615e+33
2.152081e+14 2.420442e+33
2.168763e+14 2.474448e+33
2.185575e+14 2.529659e+33
2.202517e+14 2.586102e+33
2.219590e+14 2.643804e+33
2.236795e+14 2.702793e+33
2.254134e+14 2.763099e+33
2.271608e+14 2.824751e+33
2.289217e+14 2.887778e+33
2.306962e+14 2.952211e+33
2.324845e+14 3.018082e+33
2.342866e+14 3.085423e+33
2.361027e+14 3.154266e+33
2.379329e+14 3.224645e+33
2.397773e+14 3.296595e+33
2.416360e+14 3.370150e+33
2.435091e+14 3.445346e+33
2.453967e+14 3.522220e+33
2.472989e+14 3.600809e+33
2.492159e+14 3.681152e+33
2.511478e+14 3.763287e+33
2.530946e+14 3.847256e+33
2.550565e+14 3.933097e+33
2.570336e+14 4.020854e+33
2.590260e+14 4.110569e+33
2.610339e+14 4.202286e+33
2.630574e+14 4.296049e+33
2.650965e+14 4.391904e+33
2.671515e+14 4.489898e+33
2.692224e+14 4.590079e+33
2.713093e+14 4.692494e+33
2.734124e+14 4.797195e+33
2.755318e+14 4.904232e+33
2.776676e+14 5.013658e+33
2.798200e+14 5.125524e+33
2.819891e+14 5.239887e+33
2.841750e+14 5.356802e+33
2.863778e+14 5.476325e+33
2.885977e+14 5.598515e+33
2.908349e+14 5.723432e+33
2.930893e+14 5.851135e+33
