# epsilon [g/cm^3]   P [dyn/cm^2]
1.364583e+14 6.582046e+32
1.375161e+14 6.728390e+32
1.385821e+14 6.877987e+32
1.396563e+14 7.030911e+32
1.407389e+14 7.187235e+32
1.418299e+14 7.347034e+32
1.429293e+14 7.510386e+32
1.440372e+14 7.677371e+32
1.451538e+14 7.848067e+32
1.462789e+14 8.022560e+32
1.474129e+14 8.200931e+32
1.485556e+14 8.383269e+32
1.497071e+14 8.569661e+32
1.508676e+14 8.760197e+32
1.520371e+14 8.954969e+32
1.532156e+14 9.154072e+32
1.544033e+14 9.357601e+32
1.556002e+14 9.565656e+32
1.568063e+14 9.778337e+32
1.580219e+14 9.995746e+32
1.592468e+14 1.021799e+33
1.604812e+14 1.044517e+33
1.617252e+14 1.067741e+33
1.629789e+14 1.091481e+33
1.642422e+14 1.115749e+33
1.655154e+14 1.140556e+33
1.667984e+14 1.165915e+33
1.680914e+14 1.191837e+33
1.693944e+14 1.218337e+33
1.707075e+14 1.245425e+33
1.720307e+14 1.273115e+33
1.733643e+14 1.301421e+33
1.747081e+14 1.330357e+33
1.760624e+14 1.359936e+33
1.774272e+14 1.390172e+33
1.788026e+14 1.421081e+33
1.801886e+14 1.452677e+33
1.815854e+14 1.484976e+33
1.829929e+14 1.517992e+33
1.844114e+14 1.551743e+33
1.858409e+14 1.586244e+33
1.872815e+14 1.621512e+33
1.887333e+14 1.657564e+33
1.901963e+14 1.694418e+33
1.916706e+14 1.732092e+33
1.931564e+14 1.770603e+33
1.946537e+14 1.809970e+33
1.961626e+14 1.850212e+33
1.976832e+14 1.891350e+33
1.992155e+14 1.933401e+33
2.007598e+14 1.976388e+33
2.023160e+14 2.020331e+33
2.038843e+14 2.065250e+33
2.054648e+14 2.111169e+33
2.070575e+14 2.158108e+33
2.086625e+14 2.206091e+33
2.102800e+14 2.255141e+33
2.119100e+14 2.305281e+33
2.135527e+14 2.356536e+33
2.152081e+14 2.408931e+33
2.168763e+14 2.462490e+33
2.185575e+14 2.517241e+33
2.202517e+14 2.573208e+33
2.219590e+14 2.630421e+33
2.236795e+14 2.688905e+33
2.254134e+14 2.748689e+33
2.271608e+14 2.809803e+33
2.289217e+14 2.872276e+33
2.306962e+14 2.936137e+33
2.324845e+14 3.001419e+33
2.342866e+14 3.068151e+33
2.361027e+14 3.136368e+33
2.379329e+14 3.206101e+33
2.397773e+14 3.277385e+33
2.416360e+14 3.350254e+33
2.435091e+14 3.424742e+33
2.453967e+14 3.500887e+33
2.472989e+14 3.578725e+33
2.492159e+14 3.658294e+33
2.511478e+14 3.739632e+33
2.530946e+14 3.822778e+33
2.550565e+14 3.907773e+33
2.570336e+14 3.994657e+33
2.590260e+14 4.083473e+33
2.610339e+14 4.174264e+33
2.630574e+14 4.267074e+33
2.650965e+14 4.361947e+33
2.671515e+14 4.458930e+33
2.692224e+14 4.558069e+33
2.713093e+14 4.659412e+33
2.734124e+14 4.763008e+33
2.755318e+14 4.868908e+33
2.776676e+14 4.977162e+33
2.798200e+14 5.087823e+33
2.819891e+14 5.200945e+33
2.841750e+14 5.316581e+33
2.863778e+14 5.434789e+33
2.885977e+14 5.555625e+33
2.908349e+14 5.679147e+33
2.930893e+14 5.805416e+33
