# epsilon [g/cm^3]   P [dyn/cm^2]
1.364583e+14 6.607155e+32
1.375161e+14 6.762726e+32
1.385821e+14 6.921960e+32
1.396563e+14 7.084943e+32
1.407389e+14 7.251763e+32
1.418299e+14 7.422512e+32
1.429293e+14 7.597281e+32
1.440372e+14 7.776165e+32
1.451538e+14 7.959261e+32
1.462789e+14 8.146668e+32
1.474129e+14 8.338488e+32
1.485556e+14 8.534824e+32
1.497071e+14 8.735783e+32
1.508676e+14 8.941474e+32
1.520371e+14 9.152008e+32
1.532156e+14 9.367499e+32
1.544033e+14 9.588065e+32
1.556002e+14 9.813823e+32
1.568063e+14 1.004490e+33
1.580219e+14 1.028141e+33
1.592468e+14 1.052350e+33
1.604812e+14 1.077128e+33
1.617252e+14 1.102490e+33
1.629789e+14 1.128449e+33
1.642422e+14 1.155019e+33
1.655154e+14 1.182215e+33
1.667984e+14 1.210051e+33
1.680914e+14 1.238543e+33
1.693944e+14 1.267705e+33
1.707075e+14 1.297554e+33
1.720307e+14 1.328106e+33
1.733643e+14 1.359378e+33
1.747081e+14 1.391385e+33
1.760624e+14 1.424147e+33
1.774272e+14 1.457679e+33
1.788026e+14 1.492001e+33
1.801886e+14 1.527132e+33
1.815854e+14 1.563089e+33
1.829929e+14 1.599893e+33
1.844114e+14 1.637564e+33
1.858409e+14 1.676122e+33
1.872815e+14 1.715588e+33
1.887333e+14 1.755982e+33
1.901963e+14 1.797328e+33
1.916706e+14 1.839648e+33
1.931564e+14 1.882964e+33
1.946537e+14 1.927300e+33
1.961626e+14 1.972680e+33
1.976832e+14 2.019128e+33
1.992155e+14 2.066670e+33
2.007598e+14 2.115331e+33
2.023160e+14 2.165138e+33
2.038843e+14 2.216118e+33
2.054648e+14 2.268299e+33
2.070575e+14 2.321707e+33
2.086625e+14 2.376374e+33
2.102800e+14 2.432328e+33
2.119100e+14 2.489599e+33
2.135527e+14 2.548218e+33
2.152081e+14 2.608218e+33
2.168763e+14 2.669631e+33
2.185575e+14 2.732489e+33
2.202517e+14 2.796828e+33
2.219590e+14 2.862681e+33
2.236795e+14 2.930085e+33
2.254134e+14 2.999077e+33
2.271608e+14 3.069692e+33
2.289217e+14 3.141971e+33
2.306962e+14 3.215951e+33
2.324845e+14 3.291673e+33
2.342866e+14 3.369178e+33
2.361027e+14 3.448508e+33
2.379329e+14 3.529706e+33
2.397773e+14 3.612815e+33
2.416360e+14 3.697882e+33
2.435091e+14 3.784952e+33
2.453967e+14 3.874071e+33
2.472989e+14 3.965289e+33
2.492159e+14 4.058655e+33
2.511478e+14 4.154220e+33
2.530946e+14 4.252034e+33
2.550565e+14 4.352151e+33
2.570336e+14 4.454626e+33
2.590260e+14 4.559514e+33
2.610339e+14 4.666871e+33
2.630574e+14 4.776757e+33
2.650965e+14 4.889229e+33
2.671515e+14 5.004350e+33
2.692224e+14 5.122181e+33
2.713093e+14 5.242787e+33
2.734124e+14 5.366233e+33
2.755318e+14 5.492585e+33
2.776676e+14 5.621912e+33
2.798200e+14 5.754285e+33
2.819891e+14 5.889774e+33
2.841750e+14 6.028453e+33
2.863778e+14 6.170398e+33
2.885977e+14 6.315685e+33
2.908349e+14 6.464393e+33
2.930893e+14 6.616602e+33
