# epsilon [g/cm^3]   P [dyn/cm^2]
1.364583e+14 6.626493e+32
1.375161e+14 6.789200e+32
1.385821e+14 6.955902e+32
1.396563e+14 7.126697e+32
1.407389e+14 7.301686e+32
1.418299e+14 7.480971e+32
1.429293e+14 7.664659e+32
1.440372e+14 7.852857e+32
1.451538e+14 8.045676e+32
1.462789e+14 8.243229e+32
1.474129e+14 8.445633e+32
1.485556e+14 8.653007e+32
1.497071e+14 8.865473e+32
1.508676e+14 9.083156e+32
1.520371e+14 9.306184e+32
1.532156e+14 9.534688e+32
1.544033e+14 9.768802e+32
1.556002e+14 1.000867e+33
1.568063e+14 1.025442e+33
1.580219e+14 1.050620e+33
1.592468e+14 1.076417e+33
1.604812e+14 1.102848e+33
1.617252e+14 1.129927e+33
1.629789e+14 1.157671e+33
1.642422e+14 1.186097e+33
1.655154e+14 1.215220e+33
1.667984e+14 1.245059e+33
1.680914e+14 1.275630e+33
1.693944e+14 1.306952e+33
1.707075e+14 1.339042e+33
1.720307e+14 1.371921e+33
1.733643e+14 1.405607e+33
1.747081e+14 1.440121e+33
1.760624e+14 1.475481e+33
1.774272e+14 1.511710e+33
1.788026e+14 1.548829e+33
1.801886e+14 1.586859e+33
1.815854e+14 1.625823e+33
1.829929e+14 1.665743e+33
1.844114e+14 1.706644e+33
1.858409e+14 1.748549e+33
1.872815e+14 1.791482e+33
1.887333e+14 1.835470e+33
1.901963e+14 1.880539e+33
1.916706e+14 1.926713e+33
1.931564e+14 1.974022e+33
1.946537e+14 2.022492e+33
1.961626e+14 2.072152e+33
1.976832e+14 2.123032e+33
1.992155e+14 2.175161e+33
2.007598e+14 2.228570e+33
2.023160e+14 2.283290e+33
2.038843e+14 2.339354e+33
2.054648e+14 2.396794e+33
2.070575e+14 2.455645e+33
2.086625e+14 2.515941e+33
2.102800e+14 2.577717e+33
2.119100e+14 2.641011e+33
2.135527e+14 2.705858e+33
2.152081e+14 2.772297e+33
2.168763e+14 2.840368e+33
2.185575e+14 2.910111e+33
2.202517e+14 2.981566e+33
2.219590e+14 3.054775e+33
2.236795e+14 3.129782e+33
2.254134e+14 3.206631e+33
2.271608e+14 3.285366e+33
2.289217e+14 3.366035e+33
2.306962e+14 3.448685e+33
2.324845e+14 3.533363e+33
2.342866e+14 3.620122e+33
2.361027e+14 3.709010e+33
2.379329e+14 3.800081e+33
2.397773e+14 3.893388e+33
2.416360e+14 3.988986e+33
2.435091e+14 4.086932e+33
2.453967e+14 4.187282e+33
2.472989e+14 4.290097e+33
2.492159e+14 4.395436e+33
2.511478e+14 4.503361e+33
2.530946e+14 4.613937e+33
2.550565e+14 4.727228e+33
2.570336e+14 4.843300e+33
2.590260e+14 4.962222e+33
2.610339e+14 5.084064e+33
2.630574e+14 5.208899e+33
2.650965e+14 5.336798e+33
2.671515e+14 5.467837e+33
2.692224e+14 5.602095e+33
2.713093e+14 5.739648e+33
2.734124e+14 5.880580e+33
2.755318e+14 6.024971e+33
2.776676e+14 6.172909e+33
2.798200e+14 6.324478e+33
2.819891e+14 6.479769e+33
2.841750e+14 6.638873e+33
2.863778e+14 6.801884e+33
2.885977e+14 6.968898e+33
2.908349e+14 7.140012e+33
2.930893e+14 7.315328e+33
