# epsilon [g/cm^3]   P [dyn/cm^2]
1.364583e+14 6.592599e+32
1.375161e+14 6.742815e+32
1.385821e+14 6.896454e+32
1.396563e+14 7.053594e+32
1.407389e+14 7.214315e+32
1.418299e+14 7.378697e+32
1.429293e+14 7.546825e+32
1.440372e+14 7.718784e+32
1.451538e+14 7.894661e+32
1.462789e+14 8.074546e+32
1.474129e+14 8.258529e+32
1.485556e+14 8.446704e+32
1.497071e+14 8.639168e+32
1.508676e+14 8.836016e+32
1.520371e+14 9.037350e+32
1.532156e+14 9.243272e+32
1.544033e+14 9.453885e+32
1.556002e+14 9.669298e+32
1.568063e+14 9.889618e+32
1.580219e+14 1.011496e+33
1.592468e+14 1.034543e+33
1.604812e+14 1.058116e+33
1.617252e+14 1.082226e+33
1.629789e+14 1.106885e+33
1.642422e+14 1.132106e+33
1.655154e+14 1.157902e+33
1.667984e+14 1.184285e+33
1.680914e+14 1.211270e+33
1.693944e+14 1.238870e+33
1.707075e+14 1.267098e+33
1.720307e+14 1.295969e+33
1.733643e+14 1.325499e+33
1.747081e+14 1.355701e+33
1.760624e+14 1.386592e+33
1.774272e+14 1.418186e+33
1.788026e+14 1.450500e+33
1.801886e+14 1.483551e+33
1.815854e+14 1.517354e+33
1.829929e+14 1.551928e+33
1.844114e+14 1.587290e+33
1.858409e+14 1.623457e+33
1.872815e+14 1.660449e+33
1.887333e+14 1.698283e+33
1.901963e+14 1.736979e+33
1.916706e+14 1.776557e+33
1.931564e+14 1.817037e+33
1.946537e+14 1.858440e+33
1.961626e+14 1.900785e+33
1.976832e+14 1.944096e+33
1.992155e+14 1.988393e+33
2.007598e+14 2.033700e+33
2.023160e+14 2.080039e+33
2.038843e+14 2.127434e+33
2.054648e+14 2.175909e+33
2.070575e+14 2.225488e+33
2.086625e+14 2.276197e+33
2.102800e+14 2.328062e+33
2.119100e+14 2.381108e+33
2.135527e+14 2.435363e+33
2.152081e+14 2.490854e+33
2.168763e+14 2.547610e+33
2.185575e+14 2.605658e+33
2.202517e+14 2.665030e+33
2.219590e+14 2.725754e+33
2.236795e+14 2.787862e+33
2.254134e+14 2.851385e+33
2.271608e+14 2.916356e+33
2.289217e+14 2.982807e+33
2.306962e+14 3.050772e+33
2.324845e+14 3.120285e+33
2.342866e+14 3.191383e+33
2.361027e+14 3.264101e+33
2.379329e+14 3.338475e+33
2.397773e+14 3.414544e+33
2.416360e+14 3.492347e+33
2.435091e+14 3.571922e+33
2.453967e+14 3.653310e+33
2.472989e+14 3.736553e+33
2.492159e+14 3.821693e+33
2.511478e+14 3.908772e+33
2.530946e+14 3.997836e+33
2.550565e+14 4.088929e+33
2.570336e+14 4.182098e+33
2.590260e+14 4.277389e+33
2.610339e+14 4.374852e+33
2.630574e+14 4.474536e+33
2.650965e+14 4.576491e+33
2.671515e+14 4.680769e+33
2.692224e+14 4.787423e+33
2.713093e+14 4.896507e+33
2.734124e+14 5.008077e+33
2.755318e+14 5.122189e+33
2.776676e+14 5.238901e+33
2.798200e+14 5.358273e+33
2.819891e+14 5.480364e+33
2.841750e+14 5.605238e+33
2.863778e+14 5.732956e+33
2.885977e+14 5.863585e+33
2.908349e+14 5.997190e+33
2.930893e+14 6.133840e+33
