# epsilon [g/cm^3]   P [dyn/cm^2]
1.364583e+14 6.508369e+32
1.375161e+14 6.627894e+32
1.385821e+14 6.749613e+32
1.396563e+14 6.873568e+32
1.407389e+14 6.999799e+32
1.418299e+14 7.128349e+32
1.429293e+14 7.259259e+32
1.440372e+14 7.392573e+32
1.451538e+14 7.528336e+32
1.462789e+14 7.666591e+32
1.474129e+14 7.807386e+32
1.485556e+14 7.950767e+32
1.497071e+14 8.096780e+32
1.508676e+14 8.245475e+32
1.520371e+14 8.396901e+32
1.532156e+14 8.551108e+32
1.544033e+14 8.708147e+32
1.556002e+14 8.868069e+32
1.568063e+14 9.030929e+32
1.580219e+14 9.196780e+32
1.592468e+14 9.365676e+32
1.604812e+14 9.537674e+32
1.617252e+14 9.712831e+32
1.629789e+14 9.891204e+32
1.642422e+14 1.007285e+33
1.655154e+14 1.025784e+33
1.667984e+14 1.044622e+33
1.680914e+14 1.063806e+33
1.693944e+14 1.083343e+33
1.707075e+14 1.103238e+33
1.720307e+14 1.123499e+33
1.733643e+14 1.144131e+33
1.747081e+14 1.165143e+33
1.760624e+14 1.186541e+33
1.774272e+14 1.208331e+33
1.788026e+14 1.230522e+33
1.801886e+14 1.253120e+33
1.815854e+14 1.276133e+33
1.829929e+14 1.299569e+33
1.844114e+14 1.323435e+33
1.858409e+14 1.347740e+33
1.872815e+14 1.372491e+33
1.887333e+14 1.397696e+33
1.901963e+14 1.423364e+33
1.916706e+14 1.449504e+33
1.931564e+14 1.476124e+33
1.946537e+14 1.503232e+33
1.961626e+14 1.530839e+33
1.976832e+14 1.558952e+33
1.992155e+14 1.587582e+33
2.007598e+14 1.616737e+33
2.023160e+14 1.646428e+33
2.038843e+14 1.676665e+33
2.054648e+14 1.707456e+33
2.070575e+14 1.738813e+33
2.086625e+14 1.770746e+33
2.102800e+14 1.803265e+33
2.119100e+14 1.836382e+33
2.135527e+14 1.870106e+33
2.152081e+14 1.904450e+33
2.168763e+14 1.939425e+33
2.185575e+14 1.975042e+33
2.202517e+14 2.011313e+33
2.219590e+14 2.048250e+33
2.236795e+14 2.085866e+33
2.254134e+14 2.124172e+33
2.271608e+14 2.163182e+33
2.289217e+14 2.202908e+33
2.306962e+14 2.243364e+33
2.324845e+14 2.284563e+33
2.342866e+14 2.326518e+33
2.361027e+14 2.369244e+33
2.379329e+14 2.412754e+33
2.397773e+14 2.457064e+33
2.416360e+14 2.502187e+33
2.435091e+14 2.548139e+33
2.453967e+14 2.594935e+33
2.472989e+14 2.642590e+33
2.492159e+14 2.691121e+33
2.511478e+14 2.740543e+33
2.530946e+14 2.790872e+33
2.550565e+14 2.842125e+33
2.570336e+14 2.894320e+33
2.590260e+14 2.947474e+33
2.610339e+14 3.001603e+33
2.630574e+14 3.056727e+33
2.650965e+14 3.112863e+33
2.671515e+14 3.170030e+33
2.692224e+14 3.228246e+33
2.713093e+14 3.287532e+33
2.734124e+14 3.347907e+33
2.755318e+14 3.409390e+33
2.776676e+14 3.472003e+33
2.798200e+14 3.535765e+33
2.819891e+14 3.600698e+33
2.841750e+14 3.666824e+33
2.863778e+14 3.734164e+33
2.885977e+14 3.802741e+33
2.908349e+14 3.872578e+33
2.930893e+14 3.943696e+33
