# epsilon [g/cm^3]   P [dyn/cm^2]
1.364583e+14 6.543110e+32
1.375161e+14 6.675232e+32
1.385821e+14 6.810023e+32
1.396563e+14 6.947536e+32
1.407389e+14 7.087825e+32
1.418299e+14 7.230947e+32
1.429293e+14 7.376959e+32
1.440372e+14 7.525920e+32
1.451538e+14 7.677888e+32
1.462789e+14 7.832925e+32
1.474129e+14 7.991093e+32
1.485556e+14 8.152454e+32
1.497071e+14 8.317074e+32
1.508676e+14 8.485018e+32
1.520371e+14 8.656353e+32
1.532156e+14 8.831148e+32
1.544033e+14 9.009472e+32
1.556002e+14 9.191398e+32
1.568063e+14 9.376996e+32
1.580219e+14 9.566343e+32
1.592468e+14 9.759513e+32
1.604812e+14 9.956583e+32
1.617252e+14 1.015763e+33
1.629789e+14 1.036274e+33
1.642422e+14 1.057199e+33
1.655154e+14 1.078547e+33
1.667984e+14 1.100326e+33
1.680914e+14 1.122544e+33
1.693944e+14 1.145212e+33
1.707075e+14 1.168336e+33
1.720307e+14 1.191928e+33
1.733643e+14 1.215996e+33
1.747081e+14 1.240551e+33
1.760624e+14 1.265601e+33
1.774272e+14 1.291157e+33
1.788026e+14 1.317228e+33
1.801886e+14 1.343827e+33
1.815854e+14 1.370962e+33
1.829929e+14 1.398646e+33
1.844114e+14 1.426888e+33
1.858409e+14 1.455701e+33
1.872815e+14 1.485095e+33
1.887333e+14 1.515083e+33
1.901963e+14 1.545677e+33
1.916706e+14 1.576888e+33
1.931564e+14 1.608730e+33
1.946537e+14 1.641214e+33
1.961626e+14 1.674355e+33
1.976832e+14 1.708164e+33
1.992155e+14 1.742657e+33
2.007598e+14 1.777846e+33
2.023160e+14 1.813745e+33
2.038843e+14 1.850369e+33
2.054648e+14 1.887733e+33
2.070575e+14 1.925852e+33
2.086625e+14 1.964740e+33
2.102800e+14 2.004413e+33
2.119100e+14 2.044888e+33
2.135527e+14 2.086179e+33
2.152081e+14 2.128305e+33
2.168763e+14 2.171281e+33
2.185575e+14 2.215125e+33
2.202517e+14 2.259854e+33
2.219590e+14 2.305487e+33
2.236795e+14 2.352041e+33
2.254134e+14 2.399535e+33
2.271608e+14 2.447988e+33
2.289217e+14 2.497419e+33
2.306962e+14 2.547849e+33
2.324845e+14 2.599296e+33
2.342866e+14 2.651783e+33
2.361027e+14 2.705330e+33
2.379329e+14 2.759958e+33
2.397773e+14 2.815688e+33
2.416360e+14 2.872545e+33
2.435091e+14 2.930549e+33
2.453967e+14 2.989725e+33
2.472989e+14 3.050095e+33
2.492159e+14 3.111685e+33
2.511478e+14 3.174518e+33
2.530946e+14 3.238620e+33
2.550565e+14 3.304016e+33
2.570336e+14 3.370733e+33
2.590260e+14 3.438797e+33
2.610339e+14 3.508236e+33
2.630574e+14 3.579076e+33
2.650965e+14 3.651348e+33
2.671515e+14 3.725078e+33
2.692224e+14 3.800297e+33
2.713093e+14 3.877035e+33
2.734124e+14 3.955323e+33
2.755318e+14 4.035192e+33
2.776676e+14 4.116673e+33
2.798200e+14 4.199799e+33
2.819891e+14 4.284605e+33
2.841750e+14 4.371122e+33
2.863778e+14 4.459387e+33
2.885977e+14 4.549434e+33
2.908349e+14 4.641299e+33
2.930893e+14 4.735019e+33
