# epsilon [g/cm^3]   P [dyn/cm^2]
1.364583e+14 6.490673e+32
1.375161e+14 6.603812e+32
1.385821e+14 6.718924e+32
1.396563e+14 6.836042e+32
1.407389e+14 6.955201e+32
1.418299e+14 7.076438e+32
1.429293e+14 7.199788e+32
1.440372e+14 7.325288e+32
1.451538e+14 7.452976e+32
1.462789e+14 7.582889e+32
1.474129e+14 7.715067e+32
1.485556e+14 7.849549e+32
1.497071e+14 7.986375e+32
1.508676e+14 8.125586e+32
1.520371e+14 8.267224e+32
1.532156e+14 8.411331e+32
1.544033e+14 8.557949e+32
1.556002e+14 8.707124e+32
1.568063e+14 8.858898e+32
1.580219e+14 9.013318e+32
1.592468e+14 9.170430e+32
1.604812e+14 9.330281e+32
1.617252e+14 9.492918e+32
1.629789e+14 9.658389e+32
1.642422e+14 9.826746e+32
1.655154e+14 9.998036e+32
1.667984e+14 1.017231e+33
1.680914e+14 1.034963e+33
1.693944e+14 1.053003e+33
1.707075e+14 1.071358e+33
1.720307e+14 1.090033e+33
1.733643e+14 1.109034e+33
1.747081e+14 1.128365e+33
1.760624e+14 1.148034e+33
1.774272e+14 1.168045e+33
1.788026e+14 1.188406e+33
1.801886e+14 1.209121e+33
1.815854e+14 1.230197e+33
1.829929e+14 1.251641e+33
1.844114e+14 1.273458e+33
1.858409e+14 1.295656e+33
1.872815e+14 1.318241e+33
1.887333e+14 1.341219e+33
1.901963e+14 1.364598e+33
1.916706e+14 1.388384e+33
1.931564e+14 1.412585e+33
1.946537e+14 1.437208e+33
1.961626e+14 1.462260e+33
1.976832e+14 1.487749e+33
1.992155e+14 1.513682e+33
2.007598e+14 1.540067e+33
2.023160e+14 1.566912e+33
2.038843e+14 1.594225e+33
2.054648e+14 1.622014e+33
2.070575e+14 1.650288e+33
2.086625e+14 1.679054e+33
2.102800e+14 1.708322e+33
2.119100e+14 1.738100e+33
2.135527e+14 1.768397e+33
2.152081e+14 1.799222e+33
2.168763e+14 1.830584e+33
2.185575e+14 1.862493e+33
2.202517e+14 1.894959e+33
2.219590e+14 1.927990e+33
2.236795e+14 1.961597e+33
2.254134e+14 1.995789e+33
2.271608e+14 2.030578e+33
2.289217e+14 2.065973e+33
2.306962e+14 2.101985e+33
2.324845e+14 2.138625e+33
2.342866e+14 2.175904e+33
2.361027e+14 2.213832e+33
2.379329e+14 2.252422e+33
2.397773e+14 2.291684e+33
2.416360e+14 2.331630e+33
2.435091e+14 2.372273e+33
2.453967e+14 2.413625e+33
2.472989e+14 2.455697e+33
2.492159e+14 2.498502e+33
2.511478e+14 2.542054e+33
2.530946e+14 2.586364e+33
2.550565e+14 2.631447e+33
2.570336e+14 2.677316e+33
2.590260e+14 2.723985e+33
2.610339e+14 2.771467e+33
2.630574e+14 2.819777e+33
2.650965e+14 2.868928e+33
2.671515e+14 2.918937e+33
2.692224e+14 2.969817e+33
2.713093e+14 3.021584e+33
2.734124e+14 3.074254e+33
2.755318e+14 3.127841e+33
2.776676e+14 3.182363e+33
2.798200e+14 3.237835e+33
2.819891e+14 3.294274e+33
2.841750e+14 3.351697e+33
2.863778e+14 3.410120e+33
2.885977e+14 3.469562e+33
2.908349e+14 3.530041e+33
2.930893e+14 3.591573e+33
