# epsilon [g/cm^3]   P [dyn/cm^2]
1.364583e+14 6.611150e+32
1.375161e+14 6.768193e+32
1.385821e+14 6.928966e+32
1.396563e+14 7.093558e+32
1.407389e+14 7.262060e+32
1.418299e+14 7.434565e+32
1.429293e+14 7.611168e+32
1.440372e+14 7.791965e+32
1.451538e+14 7.977057e+32
1.462789e+14 8.166546e+32
1.474129e+14 8.360536e+32
1.485556e+14 8.559134e+32
1.497071e+14 8.762450e+32
1.508676e+14 8.970595e+32
1.520371e+14 9.183685e+32
1.532156e+14 9.401836e+32
1.544033e+14 9.625170e+32
1.556002e+14 9.853808e+32
1.568063e+14 1.008788e+33
1.580219e+14 1.032751e+33
1.592468e+14 1.057283e+33
1.604812e+14 1.082398e+33
1.617252e+14 1.108109e+33
1.629789e+14 1.134432e+33
1.642422e+14 1.161379e+33
1.655154e+14 1.188967e+33
1.667984e+14 1.217210e+33
1.680914e+14 1.246124e+33
1.693944e+14 1.275725e+33
1.707075e+14 1.306028e+33
1.720307e+14 1.337052e+33
1.733643e+14 1.368813e+33
1.747081e+14 1.401328e+33
1.760624e+14 1.434615e+33
1.774272e+14 1.468694e+33
1.788026e+14 1.503581e+33
1.801886e+14 1.539298e+33
1.815854e+14 1.575862e+33
1.829929e+14 1.613296e+33
1.844114e+14 1.651618e+33
1.858409e+14 1.690851e+33
1.872815e+14 1.731016e+33
1.887333e+14 1.772135e+33
1.901963e+14 1.814231e+33
1.916706e+14 1.857327e+33
1.931564e+14 1.901446e+33
1.946537e+14 1.946613e+33
1.961626e+14 1.992854e+33
1.976832e+14 2.040192e+33
1.992155e+14 2.088656e+33
2.007598e+14 2.138270e+33
2.023160e+14 2.189063e+33
2.038843e+14 2.241063e+33
2.054648e+14 2.294297e+33
2.070575e+14 2.348797e+33
2.086625e+14 2.404590e+33
2.102800e+14 2.461710e+33
2.119100e+14 2.520186e+33
2.135527e+14 2.580051e+33
2.152081e+14 2.641338e+33
2.168763e+14 2.704081e+33
2.185575e+14 2.768314e+33
2.202517e+14 2.834073e+33
2.219590e+14 2.901395e+33
2.236795e+14 2.970315e+33
2.254134e+14 3.040873e+33
2.271608e+14 3.113106e+33
2.289217e+14 3.187056e+33
2.306962e+14 3.262762e+33
2.324845e+14 3.340266e+33
2.342866e+14 3.419612e+33
2.361027e+14 3.500842e+33
2.379329e+14 3.584002e+33
2.397773e+14 3.669137e+33
2.416360e+14 3.756294e+33
2.435091e+14 3.845522e+33
2.453967e+14 3.936870e+33
2.472989e+14 4.030387e+33
2.492159e+14 4.126126e+33
2.511478e+14 4.224139e+33
2.530946e+14 4.324480e+33
2.550565e+14 4.427205e+33
2.570336e+14 4.532369e+33
2.590260e+14 4.640032e+33
2.610339e+14 4.750253e+33
2.630574e+14 4.863091e+33
2.650965e+14 4.978610e+33
2.671515e+14 5.096874e+33
2.692224e+14 5.217946e+33
2.713093e+14 5.341894e+33
2.734124e+14 5.468787e+33
2.755318e+14 5.598694e+33
2.776676e+14 5.731686e+33
2.798200e+14 5.867838e+33
2.819891e+14 6.007224e+33
2.841750e+14 6.149921e+33
2.863778e+14 6.296008e+33
2.885977e+14 6.445565e+33
2.908349e+14 6.598674e+33
2.930893e+14 6.755420e+33
