# epsilon [g/cm^3]   P [dyn/cm^2]
1.364583e+14 6.570580e+32
1.375161e+14 6.712725e+32
1.385821e+14 6.857946e+32
1.396563e+14 7.006307e+32
1.407389e+14 7.157879e+32
1.418299e+14 7.312729e+32
1.429293e+14 7.470930e+32
1.440372e+14 7.632552e+32
1.451538e+14 7.797672e+32
1.462789e+14 7.966363e+32
1.474129e+14 8.138704e+32
1.485556e+14 8.314773e+32
1.497071e+14 8.494651e+32
1.508676e+14 8.678421e+32
1.520371e+14 8.866166e+32
1.532156e+14 9.057973e+32
1.544033e+14 9.253929e+32
1.556002e+14 9.454124e+32
1.568063e+14 9.658651e+32
1.580219e+14 9.867602e+32
1.592468e+14 1.008107e+33
1.604812e+14 1.029916e+33
1.617252e+14 1.052197e+33
1.629789e+14 1.074960e+33
1.642422e+14 1.098215e+33
1.655154e+14 1.121973e+33
1.667984e+14 1.146246e+33
1.680914e+14 1.171043e+33
1.693944e+14 1.196377e+33
1.707075e+14 1.222259e+33
1.720307e+14 1.248701e+33
1.733643e+14 1.275714e+33
1.747081e+14 1.303313e+33
1.760624e+14 1.331508e+33
1.774272e+14 1.360313e+33
1.788026e+14 1.389742e+33
1.801886e+14 1.419807e+33
1.815854e+14 1.450522e+33
1.829929e+14 1.481902e+33
1.844114e+14 1.513961e+33
1.858409e+14 1.546713e+33
1.872815e+14 1.580174e+33
1.887333e+14 1.614359e+33
1.901963e+14 1.649283e+33
1.916706e+14 1.684963e+33
1.931564e+14 1.721415e+33
1.946537e+14 1.758655e+33
1.961626e+14 1.796701e+33
1.976832e+14 1.835570e+33
1.992155e+14 1.875280e+33
2.007598e+14 1.915849e+33
2.023160e+14 1.957296e+33
2.038843e+14 1.999639e+33
2.054648e+14 2.042898e+33
2.070575e+14 2.087094e+33
2.086625e+14 2.132245e+33
2.102800e+14 2.178373e+33
2.119100e+14 2.225499e+33
2.135527e+14 2.273644e+33
2.152081e+14 2.322831e+33
2.168763e+14 2.373083e+33
2.185575e+14 2.424421e+33
2.202517e+14 2.476870e+33
2.219590e+14 2.530453e+33
2.236795e+14 2.585196e+33
2.254134e+14 2.641123e+33
2.271608e+14 2.698260e+33
2.289217e+14 2.756633e+33
2.306962e+14 2.816269e+33
2.324845e+14 2.877194e+33
2.342866e+14 2.939438e+33
2.361027e+14 3.003029e+33
2.379329e+14 3.067995e+33
2.397773e+14 3.134367e+33
2.416360e+14 3.202174e+33
2.435091e+14 3.271449e+33
2.453967e+14 3.342222e+33
2.472989e+14 3.414526e+33
2.492159e+14 3.488394e+33
2.511478e+14 3.563861e+33
2.530946e+14 3.640960e+33
2.550565e+14 3.719727e+33
2.570336e+14 3.800198e+33
2.590260e+14 3.882410e+33
2.610339e+14 3.966400e+33
2.630574e+14 4.052207e+33
2.650965e+14 4.139871e+33
2.671515e+14 4.229431e+33
2.692224e+14 4.320929e+33
2.713093e+14 4.414406e+33
2.734124e+14 4.509905e+33
2.755318e+14 4.607470e+33
2.776676e+14 4.707146e+33
2.798200e+14 4.808979e+33
2.819891e+14 4.913014e+33
2.841750e+14 5.019300e+33
2.863778e+14 5.127885e+33
2.885977e+14 5.238820e+33
2.908349e+14 5.352154e+33
2.930893e+14 5.467940e+33
