# epsilon [g/cm^3]   P [dyn/cm^2]
1.364583e+14 6.528018e+32
1.375161e+14 6.654657e+32
1.385821e+14 6.783754e+32
1.396563e+14 6.915354e+32
1.407389e+14 7.049508e+32
1.418299e+14 7.186264e+32
1.429293e+14 7.325673e+32
1.440372e+14 7.467786e+32
1.451538e+14 7.612656e+32
1.462789e+14 7.760337e+32
1.474129e+14 7.910883e+32
1.485556e+14 8.064349e+32
1.497071e+14 8.220792e+32
1.508676e+14 8.380270e+32
1.520371e+14 8.542842e+32
1.532156e+14 8.708568e+32
1.544033e+14 8.877509e+32
1.556002e+14 9.049727e+32
1.568063e+14 9.225286e+32
1.580219e+14 9.404251e+32
1.592468e+14 9.586687e+32
1.604812e+14 9.772663e+32
1.617252e+14 9.962247e+32
1.629789e+14 1.015551e+33
1.642422e+14 1.035252e+33
1.655154e+14 1.055335e+33
1.667984e+14 1.075808e+33
1.680914e+14 1.096678e+33
1.693944e+14 1.117953e+33
1.707075e+14 1.139640e+33
1.720307e+14 1.161749e+33
1.733643e+14 1.184286e+33
1.747081e+14 1.207260e+33
1.760624e+14 1.230680e+33
1.774272e+14 1.254555e+33
1.788026e+14 1.278892e+33
1.801886e+14 1.303702e+33
1.815854e+14 1.328993e+33
1.829929e+14 1.354775e+33
1.844114e+14 1.381056e+33
1.858409e+14 1.407848e+33
1.872815e+14 1.435159e+33
1.887333e+14 1.463001e+33
1.901963e+14 1.491382e+33
1.916706e+14 1.520314e+33
1.931564e+14 1.549807e+33
1.946537e+14 1.579872e+33
1.961626e+14 1.610521e+33
1.976832e+14 1.641764e+33
1.992155e+14 1.673613e+33
2.007598e+14 1.706080e+33
2.023160e+14 1.739177e+33
2.038843e+14 1.772916e+33
2.054648e+14 1.807309e+33
2.070575e+14 1.842370e+33
2.086625e+14 1.878111e+33
2.102800e+14 1.914545e+33
2.119100e+14 1.951686e+33
2.135527e+14 1.989547e+33
2.152081e+14 2.028143e+33
2.168763e+14 2.067488e+33
2.185575e+14 2.107596e+33
2.202517e+14 2.148482e+33
2.219590e+14 2.190161e+33
2.236795e+14 2.232649e+33
2.254134e+14 2.275961e+33
2.271608e+14 2.320113e+33
2.289217e+14 2.365122e+33
2.306962e+14 2.411004e+33
2.324845e+14 2.457776e+33
2.342866e+14 2.505455e+33
2.361027e+14 2.554059e+33
2.379329e+14 2.603607e+33
2.397773e+14 2.654115e+33
2.416360e+14 2.705603e+33
2.435091e+14 2.758090e+33
2.453967e+14 2.811595e+33
2.472989e+14 2.866138e+33
2.492159e+14 2.921740e+33
2.511478e+14 2.978420e+33
2.530946e+14 3.036199e+33
2.550565e+14 3.095099e+33
2.570336e+14 3.155142e+33
2.590260e+14 3.216350e+33
2.610339e+14 3.278745e+33
2.630574e+14 3.342351e+33
2.650965e+14 3.407191e+33
2.671515e+14 3.473288e+33
2.692224e+14 3.540667e+33
2.713093e+14 3.609354e+33
2.734124e+14 3.679373e+33
2.755318e+14 3.750751e+33
2.776676e+14 3.823513e+33
2.798200e+14 3.897687e+33
2.819891e+14 3.973300e+33
2.841750e+14 4.050379e+33
2.863778e+14 4.128954e+33
2.885977e+14 4.209053e+33
2.908349e+14 4.290706e+33
2.930893e+14 4.373943e+33
