# epsilon [g/cm^3]   P [dyn/cm^2]
1.364583e+14 6.590849e+32
1.375161e+14 6.740423e+32
1.385821e+14 6.893391e+32
1.396563e+14 7.049831e+32
1.407389e+14 7.209821e+32
1.418299e+14 7.373442e+32
1.429293e+14 7.540776e+32
1.440372e+14 7.711907e+32
1.451538e+14 7.886923e+32
1.462789e+14 8.065910e+32
1.474129e+14 8.248959e+32
1.485556e+14 8.436162e+32
1.497071e+14 8.627613e+32
1.508676e+14 8.823410e+32
1.520371e+14 9.023649e+32
1.532156e+14 9.228433e+32
1.544033e+14 9.437865e+32
1.556002e+14 9.652049e+32
1.568063e+14 9.871094e+32
1.580219e+14 1.009511e+33
1.592468e+14 1.032421e+33
1.604812e+14 1.055851e+33
1.617252e+14 1.079813e+33
1.629789e+14 1.104318e+33
1.642422e+14 1.129380e+33
1.655154e+14 1.155010e+33
1.667984e+14 1.181222e+33
1.680914e+14 1.208029e+33
1.693944e+14 1.235444e+33
1.707075e+14 1.263481e+33
1.720307e+14 1.292155e+33
1.733643e+14 1.321479e+33
1.747081e+14 1.351469e+33
1.760624e+14 1.382140e+33
1.774272e+14 1.413506e+33
1.788026e+14 1.445584e+33
1.801886e+14 1.478391e+33
1.815854e+14 1.511942e+33
1.829929e+14 1.546254e+33
1.844114e+14 1.581345e+33
1.858409e+14 1.617232e+33
1.872815e+14 1.653934e+33
1.887333e+14 1.691468e+33
1.901963e+14 1.729855e+33
1.916706e+14 1.769112e+33
1.931564e+14 1.809261e+33
1.946537e+14 1.850320e+33
1.961626e+14 1.892312e+33
1.976832e+14 1.935256e+33
1.992155e+14 1.979175e+33
2.007598e+14 2.024091e+33
2.023160e+14 2.070026e+33
2.038843e+14 2.117004e+33
2.054648e+14 2.165047e+33
2.070575e+14 2.214181e+33
2.086625e+14 2.264430e+33
2.102800e+14 2.315819e+33
2.119100e+14 2.368375e+33
2.135527e+14 2.422123e+33
2.152081e+14 2.477091e+33
2.168763e+14 2.533307e+33
2.185575e+14 2.590798e+33
2.202517e+14 2.649594e+33
2.219590e+14 2.709724e+33
2.236795e+14 2.771219e+33
2.254134e+14 2.834110e+33
2.271608e+14 2.898427e+33
2.289217e+14 2.964205e+33
2.306962e+14 3.031475e+33
2.324845e+14 3.100272e+33
2.342866e+14 3.170630e+33
2.361027e+14 3.242584e+33
2.379329e+14 3.316172e+33
2.397773e+14 3.391430e+33
2.416360e+14 3.468395e+33
2.435091e+14 3.547108e+33
2.453967e+14 3.627606e+33
2.472989e+14 3.709932e+33
2.492159e+14 3.794126e+33
2.511478e+14 3.880230e+33
2.530946e+14 3.968289e+33
2.550565e+14 4.058345e+33
2.570336e+14 4.150446e+33
2.590260e+14 4.244637e+33
2.610339e+14 4.340965e+33
2.630574e+14 4.439480e+33
2.650965e+14 4.540230e+33
2.671515e+14 4.643267e+33
2.692224e+14 4.748642e+33
2.713093e+14 4.856408e+33
2.734124e+14 4.966620e+33
2.755318e+14 5.079334e+33
2.776676e+14 5.194605e+33
2.798200e+14 5.312492e+33
2.819891e+14 5.433055e+33
2.841750e+14 5.556353e+33
2.863778e+14 5.682450e+33
2.885977e+14 5.811408e+33
2.908349e+14 5.943293e+33
2.930893e+14 6.078171e+33
