# epsilon [g/cm^3]   P [dyn/cm^2]
1.364583e+14 6.585233e+32
1.375161e+14 6.732745e+32
1.385821e+14 6.883562e+32
1.396563e+14 7.037757e+32
1.407389e+14 7.195406e+32
1.418299e+14 7.356587e+32
1.429293e+14 7.521378e+32
1.440372e+14 7.689861e+32
1.451538e+14 7.862117e+32
1.462789e+14 8.038232e+32
1.474129e+14 8.218293e+32
1.485556e+14 8.402386e+32
1.497071e+14 8.590604e+32
1.508676e+14 8.783038e+32
1.520371e+14 8.979782e+32
1.532156e+14 9.180933e+32
1.544033e+14 9.386591e+32
1.556002e+14 9.596855e+32
1.568063e+14 9.811829e+32
1.580219e+14 1.003162e+33
1.592468e+14 1.025633e+33
1.604812e+14 1.048608e+33
1.617252e+14 1.072097e+33
1.629789e+14 1.096113e+33
1.642422e+14 1.120666e+33
1.655154e+14 1.145770e+33
1.667984e+14 1.171435e+33
1.680914e+14 1.197676e+33
1.693944e+14 1.224505e+33
1.707075e+14 1.251934e+33
1.720307e+14 1.279978e+33
1.733643e+14 1.308650e+33
1.747081e+14 1.337965e+33
1.760624e+14 1.367936e+33
1.774272e+14 1.398578e+33
1.788026e+14 1.429907e+33
1.801886e+14 1.461937e+33
1.815854e+14 1.494686e+33
1.829929e+14 1.528167e+33
1.844114e+14 1.562399e+33
1.858409e+14 1.597397e+33
1.872815e+14 1.633180e+33
1.887333e+14 1.669764e+33
1.901963e+14 1.707167e+33
1.916706e+14 1.745409e+33
1.931564e+14 1.784507e+33
1.946537e+14 1.824481e+33
1.961626e+14 1.865350e+33
1.976832e+14 1.907135e+33
1.992155e+14 1.949855e+33
2.007598e+14 1.993533e+33
2.023160e+14 2.038189e+33
2.038843e+14 2.083846e+33
2.054648e+14 2.130525e+33
2.070575e+14 2.178250e+33
2.086625e+14 2.227043e+33
2.102800e+14 2.276930e+33
2.119100e+14 2.327935e+33
2.135527e+14 2.380081e+33
2.152081e+14 2.433396e+33
2.168763e+14 2.487906e+33
2.185575e+14 2.543636e+33
2.202517e+14 2.600615e+33
2.219590e+14 2.658870e+33
2.236795e+14 2.718430e+33
2.254134e+14 2.779324e+33
2.271608e+14 2.841582e+33
2.289217e+14 2.905235e+33
2.306962e+14 2.970313e+33
2.324845e+14 3.036850e+33
2.342866e+14 3.104877e+33
2.361027e+14 3.174428e+33
2.379329e+14 3.245536e+33
2.397773e+14 3.318238e+33
2.416360e+14 3.392568e+33
2.435091e+14 3.468563e+33
2.453967e+14 3.546261e+33
2.472989e+14 3.625699e+33
2.492159e+14 3.706916e+33
2.511478e+14 3.789953e+33
2.530946e+14 3.874849e+33
2.550565e+14 3.961648e+33
2.570336e+14 4.050391e+33
2.590260e+14 4.141121e+33
2.610339e+14 4.233885e+33
2.630574e+14 4.328726e+33
2.650965e+14 4.425691e+33
2.671515e+14 4.524829e+33
2.692224e+14 4.626187e+33
2.713093e+14 4.729816e+33
2.734124e+14 4.835766e+33
2.755318e+14 4.944090e+33
2.776676e+14 5.054840e+33
2.798200e+14 5.168070e+33
2.819891e+14 5.283838e+33
2.841750e+14 5.402198e+33
2.863778e+14 5.523210e+33
2.885977e+14 5.646933e+33
2.908349e+14 5.773427e+33
2.930893e+14 5.902754e+33
