# epsilon [g/cm^3]   P [dyn/cm^2]
1.364583e+14 6.590447e+32
1.375161e+14 6.739873e+32
1.385821e+14 6.892687e+32
1.396563e+14 7.048966e+32
1.407389e+14 7.208788e+32
1.418299e+14 7.372233e+32
1.429293e+14 7.539385e+32
1.440372e+14 7.710326e+32
1.451538e+14 7.885143e+32
1.462789e+14 8.063924e+32
1.474129e+14 8.246758e+32
1.485556e+14 8.433738e+32
1.497071e+14 8.624957e+32
1.508676e+14 8.820512e+32
1.520371e+14 9.020500e+32
1.532156e+14 9.225023e+32
1.544033e+14 9.434183e+32
1.556002e+14 9.648085e+32
1.568063e+14 9.866837e+32
1.580219e+14 1.009055e+33
1.592468e+14 1.031933e+33
1.604812e+14 1.055331e+33
1.617252e+14 1.079258e+33
1.629789e+14 1.103728e+33
1.642422e+14 1.128753e+33
1.655154e+14 1.154346e+33
1.667984e+14 1.180518e+33
1.680914e+14 1.207284e+33
1.693944e+14 1.234657e+33
1.707075e+14 1.262651e+33
1.720307e+14 1.291279e+33
1.733643e+14 1.320556e+33
1.747081e+14 1.350497e+33
1.760624e+14 1.381117e+33
1.774272e+14 1.412432e+33
1.788026e+14 1.444456e+33
1.801886e+14 1.477206e+33
1.815854e+14 1.510699e+33
1.829929e+14 1.544951e+33
1.844114e+14 1.579980e+33
1.858409e+14 1.615803e+33
1.872815e+14 1.652438e+33
1.887333e+14 1.689904e+33
1.901963e+14 1.728220e+33
1.916706e+14 1.767404e+33
1.931564e+14 1.807476e+33
1.946537e+14 1.848458e+33
1.961626e+14 1.890368e+33
1.976832e+14 1.933228e+33
1.992155e+14 1.977061e+33
2.007598e+14 2.021887e+33
2.023160e+14 2.067729e+33
2.038843e+14 2.114611e+33
2.054648e+14 2.162556e+33
2.070575e+14 2.211588e+33
2.086625e+14 2.261731e+33
2.102800e+14 2.313012e+33
2.119100e+14 2.365455e+33
2.135527e+14 2.419087e+33
2.152081e+14 2.473936e+33
2.168763e+14 2.530027e+33
2.185575e+14 2.587391e+33
2.202517e+14 2.646055e+33
2.219590e+14 2.706050e+33
2.236795e+14 2.767404e+33
2.254134e+14 2.830150e+33
2.271608e+14 2.894318e+33
2.289217e+14 2.959941e+33
2.306962e+14 3.027052e+33
2.324845e+14 3.095685e+33
2.342866e+14 3.165874e+33
2.361027e+14 3.237654e+33
2.379329e+14 3.311062e+33
2.397773e+14 3.386134e+33
2.416360e+14 3.462908e+33
2.435091e+14 3.541423e+33
2.453967e+14 3.621718e+33
2.472989e+14 3.703834e+33
2.492159e+14 3.787811e+33
2.511478e+14 3.873693e+33
2.530946e+14 3.961521e+33
2.550565e+14 4.051341e+33
2.570336e+14 4.143198e+33
2.590260e+14 4.237137e+33
2.610339e+14 4.333206e+33
2.630574e+14 4.431454e+33
2.650965e+14 4.531928e+33
2.671515e+14 4.634681e+33
2.692224e+14 4.739764e+33
2.713093e+14 4.847229e+33
2.734124e+14 4.957131e+33
2.755318e+14 5.069525e+33
2.776676e+14 5.184467e+33
2.798200e+14 5.302015e+33
2.819891e+14 5.422228e+33
2.841750e+14 5.545167e+33
2.863778e+14 5.670893e+33
2.885977e+14 5.799470e+33
2.908349e+14 5.930962e+33
2.930893e+14 6.065435e+33
