# epsilon [g/cm^3]   P [dyn/cm^2]
1.364583e+14 6.431113e+32
1.375161e+14 6.522925e+32
1.385821e+14 6.616049e+32
1.396563e+14 6.710502e+32
1.407389e+14 6.806303e+32
1.418299e+14 6.903472e+32
1.429293e+14 7.002029e+32
1.440372e+14 7.101992e+32
1.451538e+14 7.203383e+32
1.462789e+14 7.306220e+32
1.474129e+14 7.410527e+32
1.485556e+14 7.516322e+32
1.497071e+14 7.623627e+32
1.508676e+14 7.732465e+32
1.520371e+14 7.842856e+32
1.532156e+14 7.954823e+32
1.544033e+14 8.068389e+32
1.556002e+14 8.183576e+32
1.568063e+14 8.300408e+32
1.580219e+14 8.418907e+32
1.592468e+14 8.539098e+32
1.604812e+14 8.661005e+32
1.617252e+14 8.784653e+32
1.629789e+14 8.910066e+32
1.642422e+14 9.037269e+32
1.655154e+14 9.166288e+32
1.667984e+14 9.297149e+32
1.680914e+14 9.429878e+32
1.693944e+14 9.564502e+32
1.707075e+14 9.701048e+32
1.720307e+14 9.839544e+32
1.733643e+14 9.980016e+32
1.747081e+14 1.012249e+33
1.760624e+14 1.026701e+33
1.774272e+14 1.041358e+33
1.788026e+14 1.056225e+33
1.801886e+14 1.071304e+33
1.815854e+14 1.086598e+33
1.829929e+14 1.102111e+33
1.844114e+14 1.117845e+33
1.858409e+14 1.133804e+33
1.872815e+14 1.149990e+33
1.887333e+14 1.166408e+33
1.901963e+14 1.183060e+33
1.916706e+14 1.199950e+33
1.931564e+14 1.217081e+33
1.946537e+14 1.234456e+33
1.961626e+14 1.252080e+33
1.976832e+14 1.269955e+33
1.992155e+14 1.288085e+33
2.007598e+14 1.306474e+33
2.023160e+14 1.325126e+33
2.038843e+14 1.344044e+33
2.054648e+14 1.363232e+33
2.070575e+14 1.382694e+33
2.086625e+14 1.402434e+33
2.102800e+14 1.422455e+33
2.119100e+14 1.442763e+33
2.135527e+14 1.463360e+33
2.152081e+14 1.484252e+33
2.168763e+14 1.505441e+33
2.185575e+14 1.526933e+33
2.202517e+14 1.548732e+33
2.219590e+14 1.570843e+33
2.236795e+14 1.593269e+33
2.254134e+14 1.616015e+33
2.271608e+14 1.639085e+33
2.289217e+14 1.662485e+33
2.306962e+14 1.686220e+33
2.324845e+14 1.710293e+33
2.342866e+14 1.734709e+33
2.361027e+14 1.759475e+33
2.379329e+14 1.784594e+33
2.397773e+14 1.810071e+33
2.416360e+14 1.835912e+33
2.435091e+14 1.862122e+33
2.453967e+14 1.888707e+33
2.472989e+14 1.915670e+33
2.492159e+14 1.943019e+33
2.511478e+14 1.970758e+33
2.530946e+14 1.998894e+33
2.550565e+14 2.027431e+33
2.570336e+14 2.056375e+33
2.590260e+14 2.085732e+33
2.610339e+14 2.115509e+33
2.630574e+14 2.145711e+33
2.650965e+14 2.176344e+33
2.671515e+14 2.207414e+33
2.692224e+14 2.238928e+33
2.713093e+14 2.270891e+33
2.734124e+14 2.303311e+33
2.755318e+14 2.336194e+33
2.776676e+14 2.369546e+33
2.798200e+14 2.403375e+33
2.819891e+14 2.437686e+33
2.841750e+14 2.472488e+33
2.863778e+14 2.507786e+33
2.885977e+14 2.543588e+33
2.908349e+14 2.579901e+33
2.930893e+14 2.616732e+33
