# Density(g/cm^3) Pressure(dyn/cm^2) cs2
1.031700e+04 9.539300e+18 nan
1.047100e+05 5.337900e+20 nan
1.045700e+06 2.324100e+22 nan
8.213800e+06 5.415500e+23 nan
1.046200e+07 7.390800e+23 nan
4.165900e+07 5.311300e+24 nan
1.317600e+08 2.611200e+25 nan
2.626900e+08 6.685900e+25 nan
2.722000e+08 6.961000e+25 nan
2.950800e+08 7.497800e+25 nan
5.249600e+08 1.634000e+26 nan
8.321200e+08 3.039000e+26 nan
1.319100e+09 5.643300e+26 nan
1.413200e+09 5.939300e+26 nan
1.531900e+09 6.618100e+26 nan
1.660900e+09 7.185800e+26 nan
2.090800e+09 9.782900e+26 nan
2.632400e+09 1.331800e+27 nan
3.088100e+09 1.649200e+27 nan
3.315100e+09 1.736900e+27 nan
5.255200e+09 3.216100e+27 nan
8.332000e+09 5.952600e+27 nan
1.128500e+10 8.924100e+27 nan
1.261500e+10 9.881500e+27 nan
1.663500e+10 1.429300e+28 nan
2.094700e+10 1.943700e+28 nan
2.762200e+10 2.810700e+28 nan
3.171800e+10 3.211100e+28 nan
4.182800e+10 4.643300e+28 nan
5.267300e+10 6.313200e+28 nan
6.326900e+10 8.059600e+28 nan
6.946200e+10 8.628500e+28 nan
9.795500e+10 1.363900e+29 nan
1.052000e+11 1.486700e+29 nan
1.271100e+11 1.912500e+29 nan
1.403500e+11 2.010100e+29 nan
1.829900e+11 2.861600e+29 nan
2.006700e+11 3.104000e+29 nan
2.358400e+11 3.848500e+29 nan
2.616300e+11 4.418700e+29 nan
2.836400e+11 4.706200e+29 nan
3.411200e+11 6.016400e+29 nan
4.055600e+11 7.574600e+29 nan
4.372100e+11 7.758200e+29 nan
5.011872e+11 8.357476e+29 nan
5.041765e+11 8.386132e+29 nan
5.071836e+11 8.415016e+29 nan
5.102086e+11 8.444130e+29 nan
5.132516e+11 8.473476e+29 nan
5.163128e+11 8.503055e+29 nan
5.193923e+11 8.532870e+29 nan
5.224901e+11 8.562922e+29 nan
5.256064e+11 8.593213e+29 nan
5.287413e+11 8.623746e+29 nan
5.318949e+11 8.654521e+29 nan
5.350673e+11 8.685542e+29 nan
5.382586e+11 8.716809e+29 nan
5.414690e+11 8.748326e+29 nan
5.446985e+11 8.780093e+29 nan
5.479472e+11 8.812113e+29 nan
5.512154e+11 8.844388e+29 nan
5.545030e+11 8.876920e+29 nan
5.578102e+11 8.909711e+29 nan
5.611372e+11 8.942763e+29 nan
5.644840e+11 8.976078e+29 nan
5.678508e+11 9.009658e+29 nan
5.712376e+11 9.043505e+29 nan
5.746447e+11 9.077622e+29 nan
5.780721e+11 9.112011e+29 nan
5.815199e+11 9.146673e+29 nan
5.849883e+11 9.181611e+29 nan
5.884773e+11 9.216827e+29 nan
5.919872e+11 9.252324e+29 nan
5.955180e+11 9.288103e+29 nan
5.990699e+11 9.324167e+29 nan
6.026429e+11 9.360518e+29 nan
6.062373e+11 9.397159e+29 nan
6.098531e+11 9.434091e+29 nan
6.134905e+11 9.471317e+29 nan
6.171495e+11 9.508840e+29 nan
6.208304e+11 9.546661e+29 nan
6.245332e+11 9.584783e+29 nan
6.282582e+11 9.623209e+29 nan
6.320053e+11 9.661940e+29 nan
6.357748e+11 9.700980e+29 nan
6.395668e+11 9.740331e+29 nan
6.433814e+11 9.779995e+29 nan
6.472187e+11 9.819974e+29 nan
6.510789e+11 9.860272e+29 nan
6.549622e+11 9.900891e+29 nan
6.588686e+11 9.941833e+29 nan
6.627983e+11 9.983101e+29 nan
6.667514e+11 1.002470e+30 nan
6.707282e+11 1.006662e+30 nan
6.747286e+11 1.010889e+30 nan
6.787529e+11 1.015148e+30 nan
6.828012e+11 1.019442e+30 nan
6.868737e+11 1.023770e+30 nan
6.909704e+11 1.028132e+30 nan
6.950916e+11 1.032529e+30 nan
6.992374e+11 1.036961e+30 nan
7.034078e+11 1.041429e+30 nan
7.076032e+11 1.045932e+30 nan
7.118236e+11 1.050470e+30 nan
7.160691e+11 1.055045e+30 nan
7.203400e+11 1.059656e+30 nan
7.246364e+11 1.064304e+30 nan
7.289583e+11 1.068989e+30 nan
7.333061e+11 1.073712e+30 nan
7.376798e+11 1.078471e+30 nan
7.420795e+11 1.083269e+30 nan
7.465055e+11 1.088105e+30 nan
7.509579e+11 1.092980e+30 nan
7.554369e+11 1.097893e+30 nan
7.599426e+11 1.102845e+30 nan
7.644751e+11 1.107837e+30 nan
7.690347e+11 1.112869e+30 nan
7.736215e+11 1.117940e+30 nan
7.782356e+11 1.123052e+30 nan
7.828773e+11 1.128205e+30 nan
7.875466e+11 1.133398e+30 nan
7.922438e+11 1.138633e+30 nan
7.969690e+11 1.143910e+30 nan
8.017224e+11 1.149229e+30 nan
8.065042e+11 1.154590e+30 nan
8.113144e+11 1.159993e+30 nan
8.161534e+11 1.165440e+30 nan
8.210212e+11 1.170930e+30 nan
8.259180e+11 1.176464e+30 nan
8.308441e+11 1.182042e+30 nan
8.357995e+11 1.187664e+30 nan
8.407845e+11 1.193331e+30 nan
8.457992e+11 1.199043e+30 nan
8.508438e+11 1.204800e+30 nan
8.559185e+11 1.210604e+30 nan
8.610235e+11 1.216453e+30 nan
8.661590e+11 1.222349e+30 nan
8.713250e+11 1.228293e+30 nan
8.765219e+11 1.234283e+30 nan
8.817498e+11 1.240321e+30 nan
8.870088e+11 1.246407e+30 nan
8.922992e+11 1.252542e+30 nan
8.976212e+11 1.258725e+30 nan
9.029749e+11 1.264958e+30 nan
9.083605e+11 1.271240e+30 nan
9.137783e+11 1.277572e+30 nan
9.192284e+11 1.283955e+30 nan
9.247110e+11 1.290388e+30 nan
9.302262e+11 1.296873e+30 nan
9.357744e+11 1.303409e+30 nan
9.413557e+11 1.309998e+30 nan
9.469703e+11 1.316639e+30 nan
9.526183e+11 1.323332e+30 nan
9.583000e+11 1.330079e+30 nan
9.640156e+11 1.336880e+30 nan
9.697654e+11 1.343735e+30 nan
9.755494e+11 1.350644e+30 nan
9.813679e+11 1.357608e+30 nan
9.872211e+11 1.364628e+30 nan
9.931092e+11 1.371704e+30 nan
9.990324e+11 1.378836e+30 nan
1.004991e+12 1.386024e+30 nan
1.010985e+12 1.393270e+30 nan
1.017015e+12 1.400574e+30 nan
1.023081e+12 1.407936e+30 nan
1.029183e+12 1.415356e+30 nan
1.035321e+12 1.422836e+30 nan
1.041496e+12 1.430375e+30 nan
1.047708e+12 1.437974e+30 nan
1.053957e+12 1.445633e+30 nan
1.060243e+12 1.453354e+30 nan
1.066567e+12 1.461136e+30 nan
1.072928e+12 1.468980e+30 nan
1.079327e+12 1.476886e+30 nan
1.085765e+12 1.484855e+30 nan
1.092241e+12 1.492888e+30 nan
1.098755e+12 1.500985e+30 nan
1.105308e+12 1.509146e+30 nan
1.111901e+12 1.517372e+30 nan
1.118533e+12 1.525663e+30 nan
1.125204e+12 1.534021e+30 nan
1.131915e+12 1.542445e+30 nan
1.138666e+12 1.550936e+30 nan
1.145457e+12 1.559495e+30 nan
1.152289e+12 1.568122e+30 nan
1.159162e+12 1.576817e+30 nan
1.166076e+12 1.585582e+30 nan
1.173031e+12 1.594416e+30 nan
1.180027e+12 1.603321e+30 nan
1.187065e+12 1.612297e+30 nan
1.194145e+12 1.621344e+30 nan
1.201267e+12 1.630463e+30 nan
1.208432e+12 1.639655e+30 nan
1.215640e+12 1.648920e+30 nan
1.222890e+12 1.658259e+30 nan
1.230184e+12 1.667672e+30 nan
1.237521e+12 1.677160e+30 nan
1.244902e+12 1.686723e+30 nan
1.252327e+12 1.696363e+30 nan
1.259796e+12 1.706079e+30 nan
1.267310e+12 1.715873e+30 nan
1.274869e+12 1.725745e+30 nan
1.282472e+12 1.735695e+30 nan
1.290122e+12 1.745725e+30 nan
1.297816e+12 1.755834e+30 nan
1.305557e+12 1.766024e+30 nan
1.313344e+12 1.776295e+30 nan
1.321177e+12 1.786647e+30 nan
1.329057e+12 1.797082e+30 nan
1.336984e+12 1.807601e+30 nan
1.344958e+12 1.818202e+30 nan
1.352980e+12 1.828889e+30 nan
1.361049e+12 1.839660e+30 nan
1.369167e+12 1.850517e+30 nan
1.377333e+12 1.861461e+30 nan
1.385548e+12 1.872491e+30 nan
1.393812e+12 1.883610e+30 nan
1.402125e+12 1.894817e+30 nan
1.410488e+12 1.906113e+30 nan
1.418901e+12 1.917499e+30 nan
1.427363e+12 1.928975e+30 nan
1.435877e+12 1.940543e+30 nan
1.444441e+12 1.952204e+30 nan
1.453056e+12 1.963957e+30 nan
1.461722e+12 1.975803e+30 nan
1.470440e+12 1.987744e+30 nan
1.479211e+12 1.999780e+30 nan
1.488033e+12 2.011911e+30 nan
1.496908e+12 2.024140e+30 nan
1.505836e+12 2.036465e+30 nan
1.514818e+12 2.048889e+30 nan
1.523853e+12 2.061412e+30 nan
1.532941e+12 2.074034e+30 nan
1.542084e+12 2.086757e+30 nan
1.551282e+12 2.099581e+30 nan
1.560534e+12 2.112507e+30 nan
1.569842e+12 2.125536e+30 nan
1.579205e+12 2.138669e+30 nan
1.588624e+12 2.151906e+30 nan
1.598099e+12 2.165249e+30 nan
1.607630e+12 2.178697e+30 nan
1.617219e+12 2.192253e+30 nan
1.626864e+12 2.205917e+30 nan
1.636568e+12 2.219690e+30 nan
1.646329e+12 2.233572e+30 nan
1.656148e+12 2.247565e+30 nan
1.666026e+12 2.261669e+30 nan
1.675962e+12 2.275885e+30 nan
1.685958e+12 2.290215e+30 nan
1.696014e+12 2.304659e+30 nan
1.706130e+12 2.319217e+30 nan
1.716306e+12 2.333892e+30 nan
1.726542e+12 2.348683e+30 nan
1.736840e+12 2.363592e+30 nan
1.747199e+12 2.378620e+30 nan
1.757620e+12 2.393767e+30 nan
1.768103e+12 2.409035e+30 nan
1.778648e+12 2.424425e+30 nan
1.789257e+12 2.439937e+30 nan
1.799929e+12 2.455572e+30 nan
1.810664e+12 2.471332e+30 nan
1.821463e+12 2.487217e+30 nan
1.832327e+12 2.503229e+30 nan
1.843256e+12 2.519369e+30 nan
1.854249e+12 2.535636e+30 nan
1.865309e+12 2.552034e+30 nan
1.876434e+12 2.568561e+30 nan
1.887626e+12 2.585221e+30 nan
1.898884e+12 2.602013e+30 nan
1.910210e+12 2.618938e+30 nan
1.921603e+12 2.635999e+30 nan
1.933064e+12 2.653195e+30 nan
1.944593e+12 2.670528e+30 nan
1.956192e+12 2.687999e+30 nan
1.967859e+12 2.705609e+30 nan
1.979596e+12 2.723360e+30 nan
1.991403e+12 2.741251e+30 nan
2.003280e+12 2.759285e+30 nan
2.015229e+12 2.777463e+30 nan
2.027248e+12 2.795785e+30 nan
2.039339e+12 2.814253e+30 nan
2.051503e+12 2.832869e+30 nan
2.063738e+12 2.851632e+30 nan
2.076047e+12 2.870545e+30 nan
2.088430e+12 2.889608e+30 nan
2.100886e+12 2.908823e+30 nan
2.113416e+12 2.928191e+30 nan
2.126021e+12 2.947713e+30 nan
2.138701e+12 2.967391e+30 nan
2.151457e+12 2.987225e+30 nan
2.164289e+12 3.007217e+30 nan
2.177198e+12 3.027368e+30 nan
2.190183e+12 3.047680e+30 nan
2.203246e+12 3.068153e+30 nan
2.216387e+12 3.088789e+30 nan
2.229607e+12 3.109590e+30 nan
2.242905e+12 3.130556e+30 nan
2.256282e+12 3.151689e+30 nan
2.269739e+12 3.172990e+30 nan
2.283277e+12 3.194461e+30 nan
2.296895e+12 3.216103e+30 nan
2.310594e+12 3.237917e+30 nan
2.324376e+12 3.259905e+30 nan
2.338239e+12 3.282067e+30 nan
2.352185e+12 3.304406e+30 nan
2.366214e+12 3.326923e+30 nan
2.380327e+12 3.349620e+30 nan
2.394524e+12 3.372496e+30 nan
2.408806e+12 3.395555e+30 nan
2.423173e+12 3.418798e+30 nan
2.437625e+12 3.442225e+30 nan
2.452164e+12 3.465839e+30 nan
2.466790e+12 3.489642e+30 nan
2.481502e+12 3.513633e+30 nan
2.496303e+12 3.537815e+30 nan
2.511192e+12 3.562190e+30 nan
2.526169e+12 3.586759e+30 nan
2.541236e+12 3.611524e+30 nan
2.556393e+12 3.636486e+30 nan
2.571640e+12 3.661646e+30 nan
2.586978e+12 3.687007e+30 nan
2.602408e+12 3.712569e+30 nan
2.617930e+12 3.738335e+30 nan
2.633544e+12 3.764307e+30 nan
2.649251e+12 3.790485e+30 nan
2.665052e+12 3.816871e+30 nan
2.680947e+12 3.843467e+30 nan
2.696937e+12 3.870275e+30 nan
2.713023e+12 3.897297e+30 nan
2.729204e+12 3.924533e+30 nan
2.745482e+12 3.951987e+30 nan
2.761857e+12 3.979659e+30 nan
2.778330e+12 4.007551e+30 nan
2.794901e+12 4.035665e+30 nan
2.811570e+12 4.064003e+30 nan
2.828339e+12 4.092567e+30 nan
2.845209e+12 4.121357e+30 nan
2.862178e+12 4.150378e+30 nan
2.879249e+12 4.179629e+30 nan
2.896422e+12 4.209113e+30 nan
2.913697e+12 4.238832e+30 nan
2.931076e+12 4.268787e+30 nan
2.948558e+12 4.298981e+30 nan
2.966144e+12 4.329415e+30 nan
2.983835e+12 4.360091e+30 nan
3.001631e+12 4.391012e+30 nan
3.019534e+12 4.422178e+30 nan
3.037544e+12 4.453593e+30 nan
3.055661e+12 4.485258e+30 nan
3.073886e+12 4.517175e+30 nan
3.092219e+12 4.549346e+30 nan
3.110662e+12 4.581773e+30 nan
3.129215e+12 4.614458e+30 nan
3.147879e+12 4.647404e+30 nan
3.166654e+12 4.680611e+30 nan
3.185541e+12 4.714083e+30 nan
3.204541e+12 4.747822e+30 nan
3.223653e+12 4.781829e+30 nan
3.242880e+12 4.816106e+30 nan
3.262222e+12 4.850657e+30 nan
3.281679e+12 4.885483e+30 nan
3.301252e+12 4.920586e+30 nan
3.320942e+12 4.955968e+30 nan
3.340749e+12 4.991632e+30 nan
3.360674e+12 5.027580e+30 nan
3.380718e+12 5.063814e+30 nan
3.400882e+12 5.100336e+30 nan
3.421166e+12 5.137149e+30 nan
3.441571e+12 5.174255e+30 nan
3.462098e+12 5.211657e+30 nan
3.482747e+12 5.249356e+30 nan
3.503519e+12 5.287356e+30 nan
3.524415e+12 5.325658e+30 nan
3.545436e+12 5.364264e+30 nan
3.566582e+12 5.403178e+30 nan
3.587855e+12 5.442402e+30 nan
3.609254e+12 5.481938e+30 nan
3.630781e+12 5.521789e+30 nan
3.652436e+12 5.561957e+30 nan
3.674220e+12 5.602445e+30 nan
3.696134e+12 5.643255e+30 nan
3.718179e+12 5.684390e+30 nan
3.740356e+12 5.725853e+30 nan
3.762664e+12 5.767645e+30 nan
3.785106e+12 5.809770e+30 nan
3.807682e+12 5.852231e+30 nan
3.830392e+12 5.895029e+30 nan
3.853238e+12 5.938168e+30 nan
3.876220e+12 5.981651e+30 nan
3.899339e+12 6.025480e+30 nan
3.922596e+12 6.069657e+30 nan
3.945992e+12 6.114187e+30 nan
3.969527e+12 6.159070e+30 nan
3.993202e+12 6.204311e+30 nan
4.017019e+12 6.249913e+30 nan
4.040978e+12 6.295877e+30 nan
4.065080e+12 6.342207e+30 nan
4.089325e+12 6.388906e+30 nan
4.113715e+12 6.435976e+30 nan
4.138251e+12 6.483422e+30 nan
4.162933e+12 6.531245e+30 nan
4.187762e+12 6.579448e+30 nan
4.212739e+12 6.628036e+30 nan
4.237865e+12 6.677010e+30 nan
4.263141e+12 6.726374e+30 nan
4.288568e+12 6.776131e+30 nan
4.314147e+12 6.826284e+30 nan
4.339878e+12 6.876836e+30 nan
4.365762e+12 6.927791e+30 nan
4.391801e+12 6.979151e+30 nan
4.417995e+12 7.030920e+30 nan
4.444345e+12 7.083102e+30 nan
4.470853e+12 7.135698e+30 nan
4.497519e+12 7.188714e+30 nan
4.524343e+12 7.242151e+30 nan
4.551328e+12 7.296014e+30 nan
4.578474e+12 7.350305e+30 nan
4.605781e+12 7.405029e+30 nan
4.633252e+12 7.460188e+30 nan
4.660886e+12 7.515786e+30 nan
4.688685e+12 7.571827e+30 nan
4.716650e+12 7.628314e+30 nan
4.744781e+12 7.685251e+30 nan
4.773081e+12 7.742641e+30 nan
4.801549e+12 7.800488e+30 nan
4.830187e+12 7.858795e+30 nan
4.858996e+12 7.917567e+30 nan
4.887977e+12 7.976806e+30 nan
4.917130e+12 8.036517e+30 nan
4.946458e+12 8.096703e+30 nan
4.975960e+12 8.157368e+30 nan
5.005638e+12 8.218516e+30 nan
5.035494e+12 8.280151e+30 nan
5.065527e+12 8.342277e+30 nan
5.095739e+12 8.404897e+30 nan
5.126132e+12 8.468015e+30 nan
5.156706e+12 8.531636e+30 nan
5.187462e+12 8.595764e+30 nan
5.218402e+12 8.660402e+30 nan
5.249526e+12 8.725554e+30 nan
5.280836e+12 8.791226e+30 nan
5.312333e+12 8.857419e+30 nan
5.344017e+12 8.924140e+30 nan
5.375891e+12 8.991392e+30 nan
5.407955e+12 9.059179e+30 nan
5.440209e+12 9.127506e+30 nan
5.472657e+12 9.196377e+30 nan
5.505297e+12 9.265796e+30 nan
5.538133e+12 9.335768e+30 nan
5.571164e+12 9.406296e+30 nan
5.604392e+12 9.477386e+30 nan
5.637819e+12 9.549042e+30 nan
5.671445e+12 9.621269e+30 nan
5.705271e+12 9.694070e+30 nan
5.739299e+12 9.767451e+30 nan
5.773530e+12 9.841416e+30 nan
5.807965e+12 9.915970e+30 nan
5.842606e+12 9.991117e+30 nan
5.877453e+12 1.006686e+31 nan
5.912508e+12 1.014321e+31 nan
5.947773e+12 1.022017e+31 nan
5.983247e+12 1.029774e+31 nan
6.018933e+12 1.037592e+31 nan
6.054832e+12 1.045473e+31 nan
6.090945e+12 1.053417e+31 nan
6.127274e+12 1.061423e+31 nan
6.163819e+12 1.069494e+31 nan
6.200582e+12 1.077629e+31 nan
6.237564e+12 1.085828e+31 nan
6.274767e+12 1.094093e+31 nan
6.312192e+12 1.102424e+31 nan
6.349840e+12 1.110821e+31 nan
6.387712e+12 1.119285e+31 nan
6.425811e+12 1.127816e+31 nan
6.464136e+12 1.136415e+31 nan
6.502691e+12 1.145082e+31 nan
6.541475e+12 1.153819e+31 nan
6.580490e+12 1.162625e+31 nan
6.619739e+12 1.171501e+31 nan
6.659221e+12 1.180448e+31 nan
6.698939e+12 1.189466e+31 nan
6.738893e+12 1.198556e+31 nan
6.779086e+12 1.207718e+31 nan
6.819519e+12 1.216953e+31 nan
6.860193e+12 1.226262e+31 nan
6.901110e+12 1.235644e+31 nan
6.942270e+12 1.245102e+31 nan
6.983676e+12 1.254635e+31 nan
7.025329e+12 1.264243e+31 nan
7.067230e+12 1.273928e+31 nan
7.109382e+12 1.283690e+31 nan
7.151784e+12 1.293530e+31 nan
7.194440e+12 1.303449e+31 nan
7.237350e+12 1.313446e+31 nan
7.280516e+12 1.323522e+31 nan
7.323939e+12 1.333679e+31 nan
7.367622e+12 1.343917e+31 nan
7.411565e+12 1.354237e+31 nan
7.455770e+12 1.364638e+31 nan
7.500239e+12 1.375122e+31 nan
7.544972e+12 1.385690e+31 nan
7.589973e+12 1.396342e+31 nan
7.635242e+12 1.407078e+31 nan
7.680781e+12 1.417900e+31 nan
7.726592e+12 1.428809e+31 nan
7.772676e+12 1.439804e+31 nan
7.819035e+12 1.450886e+31 nan
7.865670e+12 1.462057e+31 nan
7.912584e+12 1.473317e+31 nan
7.959777e+12 1.484666e+31 nan
8.007252e+12 1.496106e+31 nan
8.055010e+12 1.507637e+31 nan
8.103052e+12 1.519259e+31 nan
8.151382e+12 1.530975e+31 nan
8.199999e+12 1.542783e+31 nan
8.248907e+12 1.554685e+31 nan
8.298106e+12 1.566682e+31 nan
8.347599e+12 1.578775e+31 nan
8.397387e+12 1.590964e+31 nan
8.447471e+12 1.603250e+31 nan
8.497855e+12 1.615633e+31 nan
8.548539e+12 1.628116e+31 nan
8.599525e+12 1.640697e+31 nan
8.650816e+12 1.653379e+31 nan
8.702412e+12 1.666162e+31 nan
8.754316e+12 1.679046e+31 nan
8.806530e+12 1.692033e+31 nan
8.859055e+12 1.705124e+31 nan
8.911893e+12 1.718318e+31 nan
8.965047e+12 1.731618e+31 nan
9.018517e+12 1.745024e+31 nan
9.072307e+12 1.758536e+31 nan
9.126417e+12 1.772156e+31 nan
9.180850e+12 1.785884e+31 nan
9.235607e+12 1.799721e+31 nan
9.290692e+12 1.813669e+31 nan
9.346104e+12 1.827728e+31 nan
9.401848e+12 1.841898e+31 nan
9.457923e+12 1.856182e+31 nan
9.514334e+12 1.870579e+31 nan
9.571080e+12 1.885091e+31 nan
9.628165e+12 1.899718e+31 nan
9.685591e+12 1.914461e+31 nan
9.743359e+12 1.929323e+31 nan
9.801472e+12 1.944302e+31 nan
9.859931e+12 1.959400e+31 nan
9.918739e+12 1.974619e+31 nan
9.977898e+12 1.989959e+31 nan
1.003741e+13 2.005421e+31 nan
1.009728e+13 2.021006e+31 nan
1.015750e+13 2.036715e+31 nan
1.021808e+13 2.052550e+31 nan
1.027903e+13 2.068510e+31 nan
1.034033e+13 2.084597e+31 nan
1.040201e+13 2.100813e+31 nan
1.046405e+13 2.117157e+31 nan
1.052646e+13 2.133632e+31 nan
1.058924e+13 2.150237e+31 nan
1.065240e+13 2.166975e+31 nan
1.071593e+13 2.183846e+31 nan
1.077985e+13 2.200852e+31 nan
1.084414e+13 2.217993e+31 nan
1.090882e+13 2.235270e+31 nan
1.097388e+13 2.252685e+31 nan
1.103934e+13 2.270238e+31 nan
1.110518e+13 2.287931e+31 nan
1.117141e+13 2.305765e+31 nan
1.123804e+13 2.323741e+31 nan
1.130507e+13 2.341860e+31 nan
1.137250e+13 2.360123e+31 nan
1.144033e+13 2.378532e+31 nan
1.150856e+13 2.397087e+31 nan
1.157720e+13 2.415790e+31 nan
1.164625e+13 2.434642e+31 nan
1.171571e+13 2.453644e+31 nan
1.178559e+13 2.472797e+31 nan
1.185588e+13 2.492102e+31 nan
1.192660e+13 2.511562e+31 nan
1.199773e+13 2.531176e+31 nan
1.206929e+13 2.550946e+31 nan
1.214127e+13 2.570874e+31 nan
1.221369e+13 2.590960e+31 nan
1.228654e+13 2.611206e+31 nan
1.235982e+13 2.631614e+31 nan
1.243353e+13 2.652183e+31 nan
1.250769e+13 2.672917e+31 nan
1.258229e+13 2.693816e+31 nan
1.265734e+13 2.714881e+31 nan
1.273283e+13 2.736113e+31 nan
1.280877e+13 2.757515e+31 nan
1.288517e+13 2.779087e+31 nan
1.296202e+13 2.800831e+31 nan
1.303933e+13 2.822747e+31 nan
1.311710e+13 2.844839e+31 nan
1.319533e+13 2.867106e+31 nan
1.327404e+13 2.889550e+31 nan
1.335321e+13 2.912173e+31 nan
1.343285e+13 2.934977e+31 nan
1.351297e+13 2.957961e+31 nan
1.359356e+13 2.981129e+31 nan
1.367464e+13 3.004481e+31 nan
1.375620e+13 3.028019e+31 nan
1.383825e+13 3.051744e+31 nan
1.392078e+13 3.075658e+31 nan
1.400381e+13 3.099763e+31 nan
1.408733e+13 3.124059e+31 nan
1.417136e+13 3.148549e+31 nan
1.425588e+13 3.173234e+31 nan
1.434091e+13 3.198115e+31 nan
1.442644e+13 3.223195e+31 nan
1.451248e+13 3.248474e+31 nan
1.459904e+13 3.273954e+31 nan
1.468611e+13 3.299637e+31 nan
1.477371e+13 3.325525e+31 nan
1.486182e+13 3.351618e+31 nan
1.495046e+13 3.377919e+31 nan
1.503963e+13 3.404430e+31 nan
1.512933e+13 3.431152e+31 nan
1.521957e+13 3.458086e+31 nan
1.531035e+13 3.485235e+31 nan
1.540166e+13 3.512600e+31 nan
1.549352e+13 3.540183e+31 nan
1.558593e+13 3.567985e+31 nan
1.567889e+13 3.596009e+31 nan
1.577240e+13 3.624255e+31 nan
1.586648e+13 3.652727e+31 nan
1.596111e+13 3.681425e+31 nan
1.605631e+13 3.710352e+31 nan
1.615207e+13 3.739509e+31 nan
1.624841e+13 3.768898e+31 nan
1.634532e+13 3.798521e+31 nan
1.644281e+13 3.828379e+31 nan
1.654088e+13 3.858476e+31 nan
1.663953e+13 3.888812e+31 nan
1.673878e+13 3.919390e+31 nan
1.683861e+13 3.950210e+31 nan
1.693904e+13 3.981277e+31 nan
1.704007e+13 4.012590e+31 nan
1.714171e+13 4.044153e+31 nan
1.724395e+13 4.075967e+31 nan
1.734679e+13 4.108035e+31 nan
1.745026e+13 4.140357e+31 nan
1.755434e+13 4.172937e+31 nan
1.765903e+13 4.205776e+31 nan
1.776436e+13 4.238877e+31 nan
1.787031e+13 4.272241e+31 nan
1.797690e+13 4.305871e+31 nan
1.808412e+13 4.339768e+31 nan
1.819198e+13 4.373936e+31 nan
1.830048e+13 4.408375e+31 nan
1.840963e+13 4.443089e+31 nan
1.851943e+13 4.478078e+31 nan
1.862989e+13 4.513347e+31 nan
1.874100e+13 4.548896e+31 nan
1.885278e+13 4.584728e+31 nan
1.896522e+13 4.620845e+31 nan
1.907834e+13 4.657250e+31 nan
1.919213e+13 4.693944e+31 nan
1.930660e+13 4.730931e+31 nan
1.942175e+13 4.768212e+31 nan
1.953758e+13 4.805790e+31 nan
1.965411e+13 4.843667e+31 nan
1.977134e+13 4.881845e+31 nan
1.988926e+13 4.920328e+31 nan
2.000789e+13 4.959116e+31 nan
2.012722e+13 4.998214e+31 nan
2.024726e+13 5.037623e+31 nan
2.036803e+13 5.077345e+31 nan
2.048951e+13 5.117384e+31 nan
2.061171e+13 5.157741e+31 nan
2.073465e+13 5.198420e+31 nan
2.085832e+13 5.239422e+31 nan
2.098272e+13 5.280751e+31 nan
2.110787e+13 5.322409e+31 nan
2.123377e+13 5.364398e+31 nan
2.136041e+13 5.406722e+31 nan
2.148781e+13 5.449383e+31 nan
2.161597e+13 5.492383e+31 nan
2.174490e+13 5.535725e+31 nan
2.187459e+13 5.579413e+31 nan
2.200506e+13 5.623448e+31 nan
2.213630e+13 5.667834e+31 nan
2.226833e+13 5.712573e+31 nan
2.240115e+13 5.757669e+31 nan
2.253476e+13 5.803123e+31 nan
2.266916e+13 5.848939e+31 nan
2.280437e+13 5.895120e+31 nan
2.294038e+13 5.941668e+31 nan
2.307720e+13 5.988587e+31 nan
2.321484e+13 6.035880e+31 nan
2.335330e+13 6.083548e+31 nan
2.349259e+13 6.131597e+31 nan
2.363271e+13 6.180028e+31 nan
2.377366e+13 6.228844e+31 nan
2.391546e+13 6.278049e+31 nan
2.405810e+13 6.327646e+31 nan
2.420159e+13 6.377637e+31 nan
2.434593e+13 6.428027e+31 nan
2.449114e+13 6.478817e+31 nan
2.463721e+13 6.530012e+31 nan
2.478416e+13 6.581614e+31 nan
2.493198e+13 6.633628e+31 nan
2.508068e+13 6.686055e+31 nan
2.523027e+13 6.738899e+31 nan
2.538075e+13 6.792164e+31 nan
2.553213e+13 6.845854e+31 nan
2.568441e+13 6.899970e+31 nan
2.583760e+13 6.954518e+31 nan
2.599171e+13 7.009499e+31 nan
2.614673e+13 7.064918e+31 nan
2.630268e+13 7.120779e+31 nan
2.645956e+13 7.177084e+31 nan
2.661737e+13 7.233837e+31 nan
2.677613e+13 7.291042e+31 nan
2.693583e+13 7.348703e+31 nan
2.709648e+13 7.406822e+31 nan
2.725809e+13 7.465404e+31 nan
2.742067e+13 7.524453e+31 nan
2.758422e+13 7.583971e+31 nan
2.774874e+13 7.643963e+31 nan
2.791424e+13 7.704433e+31 nan
2.808073e+13 7.765384e+31 nan
2.824821e+13 7.826821e+31 nan
2.841670e+13 7.888746e+31 nan
2.858618e+13 7.951164e+31 nan
2.875668e+13 8.014080e+31 nan
2.892819e+13 8.077496e+31 nan
2.910073e+13 8.141417e+31 nan
2.927430e+13 8.205846e+31 nan
2.944890e+13 8.270789e+31 nan
2.962454e+13 8.336248e+31 nan
2.980123e+13 8.402229e+31 nan
2.997898e+13 8.468735e+31 nan
3.015778e+13 8.535770e+31 nan
3.033765e+13 8.603339e+31 nan
3.051860e+13 8.671446e+31 nan
3.070062e+13 8.740095e+31 nan
3.088373e+13 8.809290e+31 nan
3.106793e+13 8.879036e+31 nan
3.125323e+13 8.949338e+31 nan
3.143963e+13 9.020199e+31 nan
3.162715e+13 9.091624e+31 nan
3.181578e+13 9.163618e+31 nan
3.200554e+13 9.236184e+31 nan
3.219644e+13 9.309329e+31 nan
3.238847e+13 9.383055e+31 nan
3.258164e+13 9.457369e+31 nan
3.277597e+13 9.532274e+31 nan
3.297146e+13 9.607776e+31 nan
3.316811e+13 9.683878e+31 nan
3.336594e+13 9.760586e+31 nan
3.356494e+13 9.837905e+31 nan
3.376513e+13 9.915839e+31 nan
3.396652e+13 9.994394e+31 nan
3.416911e+13 1.007357e+32 nan
3.437290e+13 1.015338e+32 nan
3.457791e+13 1.023383e+32 nan
3.478415e+13 1.031492e+32 nan
3.499161e+13 1.039665e+32 nan
3.520031e+13 1.047903e+32 nan
3.541026e+13 1.056207e+32 nan
3.562146e+13 1.064577e+32 nan
3.583392e+13 1.073013e+32 nan
3.604764e+13 1.081517e+32 nan
3.626264e+13 1.090088e+32 nan
3.647893e+13 1.098728e+32 nan
3.669650e+13 1.107436e+32 nan
3.691537e+13 1.116214e+32 nan
3.713554e+13 1.125061e+32 nan
3.735703e+13 1.133979e+32 nan
3.757984e+13 1.142968e+32 nan
3.780398e+13 1.152029e+32 nan
3.802946e+13 1.161162e+32 nan
3.825628e+13 1.170367e+32 nan
3.848445e+13 1.179646e+32 nan
3.871398e+13 1.188998e+32 nan
3.894489e+13 1.198425e+32 nan
3.917717e+13 1.207927e+32 nan
3.941083e+13 1.217505e+32 nan
3.964589e+13 1.227159e+32 nan
3.988235e+13 1.236889e+32 nan
4.012023e+13 1.246698e+32 nan
4.035952e+13 1.256584e+32 nan
4.060023e+13 1.266549e+32 nan
4.084239e+13 1.276593e+32 nan
4.108598e+13 1.286717e+32 nan
4.133103e+13 1.296922e+32 nan
4.157755e+13 1.307208e+32 nan
4.182553e+13 1.317576e+32 nan
4.207499e+13 1.328027e+32 nan
4.232594e+13 1.338560e+32 nan
4.257839e+13 1.349178e+32 nan
4.283234e+13 1.359880e+32 nan
4.308780e+13 1.370667e+32 nan
4.334479e+13 1.381540e+32 nan
4.360332e+13 1.392500e+32 nan
4.386338e+13 1.403547e+32 nan
4.412500e+13 1.414682e+32 nan
4.438817e+13 1.425905e+32 nan
4.465292e+13 1.437218e+32 nan
4.491924e+13 1.448621e+32 nan
4.518716e+13 1.460114e+32 nan
4.545667e+13 1.471699e+32 nan
4.572779e+13 1.483377e+32 nan
4.600052e+13 1.495147e+32 nan
4.627488e+13 1.507011e+32 nan
4.655088e+13 1.518970e+32 nan
4.682853e+13 1.531023e+32 nan
4.710783e+13 1.543173e+32 nan
4.738880e+13 1.555419e+32 nan
4.767144e+13 1.567763e+32 nan
4.795577e+13 1.580205e+32 nan
4.824179e+13 1.592746e+32 nan
4.852952e+13 1.605387e+32 nan
4.881897e+13 1.618128e+32 nan
4.911014e+13 1.630971e+32 nan
4.940305e+13 1.643917e+32 nan
4.969771e+13 1.656965e+32 nan
4.999412e+13 1.670117e+32 nan
5.029230e+13 1.683374e+32 nan
5.059226e+13 1.696736e+32 nan
5.089401e+13 1.710205e+32 nan
5.119756e+13 1.723781e+32 nan
5.150292e+13 1.737465e+32 nan
5.181010e+13 1.751258e+32 nan
5.211911e+13 1.765161e+32 nan
5.242997e+13 1.779174e+32 nan
5.274268e+13 1.793299e+32 nan
5.305725e+13 1.807536e+32 nan
5.337370e+13 1.821887e+32 nan
5.369204e+13 1.836352e+32 nan
5.401228e+13 1.850932e+32 nan
5.433442e+13 1.865628e+32 nan
5.465849e+13 1.880441e+32 nan
5.498449e+13 1.895373e+32 nan
5.531244e+13 1.910422e+32 nan
5.564234e+13 1.925592e+32 nan
5.597421e+13 1.940883e+32 nan
5.630806e+13 1.956295e+32 nan
5.664390e+13 1.971830e+32 nan
5.698174e+13 1.987488e+32 nan
5.732160e+13 2.003272e+32 nan
5.766349e+13 2.019180e+32 nan
5.800741e+13 2.035216e+32 nan
5.835339e+13 2.051379e+32 nan
5.870143e+13 2.067671e+32 nan
5.905154e+13 2.084092e+32 nan
5.940374e+13 2.100645e+32 nan
5.975805e+13 2.117328e+32 nan
6.011446e+13 2.134145e+32 nan
6.047301e+13 2.151096e+32 nan
6.083369e+13 2.168181e+32 nan
6.119652e+13 2.185403e+32 nan
6.156152e+13 2.202762e+32 nan
6.192869e+13 2.220259e+32 nan
6.229805e+13 2.237895e+32 nan
6.266962e+13 2.255671e+32 nan
6.304340e+13 2.273589e+32 nan
6.341941e+13 2.291650e+32 nan
6.379767e+13 2.309854e+32 nan
6.417818e+13 2.328204e+32 nan
6.456096e+13 2.346699e+32 nan
6.494602e+13 2.365342e+32 nan
6.533338e+13 2.384133e+32 nan
6.572305e+13 2.403073e+32 nan
6.611505e+13 2.422165e+32 nan
6.650938e+13 2.441408e+32 nan
6.690606e+13 2.460805e+32 nan
6.730511e+13 2.480356e+32 nan
6.770654e+13 2.500062e+32 nan
6.811037e+13 2.519926e+32 nan
6.851660e+13 2.539947e+32 nan
6.892525e+13 2.560128e+32 nan
6.933635e+13 2.580470e+32 nan
6.974989e+13 2.600974e+32 nan
7.016590e+13 2.621640e+32 nan
7.058440e+13 2.642472e+32 nan
7.100539e+13 2.663469e+32 nan
7.142889e+13 2.684633e+32 nan
7.185491e+13 2.705966e+32 nan
7.228348e+13 2.727468e+32 nan
7.271460e+13 2.749142e+32 nan
7.314829e+13 2.770988e+32 nan
7.358458e+13 2.793008e+32 nan
7.402346e+13 2.815204e+32 nan
7.446496e+13 2.837576e+32 nan
7.490909e+13 2.860126e+32 nan
7.535588e+13 2.882856e+32 nan
7.580532e+13 2.905766e+32 nan
7.625745e+13 2.928859e+32 nan
7.671228e+13 2.952136e+32 nan
7.716981e+13 2.975598e+32 nan
7.763008e+13 2.999247e+32 nan
7.809309e+13 3.023084e+32 nan
7.855886e+13 3.047111e+32 nan
7.902742e+13 3.071329e+32 nan
7.949876e+13 3.095740e+32 nan
7.997292e+13 3.120346e+32 nan
8.044990e+13 3.145147e+32 nan
8.092973e+13 3.170145e+32 nan
8.141242e+13 3.195343e+32 nan
8.189800e+13 3.220741e+32 nan
8.238646e+13 3.246341e+32 nan
8.287784e+13 3.272145e+32 nan
8.337215e+13 3.298155e+32 nan
8.386941e+13 3.324371e+32 nan
8.436964e+13 3.350797e+32 nan
8.487285e+13 3.377432e+32 nan
8.537906e+13 3.404280e+32 nan
8.588829e+13 3.431341e+32 nan
8.640055e+13 3.458618e+32 nan
8.691587e+13 3.486112e+32 nan
8.743427e+13 3.513825e+32 nan
8.795576e+13 3.541758e+32 nan
8.848035e+13 3.569914e+32 nan
8.900808e+13 3.598294e+32 nan
8.953895e+13 3.626899e+32 nan
9.007299e+13 3.655733e+32 nan
9.061022e+13 3.684796e+32 nan
9.115065e+13 3.714090e+32 nan
9.169430e+13 3.743618e+32 nan
9.224120e+13 3.773380e+32 nan
9.279135e+13 3.803380e+32 nan
9.334479e+13 3.833618e+32 nan
9.390153e+13 3.864097e+32 nan
9.446159e+13 3.894819e+32 nan
9.502499e+13 3.925785e+32 nan
9.559175e+13 3.956998e+32 nan
9.616189e+13 3.988459e+32 nan
9.673543e+13 4.020170e+32 nan
9.731240e+13 4.052135e+32 nan
9.789280e+13 4.084353e+32 nan
9.847667e+13 4.116828e+32 nan
9.906401e+13 4.149561e+32 nan
9.965486e+13 4.182555e+32 nan
1.002492e+14 4.215812e+32 nan
1.008472e+14 4.249334e+32 nan
1.014486e+14 4.283122e+32 nan
1.020537e+14 4.317179e+32 nan
1.026624e+14 4.351507e+32 nan
1.032747e+14 4.386109e+32 nan
1.038907e+14 4.420986e+32 nan
1.045103e+14 4.456141e+32 nan
1.051336e+14 4.491575e+32 nan
1.057607e+14 4.527292e+32 nan
1.063915e+14 4.563293e+32 nan
1.070260e+14 4.599580e+32 nan
1.076644e+14 4.636156e+32 nan
1.083065e+14 4.673024e+32 nan
1.089525e+14 4.710185e+32 nan
1.096023e+14 4.747642e+32 nan
1.102560e+14 4.785397e+32 nan
1.109136e+14 4.823452e+32 nan
1.115752e+14 4.861811e+32 nan
1.122406e+14 4.900474e+32 nan
1.129101e+14 4.939446e+32 nan
1.135835e+14 4.978728e+32 nan
1.142610e+14 5.018322e+32 nan
1.149425e+14 5.058232e+32 nan
1.156280e+14 5.098459e+32 nan
1.163177e+14 5.139007e+32 nan
1.170114e+14 5.179877e+32 nan
1.177093e+14 5.221073e+32 nan
1.184114e+14 5.262597e+32 nan
1.191176e+14 5.304451e+32 nan
1.198281e+14 5.346638e+32 nan
1.205428e+14 5.389161e+32 nan
1.212617e+14 5.432023e+32 nan
1.219850e+14 5.475226e+32 nan
1.227125e+14 5.518773e+32 nan
1.234444e+14 5.562666e+32 nan
1.241807e+14 5.606909e+32 nan
1.249213e+14 5.651504e+32 nan
1.256664e+14 5.696454e+32 nan
1.264159e+14 5.741762e+32 nan
1.271699e+14 5.787430e+32 nan
1.279284e+14 5.833462e+32 nan
1.286914e+14 5.879861e+32 nan
1.294590e+14 5.926628e+32 nan
1.302311e+14 5.973769e+32 nan
1.310078e+14 6.021284e+32 nan
1.317892e+14 6.069177e+32 nan
1.325753e+14 6.117452e+32 nan
1.333660e+14 6.166111e+32 nan
1.364583e+14 6.554380e+32 nan
1.375161e+14 6.690608e+32 nan
1.385821e+14 6.829667e+32 nan
1.396563e+14 6.971617e+32 nan
1.407389e+14 7.116517e+32 nan
1.418299e+14 7.264428e+32 nan
1.429293e+14 7.415414e+32 nan
1.440372e+14 7.569538e+32 nan
1.451538e+14 7.726866e+32 nan
1.462789e+14 7.887463e+32 nan
1.474129e+14 8.051398e+32 nan
1.485556e+14 8.218741e+32 nan
1.497071e+14 8.389562e+32 nan
1.508676e+14 8.563933e+32 nan
1.520371e+14 8.741928e+32 nan
1.532156e+14 8.923623e+32 nan
1.544033e+14 9.109094e+32 nan
1.556002e+14 9.298420e+32 nan
1.568063e+14 9.491681e+32 nan
1.580219e+14 9.688958e+32 nan
1.592468e+14 9.890336e+32 nan
1.604812e+14 1.009590e+33 nan
1.617252e+14 1.030574e+33 nan
1.629789e+14 1.051993e+33 nan
1.642422e+14 1.073858e+33 nan
1.655154e+14 1.096178e+33 nan
1.667984e+14 1.118961e+33 nan
1.680914e+14 1.142218e+33 nan
1.693944e+14 1.165958e+33 nan
1.707075e+14 1.190191e+33 nan
1.720307e+14 1.214929e+33 nan
1.733643e+14 1.240180e+33 nan
1.747081e+14 1.265956e+33 nan
1.760624e+14 1.292268e+33 nan
1.774272e+14 1.319127e+33 nan
1.788026e+14 1.346544e+33 nan
1.801886e+14 1.374531e+33 nan
1.815854e+14 1.403100e+33 nan
1.829929e+14 1.432262e+33 nan
1.844114e+14 1.462031e+33 nan
1.858409e+14 1.492418e+33 nan
1.872815e+14 1.523437e+33 nan
1.887333e+14 1.555101e+33 nan
1.901963e+14 1.587422e+33 nan
1.916706e+14 1.620416e+33 nan
1.931564e+14 1.654095e+33 nan
1.946537e+14 1.688474e+33 nan
1.961626e+14 1.723568e+33 nan
1.976832e+14 1.759391e+33 nan
1.992155e+14 1.795958e+33 nan
2.007598e+14 1.833286e+33 nan
2.023160e+14 1.871390e+33 nan
2.038843e+14 1.910285e+33 nan
2.054648e+14 1.949989e+33 nan
2.070575e+14 1.990518e+33 nan
2.086625e+14 2.031890e+33 nan
2.102800e+14 2.074121e+33 nan
2.119100e+14 2.117230e+33 nan
2.135527e+14 2.161235e+33 nan
2.152081e+14 2.206155e+33 nan
2.168763e+14 2.252008e+33 nan
2.185575e+14 2.298815e+33 nan
2.202517e+14 2.346594e+33 nan
2.219590e+14 2.395366e+33 nan
2.236795e+14 2.445152e+33 nan
2.254134e+14 2.495973e+33 nan
2.271608e+14 2.547850e+33 nan
2.289217e+14 2.600805e+33 nan
2.306962e+14 2.654861e+33 nan
2.324845e+14 2.710040e+33 nan
2.342866e+14 2.766367e+33 nan
2.361027e+14 2.823864e+33 nan
2.379329e+14 2.882556e+33 nan
2.397773e+14 2.942467e+33 nan
2.416360e+14 3.003624e+33 nan
2.435091e+14 3.066053e+33 nan
2.453967e+14 3.129778e+33 nan
2.472989e+14 3.194829e+33 nan
2.492159e+14 3.261231e+33 nan
2.511478e+14 3.329013e+33 nan
2.530946e+14 3.398204e+33 nan
2.550565e+14 3.468833e+33 nan
2.570336e+14 3.540931e+33 nan
2.590260e+14 3.614526e+33 nan
2.610339e+14 3.689652e+33 nan
2.630574e+14 3.766338e+33 nan
2.650965e+14 3.844619e+33 nan
2.671515e+14 3.924527e+33 nan
2.692224e+14 4.006095e+33 nan
2.713093e+14 4.089359e+33 nan
2.734124e+14 4.174353e+33 nan
2.755318e+14 4.261114e+33 nan
2.776676e+14 4.349679e+33 nan
2.798200e+14 4.440083e+33 nan
2.819891e+14 4.532367e+33 nan
2.841750e+14 4.626569e+33 nan
2.863778e+14 4.722729e+33 nan
2.885977e+14 4.820888e+33 nan
2.908349e+14 4.921087e+33 nan
2.930893e+14 5.023368e+33 nan
3.069640e+14 5.746128e+33 2.250137e-01
3.192017e+14 8.243231e+33 2.290484e-01
3.316931e+14 1.083739e+34 2.330830e-01
3.444347e+14 1.352972e+34 2.371177e-01
3.574231e+14 1.632130e+34 2.411523e-01
3.706549e+14 1.921316e+34 2.451870e-01
3.841266e+14 2.220629e+34 2.492216e-01
3.978345e+14 2.530163e+34 2.532563e-01
4.117753e+14 2.850008e+34 2.572909e-01
4.259452e+14 3.180250e+34 2.613256e-01
4.403408e+14 3.520971e+34 2.653603e-01
4.549585e+14 3.872249e+34 2.693949e-01
4.697948e+14 4.234158e+34 2.734296e-01
4.848460e+14 4.606770e+34 2.774642e-01
5.001087e+14 4.990150e+34 2.814989e-01
5.155793e+14 5.384363e+34 2.855335e-01
5.312543e+14 5.789467e+34 2.895682e-01
5.471302e+14 6.205520e+34 2.936028e-01
5.632035e+14 6.632575e+34 2.976375e-01
5.794708e+14 7.070682e+34 3.016721e-01
5.959286e+14 7.519888e+34 3.057068e-01
6.125735e+14 7.980237e+34 3.097414e-01
6.294022e+14 8.451770e+34 3.137761e-01
6.464112e+14 8.934525e+34 3.178107e-01
6.635974e+14 9.428537e+34 3.218454e-01
6.809573e+14 9.933841e+34 3.258800e-01
6.984878e+14 1.045046e+35 3.299147e-01
7.161856e+14 1.097844e+35 3.339493e-01
7.340475e+14 1.151778e+35 3.379840e-01
7.520705e+14 1.206853e+35 3.420186e-01
7.702513e+14 1.263068e+35 3.460533e-01
7.885869e+14 1.320428e+35 3.500879e-01
8.070744e+14 1.378933e+35 3.541226e-01
8.257105e+14 1.438584e+35 3.581572e-01
8.444926e+14 1.499383e+35 3.621919e-01
8.634175e+14 1.561331e+35 3.662265e-01
8.824824e+14 1.624428e+35 3.702612e-01
9.016845e+14 1.688676e+35 3.742959e-01
9.210209e+14 1.754074e+35 3.783305e-01
9.404890e+14 1.820624e+35 3.823652e-01
9.600859e+14 1.888324e+35 3.863998e-01
9.798091e+14 1.957176e+35 3.904345e-01
9.996557e+14 2.027179e+35 3.944691e-01
1.019623e+15 2.098332e+35 3.985038e-01
1.039709e+15 2.170636e+35 4.025384e-01
1.059911e+15 2.244089e+35 4.065731e-01
1.080226e+15 2.318690e+35 4.106077e-01
1.100652e+15 2.394440e+35 4.146424e-01
1.121187e+15 2.471336e+35 4.186770e-01
1.141827e+15 2.549378e+35 4.227117e-01
1.162572e+15 2.628565e+35 4.267463e-01
1.183417e+15 2.708894e+35 4.307810e-01
1.204362e+15 2.790366e+35 4.348156e-01
1.225404e+15 2.872977e+35 4.388503e-01
1.246541e+15 2.956727e+35 4.428849e-01
1.267770e+15 3.041613e+35 4.469196e-01
1.289090e+15 3.127634e+35 4.509542e-01
1.310498e+15 3.214788e+35 4.549889e-01
1.331992e+15 3.303073e+35 4.590235e-01
1.353571e+15 3.392486e+35 4.630582e-01
1.375232e+15 3.483026e+35 4.670928e-01
1.396973e+15 3.574690e+35 4.711275e-01
1.418792e+15 3.667476e+35 4.751621e-01
1.440689e+15 3.761381e+35 4.791968e-01
1.462659e+15 3.856403e+35 4.832314e-01
1.484703e+15 3.952539e+35 4.872661e-01
1.506818e+15 4.049787e+35 4.913008e-01
1.529002e+15 4.148144e+35 4.953354e-01
1.551253e+15 4.247608e+35 4.993701e-01
1.573571e+15 4.348175e+35 5.034047e-01
1.595952e+15 4.449842e+35 5.074394e-01
1.618396e+15 4.552607e+35 5.114740e-01
1.640901e+15 4.656467e+35 5.155087e-01
1.663465e+15 4.761419e+35 5.195433e-01
1.686087e+15 4.867460e+35 5.235780e-01
1.708765e+15 4.974586e+35 5.276126e-01
1.731498e+15 5.082795e+35 5.316473e-01
1.754283e+15 5.192083e+35 5.356819e-01
1.777121e+15 5.302448e+35 5.397166e-01
1.800009e+15 5.413885e+35 5.437512e-01
1.822946e+15 5.526393e+35 5.477859e-01
1.845930e+15 5.639967e+35 5.518205e-01
1.868961e+15 5.754603e+35 5.558552e-01
1.892036e+15 5.870300e+35 5.598898e-01
1.915155e+15 5.987053e+35 5.639245e-01
1.938316e+15 6.104859e+35 5.679591e-01
1.961518e+15 6.223715e+35 5.719938e-01
1.984759e+15 6.343617e+35 5.760284e-01
2.008039e+15 6.464562e+35 5.800631e-01
2.031357e+15 6.586546e+35 5.840977e-01
2.054710e+15 6.709565e+35 5.881324e-01
2.078099e+15 6.833617e+35 5.921670e-01
2.101521e+15 6.958697e+35 5.962017e-01
2.124976e+15 7.084803e+35 6.002364e-01
2.148463e+15 7.211930e+35 6.042710e-01
2.171980e+15 7.340075e+35 6.083057e-01
2.195526e+15 7.469234e+35 6.123403e-01
2.219101e+15 7.599404e+35 6.163750e-01
2.242704e+15 7.730581e+35 6.204096e-01
2.266332e+15 7.862762e+35 6.244443e-01
2.289987e+15 7.995943e+35 6.284789e-01
2.313665e+15 8.130119e+35 6.325136e-01
2.337367e+15 8.265289e+35 6.365482e-01
2.361121e+15 8.401448e+35 6.361733e-01
2.385352e+15 8.538600e+35 6.235496e-01
2.410260e+15 8.676768e+35 6.109259e-01
2.435875e+15 8.815973e+35 5.983023e-01
2.462240e+15 8.956242e+35 5.856786e-01
2.489395e+15 9.097606e+35 5.730549e-01
2.517362e+15 9.240088e+35 5.604313e-01
2.546180e+15 9.383714e+35 5.478076e-01
2.575950e+15 9.528516e+35 5.351839e-01
2.606689e+15 9.674535e+35 5.225603e-01
2.638419e+15 9.821792e+35 5.099366e-01
2.671247e+15 9.970327e+35 4.973129e-01
2.705183e+15 1.012019e+36 4.846893e-01
2.740374e+15 1.027141e+36 4.720656e-01
2.776847e+15 1.042403e+36 4.594419e-01
2.814684e+15 1.057810e+36 4.468183e-01
2.853947e+15 1.073366e+36 4.341946e-01
2.894838e+15 1.089078e+36 4.215709e-01
2.937366e+15 1.104950e+36 4.089473e-01
2.980931e+15 1.120988e+36 4.111973e-01
3.024678e+15 1.137191e+36 4.150756e-01
3.068268e+15 1.153562e+36 4.189539e-01
3.111953e+15 1.170097e+36 4.228321e-01
3.155694e+15 1.186797e+36 4.267104e-01
3.199541e+15 1.203660e+36 4.305886e-01
3.243297e+15 1.220689e+36 4.344669e-01
3.287122e+15 1.237880e+36 4.383452e-01
3.330966e+15 1.255233e+36 4.422234e-01
3.374978e+15 1.272749e+36 4.461017e-01
3.418723e+15 1.290424e+36 4.499800e-01
3.462629e+15 1.308264e+36 4.538582e-01
3.506710e+15 1.326259e+36 4.577365e-01
3.550537e+15 1.344418e+36 4.616148e-01
3.594500e+15 1.362734e+36 4.654930e-01
3.638637e+15 1.381207e+36 4.693713e-01
3.682439e+15 1.399840e+36 4.732496e-01
3.726462e+15 1.418631e+36 4.771278e-01
3.770518e+15 1.437576e+36 4.810061e-01
3.814503e+15 1.456678e+36 4.848844e-01
3.858519e+15 1.475936e+36 4.887626e-01
3.902490e+15 1.495347e+36 4.926409e-01
3.946471e+15 1.514916e+36 4.965192e-01
3.990613e+15 1.534637e+36 5.003974e-01
4.034529e+15 1.554507e+36 5.042757e-01
4.078781e+15 1.574533e+36 5.081540e-01
4.122579e+15 1.594711e+36 5.120322e-01
4.166704e+15 1.615042e+36 5.159105e-01
4.210587e+15 1.635521e+36 5.197888e-01
4.254639e+15 1.656149e+36 5.236670e-01
4.298576e+15 1.676928e+36 5.275453e-01
4.342560e+15 1.697858e+36 5.314236e-01
4.386526e+15 1.718934e+36 5.353018e-01
4.430427e+15 1.740160e+36 5.391801e-01
4.474423e+15 1.761528e+36 5.430584e-01
4.518358e+15 1.783047e+36 5.469366e-01
4.562261e+15 1.804708e+36 5.508149e-01
4.606214e+15 1.826518e+36 5.546932e-01
4.649988e+15 1.848471e+36 5.585714e-01
4.693995e+15 1.870569e+36 5.624497e-01
4.737742e+15 1.892811e+36 5.663280e-01
4.781773e+15 1.915196e+36 5.702062e-01
4.825465e+15 1.937724e+36 5.740845e-01
4.869285e+15 1.960393e+36 5.779628e-01
4.911444e+15 1.983204e+36 6.645430e-01
4.949164e+15 2.006142e+36 6.667449e-01
4.989860e+15 2.029207e+36 6.689468e-01
5.027590e+15 2.052403e+36 6.711487e-01
5.062213e+15 2.075662e+36 6.733506e-01
5.102976e+15 2.099084e+36 6.755525e-01
5.140825e+15 2.122653e+36 6.777544e-01
5.181524e+15 2.146324e+36 6.799563e-01
5.219330e+15 2.170142e+36 6.821581e-01
5.260390e+15 2.194059e+36 6.843600e-01
5.298098e+15 2.218129e+36 6.865619e-01
5.339220e+15 2.242286e+36 6.887638e-01
5.376837e+15 2.266567e+36 6.909657e-01
5.417729e+15 2.290900e+36 6.931676e-01
5.455707e+15 2.315379e+36 6.953695e-01
5.496600e+15 2.340047e+36 6.975713e-01
5.534374e+15 2.364785e+36 6.997732e-01
5.575599e+15 2.389696e+36 7.019751e-01
5.613348e+15 2.414664e+36 7.041770e-01
5.667357e+15 2.439820e+36 3.470099e-01
5.756625e+15 2.465114e+36 3.473013e-01
5.825276e+15 2.490768e+36 3.475927e-01
5.916983e+15 2.516528e+36 3.478841e-01
5.987346e+15 2.542651e+36 3.481755e-01
6.081165e+15 2.568900e+36 3.484669e-01
6.153878e+15 2.595494e+36 3.487583e-01
6.249644e+15 2.622186e+36 3.490497e-01
6.324360e+15 2.649353e+36 3.493411e-01
6.422862e+15 2.676590e+36 3.496325e-01
6.503303e+15 2.704278e+36 3.499239e-01
6.607543e+15 2.732050e+36 3.502153e-01
6.683367e+15 2.760420e+36 3.505067e-01
6.790017e+15 2.788683e+36 3.507981e-01
