3.332576e+33 2.948000e+14 0.1044316
8.484283e+33 3.475771e+14 0.1110832
1.451932e+34 4.047992e+14 0.1177347
2.150821e+34 4.663560e+14 0.1243863
2.951955e+34 5.321207e+14 0.1310378
3.861982e+34 6.019538e+14 0.1376894
4.887316e+34 6.757055e+14 0.1443409
6.034123e+34 7.532192e+14 0.1509925
7.308317e+34 8.343329e+14 0.157644
8.715545e+34 9.188821e+14 0.1642956
1.026119e+35 1.006701e+15 0.1709472
1.195037e+35 1.097622e+15 0.1775987
1.378794e+35 1.191483e+15 0.1842503
1.577848e+35 1.288118e+15 0.1909018
1.792632e+35 1.387370e+15 0.1975534
2.023554e+35 1.489080e+15 0.2042049
2.270995e+35 1.593096e+15 0.2108565
2.535315e+35 1.699271e+15 0.217508
2.816849e+35 1.807460e+15 0.2241596
3.115908e+35 1.917525e+15 0.2308112
3.432783e+35 2.029331e+15 0.2374627
3.767744e+35 2.142749e+15 0.2441143
4.121038e+35 2.257656e+15 0.2507658
4.492896e+35 2.373932e+15 0.2574174
4.883528e+35 2.491464e+15 0.2640689
5.293128e+35 2.610142e+15 0.2707205
5.721869e+35 2.729863e+15 0.2773721
6.169913e+35 2.850526e+15 0.2840236
6.637403e+35 2.972037e+15 0.2906752
7.124467e+35 3.094306e+15 0.2973267
7.631221e+35 3.217247e+15 0.3039783
8.157765e+35 3.340777e+15 0.3106298
8.704188e+35 3.464819e+15 0.3172814
9.270565e+35 3.589299e+15 0.3239329
9.856963e+35 3.714147e+15 0.3305845
1.046343e+36 3.839297e+15 0.3372361
1.109002e+36 3.964686e+15 0.3438876
1.173676e+36 4.090253e+15 0.3505392
1.240367e+36 4.215944e+15 0.3571907
1.309078e+36 4.341703e+15 0.3638423
1.379808e+36 4.467481e+15 0.3704938
1.452557e+36 4.593231e+15 0.3771454
1.527326e+36 4.718906e+15 0.3837969
1.604111e+36 4.844466e+15 0.3904485
1.682912e+36 4.969869e+15 0.3971001
1.763725e+36 5.095079e+15 0.4037516
1.846547e+36 5.220059e+15 0.4104032
1.931373e+36 5.344808e+15 0.416185
2.018206e+36 5.470026e+15 0.4192853
2.107055e+36 5.595990e+15 0.4223856
2.197933e+36 5.722675e+15 0.4254859
2.290851e+36 5.850054e+15 0.4285862
2.385820e+36 5.978102e+15 0.4316866
2.482850e+36 6.106795e+15 0.4347869
2.581952e+36 6.236108e+15 0.4378872
2.683135e+36 6.366018e+15 0.4409875
2.786409e+36 6.496502e+15 0.4440878
2.891782e+36 6.627536e+15 0.4471882
2.999265e+36 6.759097e+15 0.4502885
3.108863e+36 6.891164e+15 0.4533888
3.220587e+36 7.023715e+15 0.4564891
3.334443e+36 7.156729e+15 0.4595894
3.450438e+36 7.290184e+15 0.4626898
3.568580e+36 7.424061e+15 0.4657901
3.688875e+36 7.558339e+15 0.4688904
3.811329e+36 7.692998e+15 0.4719907
3.935949e+36 7.828020e+15 0.4750911
4.062739e+36 7.963385e+15 0.4781914
4.191706e+36 8.099075e+15 0.4812917
4.322855e+36 8.235072e+15 0.484392
4.456189e+36 8.371358e+15 0.4874923
4.591715e+36 8.507915e+15 0.4905927
4.729435e+36 8.644728e+15 0.493693
4.869354e+36 8.781779e+15 0.4967933
5.011476e+36 8.919052e+15 0.4998936
5.155803e+36 9.056532e+15 0.5029939
5.302340e+36 9.194202e+15 0.5060943
5.451090e+36 9.332048e+15 0.5091946
5.602054e+36 9.470054e+15 0.5122949
5.755235e+36 9.608207e+15 0.5153952
5.910636e+36 9.746492e+15 0.5184955
6.068259e+36 9.884896e+15 0.5215959
6.228104e+36 1.002340e+16 0.5246962
6.390175e+36 1.016200e+16 0.5277965
6.554473e+36 1.030068e+16 0.5308968
6.720997e+36 1.043933e+16 0.5351247
6.889745e+36 1.057761e+16 0.5399658
7.060710e+36 1.071548e+16 0.5448068
