6.205206e+32 1.340000e+14
6.445702e+32 1.356242e+14
6.692489e+32 1.372485e+14
6.945653e+32 1.388727e+14
7.205283e+32 1.404970e+14
7.471466e+32 1.421212e+14
7.744289e+32 1.437455e+14
8.023840e+32 1.453697e+14
8.310207e+32 1.469939e+14
8.603478e+32 1.486182e+14
8.903742e+32 1.502424e+14
9.211086e+32 1.518667e+14
9.525601e+32 1.534909e+14
9.847373e+32 1.551152e+14
1.017649e+33 1.567394e+14
1.051305e+33 1.583636e+14
1.085713e+33 1.599879e+14
1.120882e+33 1.616121e+14
1.156822e+33 1.632364e+14
1.193541e+33 1.648606e+14
1.231049e+33 1.664848e+14
1.269354e+33 1.681091e+14
1.308465e+33 1.697333e+14
1.348392e+33 1.713576e+14
1.389142e+33 1.729818e+14
1.430727e+33 1.746061e+14
1.473153e+33 1.762303e+14
1.516431e+33 1.778545e+14
1.560570e+33 1.794788e+14
1.605579e+33 1.811030e+14
1.651466e+33 1.827273e+14
1.698241e+33 1.843515e+14
1.745913e+33 1.859758e+14
1.794491e+33 1.876000e+14
1.843985e+33 1.892242e+14
1.894403e+33 1.908485e+14
1.945755e+33 1.924727e+14
1.998050e+33 1.940970e+14
2.051296e+33 1.957212e+14
2.105504e+33 1.973455e+14
2.160683e+33 1.989697e+14
2.216841e+33 2.005939e+14
2.273988e+33 2.022182e+14
2.332134e+33 2.038424e+14
2.391287e+33 2.054667e+14
2.451457e+33 2.070909e+14
2.512653e+33 2.087152e+14
2.574885e+33 2.103394e+14
2.638161e+33 2.119636e+14
2.702491e+33 2.135879e+14
2.767885e+33 2.152121e+14
2.834351e+33 2.168364e+14
2.901900e+33 2.184606e+14
2.970540e+33 2.200848e+14
3.040282e+33 2.217091e+14
3.111133e+33 2.233333e+14
3.183104e+33 2.249576e+14
3.256205e+33 2.265818e+14
3.330444e+33 2.282061e+14
3.405831e+33 2.298303e+14
3.482375e+33 2.314545e+14
3.560086e+33 2.330788e+14
3.638974e+33 2.347030e+14
3.719048e+33 2.363273e+14
3.800317e+33 2.379515e+14
3.882791e+33 2.395758e+14
3.966479e+33 2.412000e+14
4.051391e+33 2.428242e+14
4.137537e+33 2.444485e+14
4.224925e+33 2.460727e+14
4.313566e+33 2.476970e+14
4.403470e+33 2.493212e+14
4.494645e+33 2.509455e+14
4.587101e+33 2.525697e+14
4.680848e+33 2.541939e+14
4.775895e+33 2.558182e+14
4.872253e+33 2.574424e+14
4.969930e+33 2.590667e+14
5.068937e+33 2.606909e+14
5.169282e+33 2.623152e+14
5.270976e+33 2.639394e+14
5.374028e+33 2.655636e+14
5.478449e+33 2.671879e+14
5.584247e+33 2.688121e+14
5.691432e+33 2.704364e+14
5.800014e+33 2.720606e+14
5.910003e+33 2.736848e+14
6.021408e+33 2.753091e+14
6.134239e+33 2.769333e+14
6.248506e+33 2.785576e+14
6.364219e+33 2.801818e+14
6.481387e+33 2.818061e+14
6.600021e+33 2.834303e+14
6.720129e+33 2.850545e+14
6.841721e+33 2.866788e+14
6.964809e+33 2.883030e+14
7.089400e+33 2.899273e+14
7.215505e+33 2.915515e+14
7.343135e+33 2.931758e+14
7.472297e+33 2.948000e+14
