# Energy Density   Pressure
2.940961e-11 3.021412e-17
2.984861e-10 1.690689e-15
2.980870e-09 7.361193e-14
2.341424e-08 1.715268e-12
2.982295e-08 2.340911e-12
1.187530e-07 1.682264e-11
3.755947e-07 8.270533e-11
7.488235e-07 2.117646e-10
7.759326e-07 2.204779e-10
8.411543e-07 2.374801e-10
1.496450e-06 5.175418e-10
2.372039e-06 9.625517e-10
3.760223e-06 1.787420e-09
4.028464e-06 1.881173e-09
4.366830e-06 2.096171e-09
4.734557e-06 2.275980e-09
5.960029e-06 3.098568e-09
7.503913e-06 4.218251e-09
8.802930e-06 5.223562e-09
9.450016e-06 5.501336e-09
1.498046e-05 1.018645e-08
2.375118e-05 1.885385e-08
3.216899e-05 2.826557e-08
3.596029e-05 3.129798e-08
4.741969e-05 4.527066e-08
5.971147e-05 6.156340e-08
7.873920e-05 8.902416e-08
9.041525e-05 1.017062e-07
1.192348e-04 1.470687e-07
1.501495e-04 1.999599e-07
1.803545e-04 2.552742e-07
1.980082e-04 2.732931e-07
2.792303e-04 4.319922e-07
2.998829e-04 4.708870e-07
3.623394e-04 6.057520e-07
4.000814e-04 6.366651e-07
5.216308e-04 9.063633e-07
5.720294e-04 9.831394e-07
6.722849e-04 1.218947e-06
7.458018e-04 1.399548e-06
8.085435e-04 1.490609e-06
9.723958e-04 1.905593e-06
1.156088e-03 2.399126e-06
1.246310e-03 2.457278e-06
1.428683e-03 2.647089e-06
1.437204e-03 2.656165e-06
1.445776e-03 2.665314e-06
1.454399e-03 2.674535e-06
1.463074e-03 2.683830e-06
1.471800e-03 2.693199e-06
1.480578e-03 2.702642e-06
1.489409e-03 2.712160e-06
1.498292e-03 2.721755e-06
1.507229e-03 2.731425e-06
1.516218e-03 2.741173e-06
1.525261e-03 2.750998e-06
1.534359e-03 2.760902e-06
1.543510e-03 2.770884e-06
1.552716e-03 2.780946e-06
1.561977e-03 2.791087e-06
1.571293e-03 2.801310e-06
1.580665e-03 2.811614e-06
1.590092e-03 2.822000e-06
1.599576e-03 2.832468e-06
1.609117e-03 2.843020e-06
1.618714e-03 2.853656e-06
1.628369e-03 2.864377e-06
1.638081e-03 2.875183e-06
1.647851e-03 2.886075e-06
1.657679e-03 2.897054e-06
1.667566e-03 2.908120e-06
1.677512e-03 2.919274e-06
1.687517e-03 2.930517e-06
1.697582e-03 2.941849e-06
1.707707e-03 2.953272e-06
1.717892e-03 2.964786e-06
1.728138e-03 2.976391e-06
1.738446e-03 2.988088e-06
1.748814e-03 2.999879e-06
1.759245e-03 3.011764e-06
1.769738e-03 3.023743e-06
1.780293e-03 3.035818e-06
1.790911e-03 3.047988e-06
1.801593e-03 3.060256e-06
1.812338e-03 3.072621e-06
1.823147e-03 3.085085e-06
1.834021e-03 3.097648e-06
1.844960e-03 3.110310e-06
1.855964e-03 3.123074e-06
1.867034e-03 3.135939e-06
1.878169e-03 3.148907e-06
1.889371e-03 3.161978e-06
1.900640e-03 3.175153e-06
1.911976e-03 3.188433e-06
1.923380e-03 3.201818e-06
1.934851e-03 3.215310e-06
1.946391e-03 3.228910e-06
1.958000e-03 3.242618e-06
1.969679e-03 3.256435e-06
1.981426e-03 3.270362e-06
1.993244e-03 3.284399e-06
2.005133e-03 3.298549e-06
2.017092e-03 3.312811e-06
2.029123e-03 3.327186e-06
2.041225e-03 3.341677e-06
2.053399e-03 3.356282e-06
2.065647e-03 3.371004e-06
2.077967e-03 3.385843e-06
2.090360e-03 3.400800e-06
2.102828e-03 3.415876e-06
2.115370e-03 3.431072e-06
2.127987e-03 3.446389e-06
2.140679e-03 3.461828e-06
2.153447e-03 3.477390e-06
2.166290e-03 3.493075e-06
2.179211e-03 3.508886e-06
2.192208e-03 3.524822e-06
2.205283e-03 3.540886e-06
2.218437e-03 3.557077e-06
2.231668e-03 3.573397e-06
2.244978e-03 3.589847e-06
2.258368e-03 3.606428e-06
2.271838e-03 3.623141e-06
2.285388e-03 3.639987e-06
2.299019e-03 3.656967e-06
2.312731e-03 3.674082e-06
2.326525e-03 3.691334e-06
2.340401e-03 3.708723e-06
2.354360e-03 3.726250e-06
2.368402e-03 3.743917e-06
2.382528e-03 3.761724e-06
2.396738e-03 3.779673e-06
2.411033e-03 3.797765e-06
2.425413e-03 3.816001e-06
2.439879e-03 3.834382e-06
2.454431e-03 3.852910e-06
2.469071e-03 3.871585e-06
2.483797e-03 3.890409e-06
2.498611e-03 3.909382e-06
2.513514e-03 3.928507e-06
2.528505e-03 3.947783e-06
2.543586e-03 3.967214e-06
2.558757e-03 3.986799e-06
2.574018e-03 4.006539e-06
2.589370e-03 4.026437e-06
2.604814e-03 4.046494e-06
2.620350e-03 4.066710e-06
2.635979e-03 4.087087e-06
2.651701e-03 4.107626e-06
2.667516e-03 4.128328e-06
2.683426e-03 4.149196e-06
2.699431e-03 4.170229e-06
2.715531e-03 4.191430e-06
2.731728e-03 4.212800e-06
2.748021e-03 4.234340e-06
2.764411e-03 4.256051e-06
2.780899e-03 4.277936e-06
2.797485e-03 4.299994e-06
2.814170e-03 4.322228e-06
2.830955e-03 4.344639e-06
2.847839e-03 4.367228e-06
2.864825e-03 4.389997e-06
2.881912e-03 4.412948e-06
2.899100e-03 4.436081e-06
2.916391e-03 4.459398e-06
2.933786e-03 4.482901e-06
2.951284e-03 4.506591e-06
2.968886e-03 4.530469e-06
2.986594e-03 4.554538e-06
3.004407e-03 4.578798e-06
3.022326e-03 4.603252e-06
3.040352e-03 4.627900e-06
3.058486e-03 4.652744e-06
3.076728e-03 4.677786e-06
3.095078e-03 4.703027e-06
3.113538e-03 4.728469e-06
3.132108e-03 4.754114e-06
3.150789e-03 4.779963e-06
3.169582e-03 4.806018e-06
3.188486e-03 4.832280e-06
3.207503e-03 4.858751e-06
3.226634e-03 4.885433e-06
3.245879e-03 4.912327e-06
3.265238e-03 4.939435e-06
3.284713e-03 4.966759e-06
3.304304e-03 4.994301e-06
3.324012e-03 5.022062e-06
3.343838e-03 5.050044e-06
3.363782e-03 5.078248e-06
3.383844e-03 5.106678e-06
3.404027e-03 5.135333e-06
3.424329e-03 5.164217e-06
3.444753e-03 5.193330e-06
3.465299e-03 5.222675e-06
3.485967e-03 5.252254e-06
3.506759e-03 5.282068e-06
3.527674e-03 5.312120e-06
3.548714e-03 5.342411e-06
3.569880e-03 5.372943e-06
3.591172e-03 5.403718e-06
3.612591e-03 5.434738e-06
3.634138e-03 5.466004e-06
3.655813e-03 5.497520e-06
3.677617e-03 5.529287e-06
3.699552e-03 5.561307e-06
3.721617e-03 5.593581e-06
3.743814e-03 5.626112e-06
3.766143e-03 5.658903e-06
3.788606e-03 5.691954e-06
3.811202e-03 5.725268e-06
3.833934e-03 5.758848e-06
3.856801e-03 5.792695e-06
3.879804e-03 5.826811e-06
3.902944e-03 5.861199e-06
3.926223e-03 5.895861e-06
3.949640e-03 5.930798e-06
3.973197e-03 5.966014e-06
3.996894e-03 6.001510e-06
4.020733e-03 6.037289e-06
4.044714e-03 6.073352e-06
4.068838e-03 6.109703e-06
4.093106e-03 6.146343e-06
4.117519e-03 6.183274e-06
4.142077e-03 6.220500e-06
4.166782e-03 6.258021e-06
4.191634e-03 6.295842e-06
4.216634e-03 6.333964e-06
4.241784e-03 6.372389e-06
4.267083e-03 6.411119e-06
4.292533e-03 6.450159e-06
4.318135e-03 6.489509e-06
4.343890e-03 6.529172e-06
4.369799e-03 6.569151e-06
4.395862e-03 6.609448e-06
4.422080e-03 6.650066e-06
4.448455e-03 6.691007e-06
4.474987e-03 6.732275e-06
4.501677e-03 6.773870e-06
4.528527e-03 6.815797e-06
4.555536e-03 6.858058e-06
4.582707e-03 6.900655e-06
4.610040e-03 6.943591e-06
4.637536e-03 6.986869e-06
4.665195e-03 7.030491e-06
4.693020e-03 7.074461e-06
4.721011e-03 7.118781e-06
4.749168e-03 7.163453e-06
4.777494e-03 7.208481e-06
4.805989e-03 7.253868e-06
4.834653e-03 7.299615e-06
4.863489e-03 7.345727e-06
4.892496e-03 7.392206e-06
4.921677e-03 7.439055e-06
4.951031e-03 7.486277e-06
4.980561e-03 7.533875e-06
5.010266e-03 7.581852e-06
5.040149e-03 7.630211e-06
5.070210e-03 7.678954e-06
5.100451e-03 7.728086e-06
5.130872e-03 7.777608e-06
5.161474e-03 7.827525e-06
5.192259e-03 7.877840e-06
5.223227e-03 7.928555e-06
5.254380e-03 7.979673e-06
5.285719e-03 8.031198e-06
5.317245e-03 8.083134e-06
5.348959e-03 8.135483e-06
5.380861e-03 8.188249e-06
5.412955e-03 8.241435e-06
5.445239e-03 8.295044e-06
5.477717e-03 8.349080e-06
5.510388e-03 8.403546e-06
5.543253e-03 8.458445e-06
5.576315e-03 8.513782e-06
5.609574e-03 8.569559e-06
5.643031e-03 8.625780e-06
5.676688e-03 8.682449e-06
5.710546e-03 8.739569e-06
5.744606e-03 8.797143e-06
5.778868e-03 8.855176e-06
5.813335e-03 8.913671e-06
5.848008e-03 8.972631e-06
5.882888e-03 9.032061e-06
5.917975e-03 9.091964e-06
5.953272e-03 9.152343e-06
5.988779e-03 9.213204e-06
6.024498e-03 9.274548e-06
6.060430e-03 9.336381e-06
6.096577e-03 9.398707e-06
6.132939e-03 9.461528e-06
6.169518e-03 9.524850e-06
6.206315e-03 9.588675e-06
6.243331e-03 9.653009e-06
6.280569e-03 9.717855e-06
6.318028e-03 9.783217e-06
6.355711e-03 9.849099e-06
6.393618e-03 9.915506e-06
6.431752e-03 9.982441e-06
6.470113e-03 1.004991e-05
6.508703e-03 1.011791e-05
6.547523e-03 1.018646e-05
6.586575e-03 1.025555e-05
6.625859e-03 1.032520e-05
6.665378e-03 1.039539e-05
6.705133e-03 1.046615e-05
6.745124e-03 1.053747e-05
6.785354e-03 1.060935e-05
6.825824e-03 1.068181e-05
6.866536e-03 1.075485e-05
6.907490e-03 1.082846e-05
6.948689e-03 1.090267e-05
6.990133e-03 1.097746e-05
7.031825e-03 1.105285e-05
7.073765e-03 1.112884e-05
7.115955e-03 1.120543e-05
7.158397e-03 1.128263e-05
7.201092e-03 1.136045e-05
7.244042e-03 1.143889e-05
7.287248e-03 1.151795e-05
7.330711e-03 1.159764e-05
7.374434e-03 1.167797e-05
7.418418e-03 1.175893e-05
7.462663e-03 1.184054e-05
7.507173e-03 1.192280e-05
7.551949e-03 1.200572e-05
7.596991e-03 1.208929e-05
7.642302e-03 1.217353e-05
7.687883e-03 1.225844e-05
7.733736e-03 1.234403e-05
7.779863e-03 1.243029e-05
7.826264e-03 1.251725e-05
7.872943e-03 1.260489e-05
7.919900e-03 1.269324e-05
7.967137e-03 1.278228e-05
8.014655e-03 1.287204e-05
8.062457e-03 1.296251e-05
8.110544e-03 1.305370e-05
8.158918e-03 1.314562e-05
8.207581e-03 1.323827e-05
8.256534e-03 1.333165e-05
8.305778e-03 1.342578e-05
8.355317e-03 1.352066e-05
8.405151e-03 1.361629e-05
8.455282e-03 1.371269e-05
8.505712e-03 1.380985e-05
8.556443e-03 1.390779e-05
8.607476e-03 1.400650e-05
8.658814e-03 1.410600e-05
8.710458e-03 1.420629e-05
8.762410e-03 1.430739e-05
8.814672e-03 1.440928e-05
8.867246e-03 1.451199e-05
8.920133e-03 1.461551e-05
8.973336e-03 1.471986e-05
9.026856e-03 1.482504e-05
9.080695e-03 1.493106e-05
9.134855e-03 1.503792e-05
9.189338e-03 1.514563e-05
9.244147e-03 1.525420e-05
9.299282e-03 1.536363e-05
9.354746e-03 1.547394e-05
9.410541e-03 1.558512e-05
9.466668e-03 1.569719e-05
9.523131e-03 1.581015e-05
9.579930e-03 1.592401e-05
9.637068e-03 1.603877e-05
9.694546e-03 1.615445e-05
9.752368e-03 1.627105e-05
9.810534e-03 1.638858e-05
9.869047e-03 1.650704e-05
9.927910e-03 1.662645e-05
9.987123e-03 1.674680e-05
1.004669e-02 1.686812e-05
1.010661e-02 1.699040e-05
1.016689e-02 1.711365e-05
1.022753e-02 1.723789e-05
1.028853e-02 1.736311e-05
1.034989e-02 1.748933e-05
1.041162e-02 1.761656e-05
1.047372e-02 1.774480e-05
1.053619e-02 1.787405e-05
1.059903e-02 1.800434e-05
1.066225e-02 1.813567e-05
1.072584e-02 1.826804e-05
1.078981e-02 1.840146e-05
1.085417e-02 1.853595e-05
1.091891e-02 1.867151e-05
1.098403e-02 1.880814e-05
1.104954e-02 1.894587e-05
1.111545e-02 1.908469e-05
1.118174e-02 1.922461e-05
1.124843e-02 1.936565e-05
1.131552e-02 1.950781e-05
1.138301e-02 1.965111e-05
1.145090e-02 1.979554e-05
1.151920e-02 1.994112e-05
1.158791e-02 2.008787e-05
1.165702e-02 2.023578e-05
1.172655e-02 2.038486e-05
1.179649e-02 2.053514e-05
1.186685e-02 2.068661e-05
1.193762e-02 2.083929e-05
1.200882e-02 2.099318e-05
1.208045e-02 2.114830e-05
1.215250e-02 2.130465e-05
1.222498e-02 2.146225e-05
1.229790e-02 2.162110e-05
1.237124e-02 2.178121e-05
1.244503e-02 2.194260e-05
1.251926e-02 2.210528e-05
1.259393e-02 2.226925e-05
1.266904e-02 2.243452e-05
1.274460e-02 2.260111e-05
1.282062e-02 2.276903e-05
1.289708e-02 2.293829e-05
1.297400e-02 2.310889e-05
1.305139e-02 2.328085e-05
1.312923e-02 2.345417e-05
1.320754e-02 2.362888e-05
1.328631e-02 2.380498e-05
1.336555e-02 2.398248e-05
1.344527e-02 2.416139e-05
1.352546e-02 2.434173e-05
1.360613e-02 2.452350e-05
1.368728e-02 2.470672e-05
1.376892e-02 2.489140e-05
1.385104e-02 2.507755e-05
1.393365e-02 2.526518e-05
1.401676e-02 2.545430e-05
1.410036e-02 2.564493e-05
1.418446e-02 2.583708e-05
1.426906e-02 2.603076e-05
1.435417e-02 2.622598e-05
1.443978e-02 2.642275e-05
1.452590e-02 2.662109e-05
1.461254e-02 2.682100e-05
1.469969e-02 2.702251e-05
1.478737e-02 2.722563e-05
1.487556e-02 2.743036e-05
1.496429e-02 2.763671e-05
1.505354e-02 2.784472e-05
1.514332e-02 2.805437e-05
1.523364e-02 2.826570e-05
1.532450e-02 2.847871e-05
1.541590e-02 2.869342e-05
1.550785e-02 2.890983e-05
1.560034e-02 2.912797e-05
1.569339e-02 2.934784e-05
1.578699e-02 2.956946e-05
1.588115e-02 2.979285e-05
1.597587e-02 3.001802e-05
1.607115e-02 3.024497e-05
1.616701e-02 3.047374e-05
1.626343e-02 3.070432e-05
1.636043e-02 3.093675e-05
1.645801e-02 3.117102e-05
1.655617e-02 3.140715e-05
1.665492e-02 3.164517e-05
1.675425e-02 3.188508e-05
1.685418e-02 3.212690e-05
1.695471e-02 3.237065e-05
1.705583e-02 3.261633e-05
1.715756e-02 3.286397e-05
1.725989e-02 3.311359e-05
1.736283e-02 3.336519e-05
1.746639e-02 3.361879e-05
1.757057e-02 3.387441e-05
1.767536e-02 3.413207e-05
1.778078e-02 3.439177e-05
1.788683e-02 3.465355e-05
1.799352e-02 3.491741e-05
1.810084e-02 3.518337e-05
1.820880e-02 3.545144e-05
1.831740e-02 3.572165e-05
1.842665e-02 3.599401e-05
1.853655e-02 3.626854e-05
1.864711e-02 3.654526e-05
1.875833e-02 3.682417e-05
1.887021e-02 3.710531e-05
1.898276e-02 3.738869e-05
1.909598e-02 3.767432e-05
1.920987e-02 3.796222e-05
1.932445e-02 3.825242e-05
1.943970e-02 3.854493e-05
1.955565e-02 3.883976e-05
1.967229e-02 3.913694e-05
1.978962e-02 3.943649e-05
1.990765e-02 3.973842e-05
2.002639e-02 4.004276e-05
2.014583e-02 4.034952e-05
2.026599e-02 4.065872e-05
2.038686e-02 4.097038e-05
2.050845e-02 4.128452e-05
2.063077e-02 4.160117e-05
2.075382e-02 4.192033e-05
2.087760e-02 4.224203e-05
2.100212e-02 4.256630e-05
2.112739e-02 4.289315e-05
2.125340e-02 4.322260e-05
2.138016e-02 4.355467e-05
2.150768e-02 4.388938e-05
2.163596e-02 4.422676e-05
2.176500e-02 4.456682e-05
2.189482e-02 4.490960e-05
2.202540e-02 4.525510e-05
2.215677e-02 4.560335e-05
2.228892e-02 4.595437e-05
2.242186e-02 4.630819e-05
2.255559e-02 4.666482e-05
2.269012e-02 4.702429e-05
2.282545e-02 4.738662e-05
2.296159e-02 4.775184e-05
2.309854e-02 4.811997e-05
2.323631e-02 4.849102e-05
2.337490e-02 4.886503e-05
2.351431e-02 4.924202e-05
2.365456e-02 4.962201e-05
2.379564e-02 5.000502e-05
2.393757e-02 5.039108e-05
2.408034e-02 5.078022e-05
2.422396e-02 5.117245e-05
2.436844e-02 5.156780e-05
2.451378e-02 5.196630e-05
2.465999e-02 5.236798e-05
2.480707e-02 5.277285e-05
2.495503e-02 5.318094e-05
2.510387e-02 5.359229e-05
2.525360e-02 5.400690e-05
2.540422e-02 5.442482e-05
2.555574e-02 5.484607e-05
2.570816e-02 5.527066e-05
2.586149e-02 5.569864e-05
2.601574e-02 5.613003e-05
2.617091e-02 5.656485e-05
2.632700e-02 5.700313e-05
2.648402e-02 5.744489e-05
2.664198e-02 5.789018e-05
2.680088e-02 5.833901e-05
2.696073e-02 5.879141e-05
2.712154e-02 5.924742e-05
2.728330e-02 5.970705e-05
2.744602e-02 6.017034e-05
2.760972e-02 6.063732e-05
2.777439e-02 6.110802e-05
2.794005e-02 6.158247e-05
2.810669e-02 6.206069e-05
2.827433e-02 6.254272e-05
2.844297e-02 6.302858e-05
2.861261e-02 6.351832e-05
2.878327e-02 6.401195e-05
2.895494e-02 6.450951e-05
2.912764e-02 6.501103e-05
2.930136e-02 6.551655e-05
2.947613e-02 6.602608e-05
2.965193e-02 6.653968e-05
2.982879e-02 6.705736e-05
3.000670e-02 6.757917e-05
3.018567e-02 6.810512e-05
3.036570e-02 6.863527e-05
3.054681e-02 6.916963e-05
3.072901e-02 6.970825e-05
3.091228e-02 7.025116e-05
3.109665e-02 7.079838e-05
3.128213e-02 7.134997e-05
3.146870e-02 7.190594e-05
3.165639e-02 7.246634e-05
3.184520e-02 7.303120e-05
3.203514e-02 7.360056e-05
3.222621e-02 7.417445e-05
3.241841e-02 7.475291e-05
3.261177e-02 7.533597e-05
3.280627e-02 7.592368e-05
3.300194e-02 7.651606e-05
3.319878e-02 7.711316e-05
3.339679e-02 7.771501e-05
3.359597e-02 7.832165e-05
3.379635e-02 7.893312e-05
3.399793e-02 7.954946e-05
3.420070e-02 8.017071e-05
3.440468e-02 8.079690e-05
3.460989e-02 8.142807e-05
3.481631e-02 8.206427e-05
3.502397e-02 8.270553e-05
3.523286e-02 8.335190e-05
3.544300e-02 8.400342e-05
3.565440e-02 8.466012e-05
3.586705e-02 8.532204e-05
3.608097e-02 8.598924e-05
3.629617e-02 8.666175e-05
3.651265e-02 8.733961e-05
3.673043e-02 8.802287e-05
3.694950e-02 8.871156e-05
3.716988e-02 8.940574e-05
3.739157e-02 9.010545e-05
3.761459e-02 9.081072e-05
3.783893e-02 9.152161e-05
3.806462e-02 9.223816e-05
3.829165e-02 9.296041e-05
3.852003e-02 9.368841e-05
3.874978e-02 9.442221e-05
3.898090e-02 9.516184e-05
3.921339e-02 9.590737e-05
3.944727e-02 9.665883e-05
3.968255e-02 9.741627e-05
3.991923e-02 9.817974e-05
4.015732e-02 9.894929e-05
4.039683e-02 9.972496e-05
4.063777e-02 1.005068e-04
4.088015e-02 1.012949e-04
4.112397e-02 1.020892e-04
4.136925e-02 1.028899e-04
4.161599e-02 1.036969e-04
4.186420e-02 1.045104e-04
4.211389e-02 1.053304e-04
4.236507e-02 1.061568e-04
4.261775e-02 1.069899e-04
4.287194e-02 1.078296e-04
4.312764e-02 1.086759e-04
4.338487e-02 1.095290e-04
4.364363e-02 1.103889e-04
4.390394e-02 1.112556e-04
4.416579e-02 1.121293e-04
4.442921e-02 1.130099e-04
4.469420e-02 1.138975e-04
4.496078e-02 1.147921e-04
4.522894e-02 1.156939e-04
4.549870e-02 1.166029e-04
4.577007e-02 1.175191e-04
4.604305e-02 1.184426e-04
4.631767e-02 1.193734e-04
4.659392e-02 1.203117e-04
4.687183e-02 1.212574e-04
4.715139e-02 1.222107e-04
4.743261e-02 1.231715e-04
4.771552e-02 1.241400e-04
4.800011e-02 1.251162e-04
4.828640e-02 1.261002e-04
4.857439e-02 1.270920e-04
4.886411e-02 1.280917e-04
4.915555e-02 1.290994e-04
4.944873e-02 1.301150e-04
4.974366e-02 1.311388e-04
5.004034e-02 1.321707e-04
5.033880e-02 1.332108e-04
5.063904e-02 1.342592e-04
5.094107e-02 1.353160e-04
5.124490e-02 1.363812e-04
5.155054e-02 1.374548e-04
5.185800e-02 1.385370e-04
5.216730e-02 1.396278e-04
5.247844e-02 1.407273e-04
5.279144e-02 1.418355e-04
5.310631e-02 1.429526e-04
5.342305e-02 1.440786e-04
5.374168e-02 1.452135e-04
5.406222e-02 1.463574e-04
5.438466e-02 1.475105e-04
5.470903e-02 1.486727e-04
5.503533e-02 1.498442e-04
5.536358e-02 1.510250e-04
5.569379e-02 1.522152e-04
5.602597e-02 1.534149e-04
5.636012e-02 1.546242e-04
5.669627e-02 1.558430e-04
5.703443e-02 1.570716e-04
5.737460e-02 1.583100e-04
5.771680e-02 1.595582e-04
5.806104e-02 1.608163e-04
5.840734e-02 1.620845e-04
5.875570e-02 1.633627e-04
5.910614e-02 1.646511e-04
5.945867e-02 1.659498e-04
5.981330e-02 1.672588e-04
6.017005e-02 1.685783e-04
6.052892e-02 1.699082e-04
6.088993e-02 1.712488e-04
6.125310e-02 1.726000e-04
6.161844e-02 1.739619e-04
6.198595e-02 1.753347e-04
6.235565e-02 1.767185e-04
6.272756e-02 1.781132e-04
6.310169e-02 1.795190e-04
6.347805e-02 1.809361e-04
6.385666e-02 1.823644e-04
6.423752e-02 1.838041e-04
6.462065e-02 1.852552e-04
6.500607e-02 1.867179e-04
6.539379e-02 1.881923e-04
6.578382e-02 1.896783e-04
6.617618e-02 1.911763e-04
6.657087e-02 1.926861e-04
6.696792e-02 1.942079e-04
6.736734e-02 1.957419e-04
6.776914e-02 1.972881e-04
6.817334e-02 1.988466e-04
6.857995e-02 2.004175e-04
6.898898e-02 2.020008e-04
6.940046e-02 2.035968e-04
6.981438e-02 2.052056e-04
7.023078e-02 2.068271e-04
7.064966e-02 2.084615e-04
7.107104e-02 2.101089e-04
7.149493e-02 2.117695e-04
7.192135e-02 2.134432e-04
7.235031e-02 2.151303e-04
7.278183e-02 2.168308e-04
7.321593e-02 2.185449e-04
7.365261e-02 2.202726e-04
7.409190e-02 2.220140e-04
7.453381e-02 2.237693e-04
7.497835e-02 2.255386e-04
7.542555e-02 2.273220e-04
7.587541e-02 2.291195e-04
7.632796e-02 2.309314e-04
7.678320e-02 2.327577e-04
7.724116e-02 2.345985e-04
7.770186e-02 2.364540e-04
7.816530e-02 2.383243e-04
7.863150e-02 2.402094e-04
7.910048e-02 2.421096e-04
7.957227e-02 2.440249e-04
8.004686e-02 2.459554e-04
8.052429e-02 2.479013e-04
8.100456e-02 2.498627e-04
8.148770e-02 2.518397e-04
8.197372e-02 2.538324e-04
8.246264e-02 2.558410e-04
8.295447e-02 2.578656e-04
8.344924e-02 2.599063e-04
8.394696e-02 2.619632e-04
8.444765e-02 2.640365e-04
8.495132e-02 2.661264e-04
8.545800e-02 2.682328e-04
8.596770e-02 2.703561e-04
8.648044e-02 2.724962e-04
8.699624e-02 2.746534e-04
8.751511e-02 2.768277e-04
8.803708e-02 2.790193e-04
8.856216e-02 2.812284e-04
8.909038e-02 2.834551e-04
8.962174e-02 2.856995e-04
9.015627e-02 2.879618e-04
9.069400e-02 2.902421e-04
9.123493e-02 2.925405e-04
9.177908e-02 2.948572e-04
9.232648e-02 2.971924e-04
9.287715e-02 2.995461e-04
9.343110e-02 3.019186e-04
9.398835e-02 3.043100e-04
9.454893e-02 3.067204e-04
9.511285e-02 3.091500e-04
9.568014e-02 3.115990e-04
9.625080e-02 3.140674e-04
9.682488e-02 3.165555e-04
9.740237e-02 3.190634e-04
9.798331e-02 3.215912e-04
9.856772e-02 3.241392e-04
9.915561e-02 3.267075e-04
9.974700e-02 3.292962e-04
1.003419e-01 3.319055e-04
1.009404e-01 3.345356e-04
1.015424e-01 3.371866e-04
1.021481e-01 3.398587e-04
1.027573e-01 3.425521e-04
1.033702e-01 3.452670e-04
1.039867e-01 3.480034e-04
1.046069e-01 3.507616e-04
1.052309e-01 3.535418e-04
1.058585e-01 3.563441e-04
1.064899e-01 3.591688e-04
1.071250e-01 3.620159e-04
1.077639e-01 3.648857e-04
1.084067e-01 3.677783e-04
1.090532e-01 3.706939e-04
1.097037e-01 3.736328e-04
1.103580e-01 3.765950e-04
1.110162e-01 3.795808e-04
1.116783e-01 3.825904e-04
1.123444e-01 3.856240e-04
1.130145e-01 3.886817e-04
1.136885e-01 3.917637e-04
1.143666e-01 3.948703e-04
1.150487e-01 3.980016e-04
1.157349e-01 4.011578e-04
1.164252e-01 4.043392e-04
1.171196e-01 4.075459e-04
1.178181e-01 4.107781e-04
1.185208e-01 4.140360e-04
1.192277e-01 4.173199e-04
1.199389e-01 4.206299e-04
1.206542e-01 4.239663e-04
1.213738e-01 4.273292e-04
1.220978e-01 4.307189e-04
1.228260e-01 4.341356e-04
1.235586e-01 4.375794e-04
1.242955e-01 4.410507e-04
1.250368e-01 4.445496e-04
1.257826e-01 4.480764e-04
1.265328e-01 4.516312e-04
1.272875e-01 4.552144e-04
1.280467e-01 4.588260e-04
1.288104e-01 4.624665e-04
1.295787e-01 4.661359e-04
1.303515e-01 4.698345e-04
1.311290e-01 4.735625e-04
1.319111e-01 4.773202e-04
1.326978e-01 4.811079e-04
1.334893e-01 4.849256e-04
1.342855e-01 4.887738e-04
1.350864e-01 4.926526e-04
1.358921e-01 4.965623e-04
1.367026e-01 5.005031e-04
1.375179e-01 5.044753e-04
1.383381e-01 5.084791e-04
1.391632e-01 5.125148e-04
1.399932e-01 5.165826e-04
1.408282e-01 5.206827e-04
1.416682e-01 5.248156e-04
1.425131e-01 5.289813e-04
1.433631e-01 5.331802e-04
1.442182e-01 5.374125e-04
1.450783e-01 5.416784e-04
1.459436e-01 5.459784e-04
1.468141e-01 5.503126e-04
1.476897e-01 5.546812e-04
1.485706e-01 5.590847e-04
1.494567e-01 5.635232e-04
1.503481e-01 5.679970e-04
1.512449e-01 5.725065e-04
1.521469e-01 5.770518e-04
1.530544e-01 5.816334e-04
1.539673e-01 5.862514e-04
1.548856e-01 5.909061e-04
1.558094e-01 5.955980e-04
1.567387e-01 6.003271e-04
1.576735e-01 6.050939e-04
1.586139e-01 6.098987e-04
1.595599e-01 6.147417e-04
1.605116e-01 6.196233e-04
1.614690e-01 6.245437e-04
1.624320e-01 6.295033e-04
1.634008e-01 6.345023e-04
1.643754e-01 6.395412e-04
1.653558e-01 6.446201e-04
1.663420e-01 6.497395e-04
1.673341e-01 6.548997e-04
1.683322e-01 6.601009e-04
1.693362e-01 6.653436e-04
1.703461e-01 6.706279e-04
1.713621e-01 6.759543e-04
1.723842e-01 6.813232e-04
1.734124e-01 6.867347e-04
1.744466e-01 6.921894e-04
1.754871e-01 6.976875e-04
1.765338e-01 7.032293e-04
1.775867e-01 7.088152e-04
1.786459e-01 7.144456e-04
1.797114e-01 7.201209e-04
1.807832e-01 7.258413e-04
1.818615e-01 7.316072e-04
1.829462e-01 7.374191e-04
1.840373e-01 7.432772e-04
1.851350e-01 7.491819e-04
1.862392e-01 7.551337e-04
1.873500e-01 7.611328e-04
1.884674e-01 7.671797e-04
1.895915e-01 7.732747e-04
1.907223e-01 7.794182e-04
1.918598e-01 7.856107e-04
1.930041e-01 7.918524e-04
1.941552e-01 7.981438e-04
1.953132e-01 8.044853e-04
1.964782e-01 8.108773e-04
1.976500e-01 8.173202e-04
1.988289e-01 8.238143e-04
2.000147e-01 8.303601e-04
2.012077e-01 8.369581e-04
2.024078e-01 8.436086e-04
2.036150e-01 8.503120e-04
2.048294e-01 8.570688e-04
2.060511e-01 8.638793e-04
2.072801e-01 8.707441e-04
2.085163e-01 8.776635e-04
2.097600e-01 8.846380e-04
2.110111e-01 8.916680e-04
2.122696e-01 8.987540e-04
2.135357e-01 9.058964e-04
2.148093e-01 9.130957e-04
2.160905e-01 9.203522e-04
2.173793e-01 9.276665e-04
2.186758e-01 9.350391e-04
2.199801e-01 9.424703e-04
2.212921e-01 9.499607e-04
2.226120e-01 9.575107e-04
2.239397e-01 9.651208e-04
2.252754e-01 9.727915e-04
2.266190e-01 9.805233e-04
2.279706e-01 9.883166e-04
2.293303e-01 9.961719e-04
2.306981e-01 1.004090e-03
2.320741e-01 1.012071e-03
2.334582e-01 1.020115e-03
2.348506e-01 1.028224e-03
2.362514e-01 1.036397e-03
2.376605e-01 1.044635e-03
2.390779e-01 1.052938e-03
2.405039e-01 1.061308e-03
2.419383e-01 1.069744e-03
2.433813e-01 1.078248e-03
2.448329e-01 1.086819e-03
2.462932e-01 1.095459e-03
2.477622e-01 1.104167e-03
2.492399e-01 1.112944e-03
2.507265e-01 1.121792e-03
2.522219e-01 1.130710e-03
2.537262e-01 1.139699e-03
2.552395e-01 1.148759e-03
2.567618e-01 1.157891e-03
2.582933e-01 1.167097e-03
2.598338e-01 1.176375e-03
2.613835e-01 1.185727e-03
2.629425e-01 1.195154e-03
2.645108e-01 1.204656e-03
2.660884e-01 1.214234e-03
2.676755e-01 1.223887e-03
2.692720e-01 1.233618e-03
2.708780e-01 1.243426e-03
2.724936e-01 1.253312e-03
2.741188e-01 1.263277e-03
2.757538e-01 1.273321e-03
2.773985e-01 1.283445e-03
2.790530e-01 1.293650e-03
2.807173e-01 1.303935e-03
2.823916e-01 1.314303e-03
2.840759e-01 1.324754e-03
2.857702e-01 1.335287e-03
2.874747e-01 1.345904e-03
2.891892e-01 1.356606e-03
2.909141e-01 1.367393e-03
2.926492e-01 1.378266e-03
2.943946e-01 1.389226e-03
2.961505e-01 1.400272e-03
2.979168e-01 1.411407e-03
2.996937e-01 1.422630e-03
3.014812e-01 1.433943e-03
3.032793e-01 1.445346e-03
3.050882e-01 1.456839e-03
3.069078e-01 1.468424e-03
3.087383e-01 1.480101e-03
3.105797e-01 1.491871e-03
3.124321e-01 1.503735e-03
3.142956e-01 1.515693e-03
3.161702e-01 1.527747e-03
3.180559e-01 1.539896e-03
3.199529e-01 1.552142e-03
3.218612e-01 1.564486e-03
3.237809e-01 1.576928e-03
3.257120e-01 1.589469e-03
3.276547e-01 1.602109e-03
3.296089e-01 1.614851e-03
3.315748e-01 1.627693e-03
3.335524e-01 1.640638e-03
3.355419e-01 1.653686e-03
3.375431e-01 1.666838e-03
3.395564e-01 1.680095e-03
3.415816e-01 1.693457e-03
3.436189e-01 1.706926e-03
3.456684e-01 1.720501e-03
3.477300e-01 1.734185e-03
3.498040e-01 1.747978e-03
3.518904e-01 1.761880e-03
3.539892e-01 1.775893e-03
3.561005e-01 1.790018e-03
3.582244e-01 1.804255e-03
3.603609e-01 1.818606e-03
3.625102e-01 1.833070e-03
3.646724e-01 1.847650e-03
3.668474e-01 1.862346e-03
3.690354e-01 1.877159e-03
3.712365e-01 1.892090e-03
3.734506e-01 1.907140e-03
3.756780e-01 1.922309e-03
3.779187e-01 1.937599e-03
3.801727e-01 1.953011e-03
3.824402e-01 1.968546e-03
3.847212e-01 1.984204e-03
3.870158e-01 1.999987e-03
3.893241e-01 2.015896e-03
3.916461e-01 2.031931e-03
3.939821e-01 2.048094e-03
3.963319e-01 2.064385e-03
3.986957e-01 2.080807e-03
4.010737e-01 2.097358e-03
4.034658e-01 2.114042e-03
4.058722e-01 2.130859e-03
4.082930e-01 2.147809e-03
4.107282e-01 2.164894e-03
4.131779e-01 2.182116e-03
4.156422e-01 2.199474e-03
4.181213e-01 2.216971e-03
4.206151e-01 2.234606e-03
4.231238e-01 2.252383e-03
4.256474e-01 2.270300e-03
4.281861e-01 2.288361e-03
4.307400e-01 2.306565e-03
4.333090e-01 2.324914e-03
4.358934e-01 2.343409e-03
4.384933e-01 2.362051e-03
4.411086e-01 2.380842e-03
4.437395e-01 2.399782e-03
4.463861e-01 2.418873e-03
4.490485e-01 2.438117e-03
4.517268e-01 2.457513e-03
4.544210e-01 2.477063e-03
4.571313e-01 2.496770e-03
4.598578e-01 2.516633e-03
4.626006e-01 2.536654e-03
4.653597e-01 2.556835e-03
4.681352e-01 2.577176e-03
4.709274e-01 2.597679e-03
4.737361e-01 2.618346e-03
4.765616e-01 2.639176e-03
4.794040e-01 2.660173e-03
4.822633e-01 2.681337e-03
4.851397e-01 2.702669e-03
4.880332e-01 2.724172e-03
4.909440e-01 2.745845e-03
4.938722e-01 2.767691e-03
4.968178e-01 2.789711e-03
4.997810e-01 2.811906e-03
5.027619e-01 2.834277e-03
5.057605e-01 2.856827e-03
5.087770e-01 2.879556e-03
5.118115e-01 2.902467e-03
5.148642e-01 2.925559e-03
5.179350e-01 2.948836e-03
5.210241e-01 2.972297e-03
5.241317e-01 2.995946e-03
5.272578e-01 3.019783e-03
5.304025e-01 3.043809e-03
5.335660e-01 3.068027e-03
5.367484e-01 3.092438e-03
5.399497e-01 3.117042e-03
5.431702e-01 3.141843e-03
7.647186e-01 1.266495e-02
8.017966e-01 1.528438e-02
8.390009e-01 1.821015e-02
8.763410e-01 2.145515e-02
9.138247e-01 2.502764e-02
9.514569e-01 2.893876e-02
9.892457e-01 3.319795e-02
1.027198e+00 3.781436e-02
1.065321e+00 4.279550e-02
1.103628e+00 4.815135e-02
1.142116e+00 5.388586e-02
1.180796e+00 6.000570e-02
1.219672e+00 6.651500e-02
1.258755e+00 7.341701e-02
1.298044e+00 8.071416e-02
1.337545e+00 8.840673e-02
1.377273e+00 9.649666e-02
1.417220e+00 1.049808e-01
1.457398e+00 1.138577e-01
1.497807e+00 1.231243e-01
1.538450e+00 1.327762e-01
1.579341e+00 1.428105e-01
1.620472e+00 1.532198e-01
1.661846e+00 1.639984e-01
1.703476e+00 1.751420e-01
1.745355e+00 1.866413e-01
1.787488e+00 1.984898e-01
1.829874e+00 2.106802e-01
1.872520e+00 2.232038e-01
1.915430e+00 2.360552e-01
1.958592e+00 2.492233e-01
2.002025e+00 2.627036e-01
2.045713e+00 2.764847e-01
2.089666e+00 2.905610e-01
2.133888e+00 3.049248e-01
2.178367e+00 3.195663e-01
2.223112e+00 3.344806e-01
2.268123e+00 3.496578e-01
2.313396e+00 3.650921e-01
2.358940e+00 3.807772e-01
2.404738e+00 3.967037e-01
2.450809e+00 4.128684e-01
2.497133e+00 4.292614e-01
2.543729e+00 4.458797e-01
2.590577e+00 4.627140e-01
2.637696e+00 4.797621e-01
2.685065e+00 4.970145e-01
2.732704e+00 5.144698e-01
2.780590e+00 5.321188e-01
2.828746e+00 5.499604e-01
2.877147e+00 5.679862e-01
2.925814e+00 5.861947e-01
2.974725e+00 6.045783e-01
3.023895e+00 6.231357e-01
3.073322e+00 6.418614e-01
3.122989e+00 6.607501e-01
3.172918e+00 6.798012e-01
3.223084e+00 6.990074e-01
3.273509e+00 7.183685e-01
3.324169e+00 7.378780e-01
3.375069e+00 7.575339e-01
3.426239e+00 7.773367e-01
3.477634e+00 7.972770e-01
3.529270e+00 8.173550e-01
3.581157e+00 8.375701e-01
3.633258e+00 8.579141e-01
3.685626e+00 8.783906e-01
3.738217e+00 8.989928e-01
3.791048e+00 9.197205e-01
3.844111e+00 9.405700e-01
3.897402e+00 9.615395e-01
3.950927e+00 9.826267e-01
4.004683e+00 1.003830e+00
4.058669e+00 1.025148e+00
4.112874e+00 1.046576e+00
4.167318e+00 1.068116e+00
4.221983e+00 1.089764e+00
4.276868e+00 1.111518e+00
4.331973e+00 1.133376e+00
4.387313e+00 1.155339e+00
4.442862e+00 1.177403e+00
4.498638e+00 1.199568e+00
4.554621e+00 1.221830e+00
4.610827e+00 1.244190e+00
4.667257e+00 1.266646e+00
4.723894e+00 1.289197e+00
4.780747e+00 1.311841e+00
4.837801e+00 1.334576e+00
4.895077e+00 1.357403e+00
4.952565e+00 1.380320e+00
5.010255e+00 1.403324e+00
5.068164e+00 1.426416e+00
5.126272e+00 1.449595e+00
5.184586e+00 1.472858e+00
5.243105e+00 1.496206e+00
5.301823e+00 1.519637e+00
5.360751e+00 1.543149e+00
5.419877e+00 1.566744e+00
5.479194e+00 1.590418e+00
5.538732e+00 1.614173e+00
5.598458e+00 1.638007e+00
5.658382e+00 1.661918e+00
5.718488e+00 1.685904e+00
