9.539300e+18 1.031700e+04 nan
5.337900e+20 1.047100e+05 nan
2.324100e+22 1.045700e+06 nan
5.415500e+23 8.213800e+06 nan
7.390800e+23 1.046200e+07 nan
5.311300e+24 4.165900e+07 nan
2.611200e+25 1.317600e+08 nan
6.685900e+25 2.626900e+08 nan
6.961000e+25 2.722000e+08 nan
7.497800e+25 2.950800e+08 nan
1.634000e+26 5.249600e+08 nan
3.039000e+26 8.321200e+08 nan
5.643300e+26 1.319100e+09 nan
5.939300e+26 1.413200e+09 nan
6.618100e+26 1.531900e+09 nan
7.185800e+26 1.660900e+09 nan
9.782900e+26 2.090800e+09 nan
1.331800e+27 2.632400e+09 nan
1.649200e+27 3.088100e+09 nan
1.736900e+27 3.315100e+09 nan
3.216100e+27 5.255200e+09 nan
5.952600e+27 8.332000e+09 nan
8.924100e+27 1.128500e+10 nan
9.881500e+27 1.261500e+10 nan
1.429300e+28 1.663500e+10 nan
1.943700e+28 2.094700e+10 nan
2.810700e+28 2.762200e+10 nan
3.211100e+28 3.171800e+10 nan
4.643300e+28 4.182800e+10 nan
6.313200e+28 5.267300e+10 nan
8.059600e+28 6.326900e+10 nan
8.628500e+28 6.946200e+10 nan
1.363900e+29 9.795500e+10 nan
1.486700e+29 1.052000e+11 nan
1.912500e+29 1.271100e+11 nan
2.010100e+29 1.403500e+11 nan
2.861600e+29 1.829900e+11 nan
3.104000e+29 2.006700e+11 nan
3.848500e+29 2.358400e+11 nan
4.418700e+29 2.616300e+11 nan
4.706200e+29 2.836400e+11 nan
6.016400e+29 3.411200e+11 nan
7.574600e+29 4.055600e+11 nan
7.758200e+29 4.372100e+11 nan
8.357476e+29 5.011872e+11 nan
8.386132e+29 5.041765e+11 nan
8.415016e+29 5.071836e+11 nan
8.444130e+29 5.102086e+11 nan
8.473476e+29 5.132516e+11 nan
8.503055e+29 5.163128e+11 nan
8.532870e+29 5.193923e+11 nan
8.562922e+29 5.224901e+11 nan
8.593213e+29 5.256064e+11 nan
8.623746e+29 5.287413e+11 nan
8.654521e+29 5.318949e+11 nan
8.685542e+29 5.350673e+11 nan
8.716809e+29 5.382586e+11 nan
8.748326e+29 5.414690e+11 nan
8.780093e+29 5.446985e+11 nan
8.812113e+29 5.479472e+11 nan
8.844388e+29 5.512154e+11 nan
8.876920e+29 5.545030e+11 nan
8.909711e+29 5.578102e+11 nan
8.942763e+29 5.611372e+11 nan
8.976078e+29 5.644840e+11 nan
9.009658e+29 5.678508e+11 nan
9.043505e+29 5.712376e+11 nan
9.077622e+29 5.746447e+11 nan
9.112011e+29 5.780721e+11 nan
9.146673e+29 5.815199e+11 nan
9.181611e+29 5.849883e+11 nan
9.216827e+29 5.884773e+11 nan
9.252324e+29 5.919872e+11 nan
9.288103e+29 5.955180e+11 nan
9.324167e+29 5.990699e+11 nan
9.360518e+29 6.026429e+11 nan
9.397159e+29 6.062373e+11 nan
9.434091e+29 6.098531e+11 nan
9.471317e+29 6.134905e+11 nan
9.508840e+29 6.171495e+11 nan
9.546661e+29 6.208304e+11 nan
9.584783e+29 6.245332e+11 nan
9.623209e+29 6.282582e+11 nan
9.661940e+29 6.320053e+11 nan
9.700980e+29 6.357748e+11 nan
9.740331e+29 6.395668e+11 nan
9.779995e+29 6.433814e+11 nan
9.819974e+29 6.472187e+11 nan
9.860272e+29 6.510789e+11 nan
9.900891e+29 6.549622e+11 nan
9.941833e+29 6.588686e+11 nan
9.983101e+29 6.627983e+11 nan
1.002470e+30 6.667514e+11 nan
1.006662e+30 6.707282e+11 nan
1.010889e+30 6.747286e+11 nan
1.015148e+30 6.787529e+11 nan
1.019442e+30 6.828012e+11 nan
1.023770e+30 6.868737e+11 nan
1.028132e+30 6.909704e+11 nan
1.032529e+30 6.950916e+11 nan
1.036961e+30 6.992374e+11 nan
1.041429e+30 7.034078e+11 nan
1.045932e+30 7.076032e+11 nan
1.050470e+30 7.118236e+11 nan
1.055045e+30 7.160691e+11 nan
1.059656e+30 7.203400e+11 nan
1.064304e+30 7.246364e+11 nan
1.068989e+30 7.289583e+11 nan
1.073712e+30 7.333061e+11 nan
1.078471e+30 7.376798e+11 nan
1.083269e+30 7.420795e+11 nan
1.088105e+30 7.465055e+11 nan
1.092980e+30 7.509579e+11 nan
1.097893e+30 7.554369e+11 nan
1.102845e+30 7.599426e+11 nan
1.107837e+30 7.644751e+11 nan
1.112869e+30 7.690347e+11 nan
1.117940e+30 7.736215e+11 nan
1.123052e+30 7.782356e+11 nan
1.128205e+30 7.828773e+11 nan
1.133398e+30 7.875466e+11 nan
1.138633e+30 7.922438e+11 nan
1.143910e+30 7.969690e+11 nan
1.149229e+30 8.017224e+11 nan
1.154590e+30 8.065042e+11 nan
1.159993e+30 8.113144e+11 nan
1.165440e+30 8.161534e+11 nan
1.170930e+30 8.210212e+11 nan
1.176464e+30 8.259180e+11 nan
1.182042e+30 8.308441e+11 nan
1.187664e+30 8.357995e+11 nan
1.193331e+30 8.407845e+11 nan
1.199043e+30 8.457992e+11 nan
1.204800e+30 8.508438e+11 nan
1.210604e+30 8.559185e+11 nan
1.216453e+30 8.610235e+11 nan
1.222349e+30 8.661590e+11 nan
1.228293e+30 8.713250e+11 nan
1.234283e+30 8.765219e+11 nan
1.240321e+30 8.817498e+11 nan
1.246407e+30 8.870088e+11 nan
1.252542e+30 8.922992e+11 nan
1.258725e+30 8.976212e+11 nan
1.264958e+30 9.029749e+11 nan
1.271240e+30 9.083605e+11 nan
1.277572e+30 9.137783e+11 nan
1.283955e+30 9.192284e+11 nan
1.290388e+30 9.247110e+11 nan
1.296873e+30 9.302262e+11 nan
1.303409e+30 9.357744e+11 nan
1.309998e+30 9.413557e+11 nan
1.316639e+30 9.469703e+11 nan
1.323332e+30 9.526183e+11 nan
1.330079e+30 9.583000e+11 nan
1.336880e+30 9.640156e+11 nan
1.343735e+30 9.697654e+11 nan
1.350644e+30 9.755494e+11 nan
1.357608e+30 9.813679e+11 nan
1.364628e+30 9.872211e+11 nan
1.371704e+30 9.931092e+11 nan
1.378836e+30 9.990324e+11 nan
1.386024e+30 1.004991e+12 nan
1.393270e+30 1.010985e+12 nan
1.400574e+30 1.017015e+12 nan
1.407936e+30 1.023081e+12 nan
1.415356e+30 1.029183e+12 nan
1.422836e+30 1.035321e+12 nan
1.430375e+30 1.041496e+12 nan
1.437974e+30 1.047708e+12 nan
1.445633e+30 1.053957e+12 nan
1.453354e+30 1.060243e+12 nan
1.461136e+30 1.066567e+12 nan
1.468980e+30 1.072928e+12 nan
1.476886e+30 1.079327e+12 nan
1.484855e+30 1.085765e+12 nan
1.492888e+30 1.092241e+12 nan
1.500985e+30 1.098755e+12 nan
1.509146e+30 1.105308e+12 nan
1.517372e+30 1.111901e+12 nan
1.525663e+30 1.118533e+12 nan
1.534021e+30 1.125204e+12 nan
1.542445e+30 1.131915e+12 nan
1.550936e+30 1.138666e+12 nan
1.559495e+30 1.145457e+12 nan
1.568122e+30 1.152289e+12 nan
1.576817e+30 1.159162e+12 nan
1.585582e+30 1.166076e+12 nan
1.594416e+30 1.173031e+12 nan
1.603321e+30 1.180027e+12 nan
1.612297e+30 1.187065e+12 nan
1.621344e+30 1.194145e+12 nan
1.630463e+30 1.201267e+12 nan
1.639655e+30 1.208432e+12 nan
1.648920e+30 1.215640e+12 nan
1.658259e+30 1.222890e+12 nan
1.667672e+30 1.230184e+12 nan
1.677160e+30 1.237521e+12 nan
1.686723e+30 1.244902e+12 nan
1.696363e+30 1.252327e+12 nan
1.706079e+30 1.259796e+12 nan
1.715873e+30 1.267310e+12 nan
1.725745e+30 1.274869e+12 nan
1.735695e+30 1.282472e+12 nan
1.745725e+30 1.290122e+12 nan
1.755834e+30 1.297816e+12 nan
1.766024e+30 1.305557e+12 nan
1.776295e+30 1.313344e+12 nan
1.786647e+30 1.321177e+12 nan
1.797082e+30 1.329057e+12 nan
1.807601e+30 1.336984e+12 nan
1.818202e+30 1.344958e+12 nan
1.828889e+30 1.352980e+12 nan
1.839660e+30 1.361049e+12 nan
1.850517e+30 1.369167e+12 nan
1.861461e+30 1.377333e+12 nan
1.872491e+30 1.385548e+12 nan
1.883610e+30 1.393812e+12 nan
1.894817e+30 1.402125e+12 nan
1.906113e+30 1.410488e+12 nan
1.917499e+30 1.418901e+12 nan
1.928975e+30 1.427363e+12 nan
1.940543e+30 1.435877e+12 nan
1.952204e+30 1.444441e+12 nan
1.963957e+30 1.453056e+12 nan
1.975803e+30 1.461722e+12 nan
1.987744e+30 1.470440e+12 nan
1.999780e+30 1.479211e+12 nan
2.011911e+30 1.488033e+12 nan
2.024140e+30 1.496908e+12 nan
2.036465e+30 1.505836e+12 nan
2.048889e+30 1.514818e+12 nan
2.061412e+30 1.523853e+12 nan
2.074034e+30 1.532941e+12 nan
2.086757e+30 1.542084e+12 nan
2.099581e+30 1.551282e+12 nan
2.112507e+30 1.560534e+12 nan
2.125536e+30 1.569842e+12 nan
2.138669e+30 1.579205e+12 nan
2.151906e+30 1.588624e+12 nan
2.165249e+30 1.598099e+12 nan
2.178697e+30 1.607630e+12 nan
2.192253e+30 1.617219e+12 nan
2.205917e+30 1.626864e+12 nan
2.219690e+30 1.636568e+12 nan
2.233572e+30 1.646329e+12 nan
2.247565e+30 1.656148e+12 nan
2.261669e+30 1.666026e+12 nan
2.275885e+30 1.675962e+12 nan
2.290215e+30 1.685958e+12 nan
2.304659e+30 1.696014e+12 nan
2.319217e+30 1.706130e+12 nan
2.333892e+30 1.716306e+12 nan
2.348683e+30 1.726542e+12 nan
2.363592e+30 1.736840e+12 nan
2.378620e+30 1.747199e+12 nan
2.393767e+30 1.757620e+12 nan
2.409035e+30 1.768103e+12 nan
2.424425e+30 1.778648e+12 nan
2.439937e+30 1.789257e+12 nan
2.455572e+30 1.799929e+12 nan
2.471332e+30 1.810664e+12 nan
2.487217e+30 1.821463e+12 nan
2.503229e+30 1.832327e+12 nan
2.519369e+30 1.843256e+12 nan
2.535636e+30 1.854249e+12 nan
2.552034e+30 1.865309e+12 nan
2.568561e+30 1.876434e+12 nan
2.585221e+30 1.887626e+12 nan
2.602013e+30 1.898884e+12 nan
2.618938e+30 1.910210e+12 nan
2.635999e+30 1.921603e+12 nan
2.653195e+30 1.933064e+12 nan
2.670528e+30 1.944593e+12 nan
2.687999e+30 1.956192e+12 nan
2.705609e+30 1.967859e+12 nan
2.723360e+30 1.979596e+12 nan
2.741251e+30 1.991403e+12 nan
2.759285e+30 2.003280e+12 nan
2.777463e+30 2.015229e+12 nan
2.795785e+30 2.027248e+12 nan
2.814253e+30 2.039339e+12 nan
2.832869e+30 2.051503e+12 nan
2.851632e+30 2.063738e+12 nan
2.870545e+30 2.076047e+12 nan
2.889608e+30 2.088430e+12 nan
2.908823e+30 2.100886e+12 nan
2.928191e+30 2.113416e+12 nan
2.947713e+30 2.126021e+12 nan
2.967391e+30 2.138701e+12 nan
2.987225e+30 2.151457e+12 nan
3.007217e+30 2.164289e+12 nan
3.027368e+30 2.177198e+12 nan
3.047680e+30 2.190183e+12 nan
3.068153e+30 2.203246e+12 nan
3.088789e+30 2.216387e+12 nan
3.109590e+30 2.229607e+12 nan
3.130556e+30 2.242905e+12 nan
3.151689e+30 2.256282e+12 nan
3.172990e+30 2.269739e+12 nan
3.194461e+30 2.283277e+12 nan
3.216103e+30 2.296895e+12 nan
3.237917e+30 2.310594e+12 nan
3.259905e+30 2.324376e+12 nan
3.282067e+30 2.338239e+12 nan
3.304406e+30 2.352185e+12 nan
3.326923e+30 2.366214e+12 nan
3.349620e+30 2.380327e+12 nan
3.372496e+30 2.394524e+12 nan
3.395555e+30 2.408806e+12 nan
3.418798e+30 2.423173e+12 nan
3.442225e+30 2.437625e+12 nan
3.465839e+30 2.452164e+12 nan
3.489642e+30 2.466790e+12 nan
3.513633e+30 2.481502e+12 nan
3.537815e+30 2.496303e+12 nan
3.562190e+30 2.511192e+12 nan
3.586759e+30 2.526169e+12 nan
3.611524e+30 2.541236e+12 nan
3.636486e+30 2.556393e+12 nan
3.661646e+30 2.571640e+12 nan
3.687007e+30 2.586978e+12 nan
3.712569e+30 2.602408e+12 nan
3.738335e+30 2.617930e+12 nan
3.764307e+30 2.633544e+12 nan
3.790485e+30 2.649251e+12 nan
3.816871e+30 2.665052e+12 nan
3.843467e+30 2.680947e+12 nan
3.870275e+30 2.696937e+12 nan
3.897297e+30 2.713023e+12 nan
3.924533e+30 2.729204e+12 nan
3.951987e+30 2.745482e+12 nan
3.979659e+30 2.761857e+12 nan
4.007551e+30 2.778330e+12 nan
4.035665e+30 2.794901e+12 nan
4.064003e+30 2.811570e+12 nan
4.092567e+30 2.828339e+12 nan
4.121357e+30 2.845209e+12 nan
4.150378e+30 2.862178e+12 nan
4.179629e+30 2.879249e+12 nan
4.209113e+30 2.896422e+12 nan
4.238832e+30 2.913697e+12 nan
4.268787e+30 2.931076e+12 nan
4.298981e+30 2.948558e+12 nan
4.329415e+30 2.966144e+12 nan
4.360091e+30 2.983835e+12 nan
4.391012e+30 3.001631e+12 nan
4.422178e+30 3.019534e+12 nan
4.453593e+30 3.037544e+12 nan
4.485258e+30 3.055661e+12 nan
4.517175e+30 3.073886e+12 nan
4.549346e+30 3.092219e+12 nan
4.581773e+30 3.110662e+12 nan
4.614458e+30 3.129215e+12 nan
4.647404e+30 3.147879e+12 nan
4.680611e+30 3.166654e+12 nan
4.714083e+30 3.185541e+12 nan
4.747822e+30 3.204541e+12 nan
4.781829e+30 3.223653e+12 nan
4.816106e+30 3.242880e+12 nan
4.850657e+30 3.262222e+12 nan
4.885483e+30 3.281679e+12 nan
4.920586e+30 3.301252e+12 nan
4.955968e+30 3.320942e+12 nan
4.991632e+30 3.340749e+12 nan
5.027580e+30 3.360674e+12 nan
5.063814e+30 3.380718e+12 nan
5.100336e+30 3.400882e+12 nan
5.137149e+30 3.421166e+12 nan
5.174255e+30 3.441571e+12 nan
5.211657e+30 3.462098e+12 nan
5.249356e+30 3.482747e+12 nan
5.287356e+30 3.503519e+12 nan
5.325658e+30 3.524415e+12 nan
5.364264e+30 3.545436e+12 nan
5.403178e+30 3.566582e+12 nan
5.442402e+30 3.587855e+12 nan
5.481938e+30 3.609254e+12 nan
5.521789e+30 3.630781e+12 nan
5.561957e+30 3.652436e+12 nan
5.602445e+30 3.674220e+12 nan
5.643255e+30 3.696134e+12 nan
5.684390e+30 3.718179e+12 nan
5.725853e+30 3.740356e+12 nan
5.767645e+30 3.762664e+12 nan
5.809770e+30 3.785106e+12 nan
5.852231e+30 3.807682e+12 nan
5.895029e+30 3.830392e+12 nan
5.938168e+30 3.853238e+12 nan
5.981651e+30 3.876220e+12 nan
6.025480e+30 3.899339e+12 nan
6.069657e+30 3.922596e+12 nan
6.114187e+30 3.945992e+12 nan
6.159070e+30 3.969527e+12 nan
6.204311e+30 3.993202e+12 nan
6.249913e+30 4.017019e+12 nan
6.295877e+30 4.040978e+12 nan
6.342207e+30 4.065080e+12 nan
6.388906e+30 4.089325e+12 nan
6.435976e+30 4.113715e+12 nan
6.483422e+30 4.138251e+12 nan
6.531245e+30 4.162933e+12 nan
6.579448e+30 4.187762e+12 nan
6.628036e+30 4.212739e+12 nan
6.677010e+30 4.237865e+12 nan
6.726374e+30 4.263141e+12 nan
6.776131e+30 4.288568e+12 nan
6.826284e+30 4.314147e+12 nan
6.876836e+30 4.339878e+12 nan
6.927791e+30 4.365762e+12 nan
6.979151e+30 4.391801e+12 nan
7.030920e+30 4.417995e+12 nan
7.083102e+30 4.444345e+12 nan
7.135698e+30 4.470853e+12 nan
7.188714e+30 4.497519e+12 nan
7.242151e+30 4.524343e+12 nan
7.296014e+30 4.551328e+12 nan
7.350305e+30 4.578474e+12 nan
7.405029e+30 4.605781e+12 nan
7.460188e+30 4.633252e+12 nan
7.515786e+30 4.660886e+12 nan
7.571827e+30 4.688685e+12 nan
7.628314e+30 4.716650e+12 nan
7.685251e+30 4.744781e+12 nan
7.742641e+30 4.773081e+12 nan
7.800488e+30 4.801549e+12 nan
7.858795e+30 4.830187e+12 nan
7.917567e+30 4.858996e+12 nan
7.976806e+30 4.887977e+12 nan
8.036517e+30 4.917130e+12 nan
8.096703e+30 4.946458e+12 nan
8.157368e+30 4.975960e+12 nan
8.218516e+30 5.005638e+12 nan
8.280151e+30 5.035494e+12 nan
8.342277e+30 5.065527e+12 nan
8.404897e+30 5.095739e+12 nan
8.468015e+30 5.126132e+12 nan
8.531636e+30 5.156706e+12 nan
8.595764e+30 5.187462e+12 nan
8.660402e+30 5.218402e+12 nan
8.725554e+30 5.249526e+12 nan
8.791226e+30 5.280836e+12 nan
8.857419e+30 5.312333e+12 nan
8.924140e+30 5.344017e+12 nan
8.991392e+30 5.375891e+12 nan
9.059179e+30 5.407955e+12 nan
9.127506e+30 5.440209e+12 nan
9.196377e+30 5.472657e+12 nan
9.265796e+30 5.505297e+12 nan
9.335768e+30 5.538133e+12 nan
9.406296e+30 5.571164e+12 nan
9.477386e+30 5.604392e+12 nan
9.549042e+30 5.637819e+12 nan
9.621269e+30 5.671445e+12 nan
9.694070e+30 5.705271e+12 nan
9.767451e+30 5.739299e+12 nan
9.841416e+30 5.773530e+12 nan
9.915970e+30 5.807965e+12 nan
9.991117e+30 5.842606e+12 nan
1.006686e+31 5.877453e+12 nan
1.014321e+31 5.912508e+12 nan
1.022017e+31 5.947773e+12 nan
1.029774e+31 5.983247e+12 nan
1.037592e+31 6.018933e+12 nan
1.045473e+31 6.054832e+12 nan
1.053417e+31 6.090945e+12 nan
1.061423e+31 6.127274e+12 nan
1.069494e+31 6.163819e+12 nan
1.077629e+31 6.200582e+12 nan
1.085828e+31 6.237564e+12 nan
1.094093e+31 6.274767e+12 nan
1.102424e+31 6.312192e+12 nan
1.110821e+31 6.349840e+12 nan
1.119285e+31 6.387712e+12 nan
1.127816e+31 6.425811e+12 nan
1.136415e+31 6.464136e+12 nan
1.145082e+31 6.502691e+12 nan
1.153819e+31 6.541475e+12 nan
1.162625e+31 6.580490e+12 nan
1.171501e+31 6.619739e+12 nan
1.180448e+31 6.659221e+12 nan
1.189466e+31 6.698939e+12 nan
1.198556e+31 6.738893e+12 nan
1.207718e+31 6.779086e+12 nan
1.216953e+31 6.819519e+12 nan
1.226262e+31 6.860193e+12 nan
1.235644e+31 6.901110e+12 nan
1.245102e+31 6.942270e+12 nan
1.254635e+31 6.983676e+12 nan
1.264243e+31 7.025329e+12 nan
1.273928e+31 7.067230e+12 nan
1.283690e+31 7.109382e+12 nan
1.293530e+31 7.151784e+12 nan
1.303449e+31 7.194440e+12 nan
1.313446e+31 7.237350e+12 nan
1.323522e+31 7.280516e+12 nan
1.333679e+31 7.323939e+12 nan
1.343917e+31 7.367622e+12 nan
1.354237e+31 7.411565e+12 nan
1.364638e+31 7.455770e+12 nan
1.375122e+31 7.500239e+12 nan
1.385690e+31 7.544972e+12 nan
1.396342e+31 7.589973e+12 nan
1.407078e+31 7.635242e+12 nan
1.417900e+31 7.680781e+12 nan
1.428809e+31 7.726592e+12 nan
1.439804e+31 7.772676e+12 nan
1.450886e+31 7.819035e+12 nan
1.462057e+31 7.865670e+12 nan
1.473317e+31 7.912584e+12 nan
1.484666e+31 7.959777e+12 nan
1.496106e+31 8.007252e+12 nan
1.507637e+31 8.055010e+12 nan
1.519259e+31 8.103052e+12 nan
1.530975e+31 8.151382e+12 nan
1.542783e+31 8.199999e+12 nan
1.554685e+31 8.248907e+12 nan
1.566682e+31 8.298106e+12 nan
1.578775e+31 8.347599e+12 nan
1.590964e+31 8.397387e+12 nan
1.603250e+31 8.447471e+12 nan
1.615633e+31 8.497855e+12 nan
1.628116e+31 8.548539e+12 nan
1.640697e+31 8.599525e+12 nan
1.653379e+31 8.650816e+12 nan
1.666162e+31 8.702412e+12 nan
1.679046e+31 8.754316e+12 nan
1.692033e+31 8.806530e+12 nan
1.705124e+31 8.859055e+12 nan
1.718318e+31 8.911893e+12 nan
1.731618e+31 8.965047e+12 nan
1.745024e+31 9.018517e+12 nan
1.758536e+31 9.072307e+12 nan
1.772156e+31 9.126417e+12 nan
1.785884e+31 9.180850e+12 nan
1.799721e+31 9.235607e+12 nan
1.813669e+31 9.290692e+12 nan
1.827728e+31 9.346104e+12 nan
1.841898e+31 9.401848e+12 nan
1.856182e+31 9.457923e+12 nan
1.870579e+31 9.514334e+12 nan
1.885091e+31 9.571080e+12 nan
1.899718e+31 9.628165e+12 nan
1.914461e+31 9.685591e+12 nan
1.929323e+31 9.743359e+12 nan
1.944302e+31 9.801472e+12 nan
1.959400e+31 9.859931e+12 nan
1.974619e+31 9.918739e+12 nan
1.989959e+31 9.977898e+12 nan
2.005421e+31 1.003741e+13 nan
2.021006e+31 1.009728e+13 nan
2.036715e+31 1.015750e+13 nan
2.052550e+31 1.021808e+13 nan
2.068510e+31 1.027903e+13 nan
2.084597e+31 1.034033e+13 nan
2.100813e+31 1.040201e+13 nan
2.117157e+31 1.046405e+13 nan
2.133632e+31 1.052646e+13 nan
2.150237e+31 1.058924e+13 nan
2.166975e+31 1.065240e+13 nan
2.183846e+31 1.071593e+13 nan
2.200852e+31 1.077985e+13 nan
2.217993e+31 1.084414e+13 nan
2.235270e+31 1.090882e+13 nan
2.252685e+31 1.097388e+13 nan
2.270238e+31 1.103934e+13 nan
2.287931e+31 1.110518e+13 nan
2.305765e+31 1.117141e+13 nan
2.323741e+31 1.123804e+13 nan
2.341860e+31 1.130507e+13 nan
2.360123e+31 1.137250e+13 nan
2.378532e+31 1.144033e+13 nan
2.397087e+31 1.150856e+13 nan
2.415790e+31 1.157720e+13 nan
2.434642e+31 1.164625e+13 nan
2.453644e+31 1.171571e+13 nan
2.472797e+31 1.178559e+13 nan
2.492102e+31 1.185588e+13 nan
2.511562e+31 1.192660e+13 nan
2.531176e+31 1.199773e+13 nan
2.550946e+31 1.206929e+13 nan
2.570874e+31 1.214127e+13 nan
2.590960e+31 1.221369e+13 nan
2.611206e+31 1.228654e+13 nan
2.631614e+31 1.235982e+13 nan
2.652183e+31 1.243353e+13 nan
2.672917e+31 1.250769e+13 nan
2.693816e+31 1.258229e+13 nan
2.714881e+31 1.265734e+13 nan
2.736113e+31 1.273283e+13 nan
2.757515e+31 1.280877e+13 nan
2.779087e+31 1.288517e+13 nan
2.800831e+31 1.296202e+13 nan
2.822747e+31 1.303933e+13 nan
2.844839e+31 1.311710e+13 nan
2.867106e+31 1.319533e+13 nan
2.889550e+31 1.327404e+13 nan
2.912173e+31 1.335321e+13 nan
2.934977e+31 1.343285e+13 nan
2.957961e+31 1.351297e+13 nan
2.981129e+31 1.359356e+13 nan
3.004481e+31 1.367464e+13 nan
3.028019e+31 1.375620e+13 nan
3.051744e+31 1.383825e+13 nan
3.075658e+31 1.392078e+13 nan
3.099763e+31 1.400381e+13 nan
3.124059e+31 1.408733e+13 nan
3.148549e+31 1.417136e+13 nan
3.173234e+31 1.425588e+13 nan
3.198115e+31 1.434091e+13 nan
3.223195e+31 1.442644e+13 nan
3.248474e+31 1.451248e+13 nan
3.273954e+31 1.459904e+13 nan
3.299637e+31 1.468611e+13 nan
3.325525e+31 1.477371e+13 nan
3.351618e+31 1.486182e+13 nan
3.377919e+31 1.495046e+13 nan
3.404430e+31 1.503963e+13 nan
3.431152e+31 1.512933e+13 nan
3.458086e+31 1.521957e+13 nan
3.485235e+31 1.531035e+13 nan
3.512600e+31 1.540166e+13 nan
3.540183e+31 1.549352e+13 nan
3.567985e+31 1.558593e+13 nan
3.596009e+31 1.567889e+13 nan
3.624255e+31 1.577240e+13 nan
3.652727e+31 1.586648e+13 nan
3.681425e+31 1.596111e+13 nan
3.710352e+31 1.605631e+13 nan
3.739509e+31 1.615207e+13 nan
3.768898e+31 1.624841e+13 nan
3.798521e+31 1.634532e+13 nan
3.828379e+31 1.644281e+13 nan
3.858476e+31 1.654088e+13 nan
3.888812e+31 1.663953e+13 nan
3.919390e+31 1.673878e+13 nan
3.950210e+31 1.683861e+13 nan
3.981277e+31 1.693904e+13 nan
4.012590e+31 1.704007e+13 nan
4.044153e+31 1.714171e+13 nan
4.075967e+31 1.724395e+13 nan
4.108035e+31 1.734679e+13 nan
4.140357e+31 1.745026e+13 nan
4.172937e+31 1.755434e+13 nan
4.205776e+31 1.765903e+13 nan
4.238877e+31 1.776436e+13 nan
4.272241e+31 1.787031e+13 nan
4.305871e+31 1.797690e+13 nan
4.339768e+31 1.808412e+13 nan
4.373936e+31 1.819198e+13 nan
4.408375e+31 1.830048e+13 nan
4.443089e+31 1.840963e+13 nan
4.478078e+31 1.851943e+13 nan
4.513347e+31 1.862989e+13 nan
4.548896e+31 1.874100e+13 nan
4.584728e+31 1.885278e+13 nan
4.620845e+31 1.896522e+13 nan
4.657250e+31 1.907834e+13 nan
4.693944e+31 1.919213e+13 nan
4.730931e+31 1.930660e+13 nan
4.768212e+31 1.942175e+13 nan
4.805790e+31 1.953758e+13 nan
4.843667e+31 1.965411e+13 nan
4.881845e+31 1.977134e+13 nan
4.920328e+31 1.988926e+13 nan
4.959116e+31 2.000789e+13 nan
4.998214e+31 2.012722e+13 nan
5.037623e+31 2.024726e+13 nan
5.077345e+31 2.036803e+13 nan
5.117384e+31 2.048951e+13 nan
5.157741e+31 2.061171e+13 nan
5.198420e+31 2.073465e+13 nan
5.239422e+31 2.085832e+13 nan
5.280751e+31 2.098272e+13 nan
5.322409e+31 2.110787e+13 nan
5.364398e+31 2.123377e+13 nan
5.406722e+31 2.136041e+13 nan
5.449383e+31 2.148781e+13 nan
5.492383e+31 2.161597e+13 nan
5.535725e+31 2.174490e+13 nan
5.579413e+31 2.187459e+13 nan
5.623448e+31 2.200506e+13 nan
5.667834e+31 2.213630e+13 nan
5.712573e+31 2.226833e+13 nan
5.757669e+31 2.240115e+13 nan
5.803123e+31 2.253476e+13 nan
5.848939e+31 2.266916e+13 nan
5.895120e+31 2.280437e+13 nan
5.941668e+31 2.294038e+13 nan
5.988587e+31 2.307720e+13 nan
6.035880e+31 2.321484e+13 nan
6.083548e+31 2.335330e+13 nan
6.131597e+31 2.349259e+13 nan
6.180028e+31 2.363271e+13 nan
6.228844e+31 2.377366e+13 nan
6.278049e+31 2.391546e+13 nan
6.327646e+31 2.405810e+13 nan
6.377637e+31 2.420159e+13 nan
6.428027e+31 2.434593e+13 nan
6.478817e+31 2.449114e+13 nan
6.530012e+31 2.463721e+13 nan
6.581614e+31 2.478416e+13 nan
6.633628e+31 2.493198e+13 nan
6.686055e+31 2.508068e+13 nan
6.738899e+31 2.523027e+13 nan
6.792164e+31 2.538075e+13 nan
6.845854e+31 2.553213e+13 nan
6.899970e+31 2.568441e+13 nan
6.954518e+31 2.583760e+13 nan
7.009499e+31 2.599171e+13 nan
7.064918e+31 2.614673e+13 nan
7.120779e+31 2.630268e+13 nan
7.177084e+31 2.645956e+13 nan
7.233837e+31 2.661737e+13 nan
7.291042e+31 2.677613e+13 nan
7.348703e+31 2.693583e+13 nan
7.406822e+31 2.709648e+13 nan
7.465404e+31 2.725809e+13 nan
7.524453e+31 2.742067e+13 nan
7.583971e+31 2.758422e+13 nan
7.643963e+31 2.774874e+13 nan
7.704433e+31 2.791424e+13 nan
7.765384e+31 2.808073e+13 nan
7.826821e+31 2.824821e+13 nan
7.888746e+31 2.841670e+13 nan
7.951164e+31 2.858618e+13 nan
8.014080e+31 2.875668e+13 nan
8.077496e+31 2.892819e+13 nan
8.141417e+31 2.910073e+13 nan
8.205846e+31 2.927430e+13 nan
8.270789e+31 2.944890e+13 nan
8.336248e+31 2.962454e+13 nan
8.402229e+31 2.980123e+13 nan
8.468735e+31 2.997898e+13 nan
8.535770e+31 3.015778e+13 nan
8.603339e+31 3.033765e+13 nan
8.671446e+31 3.051860e+13 nan
8.740095e+31 3.070062e+13 nan
8.809290e+31 3.088373e+13 nan
8.879036e+31 3.106793e+13 nan
8.949338e+31 3.125323e+13 nan
9.020199e+31 3.143963e+13 nan
9.091624e+31 3.162715e+13 nan
9.163618e+31 3.181578e+13 nan
9.236184e+31 3.200554e+13 nan
9.309329e+31 3.219644e+13 nan
9.383055e+31 3.238847e+13 nan
9.457369e+31 3.258164e+13 nan
9.532274e+31 3.277597e+13 nan
9.607776e+31 3.297146e+13 nan
9.683878e+31 3.316811e+13 nan
9.760586e+31 3.336594e+13 nan
9.837905e+31 3.356494e+13 nan
9.915839e+31 3.376513e+13 nan
9.994394e+31 3.396652e+13 nan
1.007357e+32 3.416911e+13 nan
1.015338e+32 3.437290e+13 nan
1.023383e+32 3.457791e+13 nan
1.031492e+32 3.478415e+13 nan
1.039665e+32 3.499161e+13 nan
1.047903e+32 3.520031e+13 nan
1.056207e+32 3.541026e+13 nan
1.064577e+32 3.562146e+13 nan
1.073013e+32 3.583392e+13 nan
1.081517e+32 3.604764e+13 nan
1.090088e+32 3.626264e+13 nan
1.098728e+32 3.647893e+13 nan
1.107436e+32 3.669650e+13 nan
1.116214e+32 3.691537e+13 nan
1.125061e+32 3.713554e+13 nan
1.133979e+32 3.735703e+13 nan
1.142968e+32 3.757984e+13 nan
1.152029e+32 3.780398e+13 nan
1.161162e+32 3.802946e+13 nan
1.170367e+32 3.825628e+13 nan
1.179646e+32 3.848445e+13 nan
1.188998e+32 3.871398e+13 nan
1.198425e+32 3.894489e+13 nan
1.207927e+32 3.917717e+13 nan
1.217505e+32 3.941083e+13 nan
1.227159e+32 3.964589e+13 nan
1.236889e+32 3.988235e+13 nan
1.246698e+32 4.012023e+13 nan
1.256584e+32 4.035952e+13 nan
1.266549e+32 4.060023e+13 nan
1.276593e+32 4.084239e+13 nan
1.286717e+32 4.108598e+13 nan
1.296922e+32 4.133103e+13 nan
1.307208e+32 4.157755e+13 nan
1.317576e+32 4.182553e+13 nan
1.328027e+32 4.207499e+13 nan
1.338560e+32 4.232594e+13 nan
1.349178e+32 4.257839e+13 nan
1.359880e+32 4.283234e+13 nan
1.370667e+32 4.308780e+13 nan
1.381540e+32 4.334479e+13 nan
1.392500e+32 4.360332e+13 nan
1.403547e+32 4.386338e+13 nan
1.414682e+32 4.412500e+13 nan
1.425905e+32 4.438817e+13 nan
1.437218e+32 4.465292e+13 nan
1.448621e+32 4.491924e+13 nan
1.460114e+32 4.518716e+13 nan
1.471699e+32 4.545667e+13 nan
1.483377e+32 4.572779e+13 nan
1.495147e+32 4.600052e+13 nan
1.507011e+32 4.627488e+13 nan
1.518970e+32 4.655088e+13 nan
1.531023e+32 4.682853e+13 nan
1.543173e+32 4.710783e+13 nan
1.555419e+32 4.738880e+13 nan
1.567763e+32 4.767144e+13 nan
1.580205e+32 4.795577e+13 nan
1.592746e+32 4.824179e+13 nan
1.605387e+32 4.852952e+13 nan
1.618128e+32 4.881897e+13 nan
1.630971e+32 4.911014e+13 nan
1.643917e+32 4.940305e+13 nan
1.656965e+32 4.969771e+13 nan
1.670117e+32 4.999412e+13 nan
1.683374e+32 5.029230e+13 nan
1.696736e+32 5.059226e+13 nan
1.710205e+32 5.089401e+13 nan
1.723781e+32 5.119756e+13 nan
1.737465e+32 5.150292e+13 nan
1.751258e+32 5.181010e+13 nan
1.765161e+32 5.211911e+13 nan
1.779174e+32 5.242997e+13 nan
1.793299e+32 5.274268e+13 nan
1.807536e+32 5.305725e+13 nan
1.821887e+32 5.337370e+13 nan
1.836352e+32 5.369204e+13 nan
1.850932e+32 5.401228e+13 nan
1.865628e+32 5.433442e+13 nan
1.880441e+32 5.465849e+13 nan
1.895373e+32 5.498449e+13 nan
1.910422e+32 5.531244e+13 nan
1.925592e+32 5.564234e+13 nan
1.940883e+32 5.597421e+13 nan
1.956295e+32 5.630806e+13 nan
1.971830e+32 5.664390e+13 nan
1.987488e+32 5.698174e+13 nan
2.003272e+32 5.732160e+13 nan
2.019180e+32 5.766349e+13 nan
2.035216e+32 5.800741e+13 nan
2.051379e+32 5.835339e+13 nan
2.067671e+32 5.870143e+13 nan
2.084092e+32 5.905154e+13 nan
2.100645e+32 5.940374e+13 nan
2.117328e+32 5.975805e+13 nan
2.134145e+32 6.011446e+13 nan
2.151096e+32 6.047301e+13 nan
2.168181e+32 6.083369e+13 nan
2.185403e+32 6.119652e+13 nan
2.202762e+32 6.156152e+13 nan
2.220259e+32 6.192869e+13 nan
2.237895e+32 6.229805e+13 nan
2.255671e+32 6.266962e+13 nan
2.273589e+32 6.304340e+13 nan
2.291650e+32 6.341941e+13 nan
2.309854e+32 6.379767e+13 nan
2.328204e+32 6.417818e+13 nan
2.346699e+32 6.456096e+13 nan
2.365342e+32 6.494602e+13 nan
2.384133e+32 6.533338e+13 nan
2.403073e+32 6.572305e+13 nan
2.422165e+32 6.611505e+13 nan
2.441408e+32 6.650938e+13 nan
2.460805e+32 6.690606e+13 nan
2.480356e+32 6.730511e+13 nan
2.500062e+32 6.770654e+13 nan
2.519926e+32 6.811037e+13 nan
2.539947e+32 6.851660e+13 nan
2.560128e+32 6.892525e+13 nan
2.580470e+32 6.933635e+13 nan
2.600974e+32 6.974989e+13 nan
2.621640e+32 7.016590e+13 nan
2.642472e+32 7.058440e+13 nan
2.663469e+32 7.100539e+13 nan
2.684633e+32 7.142889e+13 nan
2.705966e+32 7.185491e+13 nan
2.727468e+32 7.228348e+13 nan
2.749142e+32 7.271460e+13 nan
2.770988e+32 7.314829e+13 nan
2.793008e+32 7.358458e+13 nan
2.815204e+32 7.402346e+13 nan
2.837576e+32 7.446496e+13 nan
2.860126e+32 7.490909e+13 nan
2.882856e+32 7.535588e+13 nan
2.905766e+32 7.580532e+13 nan
2.928859e+32 7.625745e+13 nan
2.952136e+32 7.671228e+13 nan
2.975598e+32 7.716981e+13 nan
2.999247e+32 7.763008e+13 nan
3.023084e+32 7.809309e+13 nan
3.047111e+32 7.855886e+13 nan
3.071329e+32 7.902742e+13 nan
3.095740e+32 7.949876e+13 nan
3.120346e+32 7.997292e+13 nan
3.145147e+32 8.044990e+13 nan
3.170145e+32 8.092973e+13 nan
3.195343e+32 8.141242e+13 nan
3.220741e+32 8.189800e+13 nan
3.246341e+32 8.238646e+13 nan
3.272145e+32 8.287784e+13 nan
3.298155e+32 8.337215e+13 nan
3.324371e+32 8.386941e+13 nan
3.350797e+32 8.436964e+13 nan
3.377432e+32 8.487285e+13 nan
3.404280e+32 8.537906e+13 nan
3.431341e+32 8.588829e+13 nan
3.458618e+32 8.640055e+13 nan
3.486112e+32 8.691587e+13 nan
3.513825e+32 8.743427e+13 nan
3.541758e+32 8.795576e+13 nan
3.569914e+32 8.848035e+13 nan
3.598294e+32 8.900808e+13 nan
3.626899e+32 8.953895e+13 nan
3.655733e+32 9.007299e+13 nan
3.684796e+32 9.061022e+13 nan
3.714090e+32 9.115065e+13 nan
3.743618e+32 9.169430e+13 nan
3.773380e+32 9.224120e+13 nan
3.803380e+32 9.279135e+13 nan
3.833618e+32 9.334479e+13 nan
3.864097e+32 9.390153e+13 nan
3.894819e+32 9.446159e+13 nan
3.925785e+32 9.502499e+13 nan
3.956998e+32 9.559175e+13 nan
3.988459e+32 9.616189e+13 nan
4.020170e+32 9.673543e+13 nan
4.052135e+32 9.731240e+13 nan
4.084353e+32 9.789280e+13 nan
4.116828e+32 9.847667e+13 nan
4.149561e+32 9.906401e+13 nan
4.182555e+32 9.965486e+13 nan
4.215812e+32 1.002492e+14 nan
4.249334e+32 1.008472e+14 nan
4.283122e+32 1.014486e+14 nan
4.317179e+32 1.020537e+14 nan
4.351507e+32 1.026624e+14 nan
4.386109e+32 1.032747e+14 nan
4.420986e+32 1.038907e+14 nan
4.456141e+32 1.045103e+14 nan
4.491575e+32 1.051336e+14 nan
4.527292e+32 1.057607e+14 nan
4.563293e+32 1.063915e+14 nan
4.599580e+32 1.070260e+14 nan
4.636156e+32 1.076644e+14 nan
4.673024e+32 1.083065e+14 nan
4.710185e+32 1.089525e+14 nan
4.747642e+32 1.096023e+14 nan
4.785397e+32 1.102560e+14 nan
4.823452e+32 1.109136e+14 nan
4.861811e+32 1.115752e+14 nan
4.900474e+32 1.122406e+14 nan
4.939446e+32 1.129101e+14 nan
4.978728e+32 1.135835e+14 nan
5.018322e+32 1.142610e+14 nan
5.058232e+32 1.149425e+14 nan
5.098459e+32 1.156280e+14 nan
5.139007e+32 1.163177e+14 nan
5.179877e+32 1.170114e+14 nan
5.221073e+32 1.177093e+14 nan
5.262597e+32 1.184114e+14 nan
5.304451e+32 1.191176e+14 nan
5.346638e+32 1.198281e+14 nan
5.389161e+32 1.205428e+14 nan
5.432023e+32 1.212617e+14 nan
5.475226e+32 1.219850e+14 nan
5.518773e+32 1.227125e+14 nan
5.562666e+32 1.234444e+14 nan
5.606909e+32 1.241807e+14 nan
5.651504e+32 1.249213e+14 nan
5.696454e+32 1.256664e+14 nan
5.741762e+32 1.264159e+14 nan
5.787430e+32 1.271699e+14 nan
5.833462e+32 1.279284e+14 nan
5.879861e+32 1.286914e+14 nan
5.926628e+32 1.294590e+14 nan
5.973769e+32 1.302311e+14 nan
6.021284e+32 1.310078e+14 nan
6.069177e+32 1.317892e+14 nan
6.117452e+32 1.325753e+14 nan
6.166111e+32 1.333660e+14 nan
6.215158e+32 1.341614e+14 nan
6.288069e+32 1.348963e+14 nan
6.395133e+32 1.359673e+14 nan
6.504021e+32 1.370467e+14 nan
6.614763e+32 1.381348e+14 nan
6.727390e+32 1.392315e+14 nan
6.841934e+32 1.403368e+14 nan
6.958429e+32 1.414510e+14 nan
7.076908e+32 1.425740e+14 nan
7.197404e+32 1.437059e+14 nan
7.319951e+32 1.448469e+14 nan
7.444585e+32 1.459968e+14 nan
7.571342e+32 1.471559e+14 nan
7.700256e+32 1.483242e+14 nan
7.831365e+32 1.495018e+14 nan
7.964707e+32 1.506887e+14 nan
8.100319e+32 1.518851e+14 nan
8.238240e+32 1.530909e+14 nan
8.378510e+32 1.543064e+14 nan
8.521168e+32 1.555314e+14 nan
8.666254e+32 1.567662e+14 nan
8.813811e+32 1.580108e+14 nan
8.963881e+32 1.592653e+14 nan
9.116505e+32 1.605298e+14 nan
9.271729e+32 1.618042e+14 nan
9.429595e+32 1.630888e+14 nan
9.590149e+32 1.643836e+14 nan
9.753437e+32 1.656887e+14 nan
9.919505e+32 1.670042e+14 nan
1.008840e+33 1.683300e+14 nan
1.026017e+33 1.696664e+14 nan
1.043487e+33 1.710135e+14 nan
1.061254e+33 1.723712e+14 nan
1.079323e+33 1.737397e+14 nan
1.097701e+33 1.751190e+14 nan
1.116391e+33 1.765093e+14 nan
1.135399e+33 1.779107e+14 nan
1.154731e+33 1.793232e+14 nan
1.174392e+33 1.807468e+14 nan
1.194388e+33 1.821818e+14 nan
1.214725e+33 1.836282e+14 nan
1.235407e+33 1.850861e+14 nan
1.256442e+33 1.865555e+14 nan
1.277835e+33 1.880366e+14 nan
1.299592e+33 1.895295e+14 nan
1.321720e+33 1.910342e+14 nan
1.344225e+33 1.925509e+14 nan
1.367112e+33 1.940796e+14 nan
1.390389e+33 1.956204e+14 nan
1.414063e+33 1.971735e+14 nan
1.438140e+33 1.987389e+14 nan
1.462627e+33 2.003167e+14 nan
1.487530e+33 2.019071e+14 nan
1.512858e+33 2.035100e+14 nan
1.538617e+33 2.051258e+14 nan
1.564814e+33 2.067543e+14 nan
1.591458e+33 2.083958e+14 nan
1.618555e+33 2.100503e+14 nan
1.646113e+33 2.117179e+14 nan
1.674141e+33 2.133988e+14 nan
1.702646e+33 2.150930e+14 nan
1.731636e+33 2.168007e+14 nan
1.761120e+33 2.185219e+14 nan
1.791106e+33 2.202568e+14 nan
1.821603e+33 2.220055e+14 nan
1.852618e+33 2.237680e+14 nan
1.884162e+33 2.255445e+14 nan
1.916243e+33 2.273352e+14 nan
1.948870e+33 2.291401e+14 nan
1.982053e+33 2.309592e+14 nan
2.015801e+33 2.327929e+14 nan
2.050123e+33 2.346411e+14 nan
2.085030e+33 2.365039e+14 nan
2.120531e+33 2.383816e+14 nan
2.156636e+33 2.402742e+14 nan
2.193356e+33 2.421818e+14 nan
2.230702e+33 2.441045e+14 nan
2.268683e+33 2.460425e+14 nan
2.307311e+33 2.479959e+14 nan
2.346597e+33 2.499648e+14 nan
2.386552e+33 2.519493e+14 nan
2.427186e+33 2.539496e+14 nan
2.468513e+33 2.559657e+14 nan
2.510544e+33 2.579979e+14 nan
2.553290e+33 2.600462e+14 nan
2.596764e+33 2.621108e+14 nan
2.640978e+33 2.641917e+14 nan
2.685945e+33 2.662892e+14 nan
2.731677e+33 2.684033e+14 nan
2.778189e+33 2.705342e+14 nan
2.825492e+33 2.726821e+14 nan
2.873600e+33 2.748469e+14 nan
2.922528e+33 2.770290e+14 nan
2.972289e+33 2.792284e+14 nan
3.022897e+33 2.814453e+14 nan
3.074367e+33 2.836797e+14 nan
3.126713e+33 2.859319e+14 nan
3.179950e+33 2.882020e+14 nan
3.234094e+33 2.904901e+14 nan
3.289160e+33 2.927963e+14 nan
3.332576e+33 2.948000e+14 1.044316e-01
8.484283e+33 3.479681e+14 1.110832e-01
1.451932e+34 4.066328e+14 1.177347e-01
2.150821e+34 4.708418e+14 1.243863e-01
2.951955e+34 5.406142e+14 1.310378e-01
3.861982e+34 6.159500e+14 1.376894e-01
4.887316e+34 6.968306e+14 1.443409e-01
6.034123e+34 7.832210e+14 1.509925e-01
7.308317e+34 8.750727e+14 1.576440e-01
8.715545e+34 9.723248e+14 1.642956e-01
1.026119e+35 1.074906e+15 1.709472e-01
1.195037e+35 1.182736e+15 1.775987e-01
1.378794e+35 1.295728e+15 1.842503e-01
1.577848e+35 1.413788e+15 1.909018e-01
1.792632e+35 1.536815e+15 1.975534e-01
2.023554e+35 1.664708e+15 2.042049e-01
2.270995e+35 1.797359e+15 2.108565e-01
2.535315e+35 1.934659e+15 2.175080e-01
2.816849e+35 2.076497e+15 2.241596e-01
3.115908e+35 2.222760e+15 2.308112e-01
3.432783e+35 2.373334e+15 2.374627e-01
3.767744e+35 2.528106e+15 2.441143e-01
4.121038e+35 2.686962e+15 2.507658e-01
4.492896e+35 2.849789e+15 2.574174e-01
4.883528e+35 3.016473e+15 2.640689e-01
5.293128e+35 3.186904e+15 2.707205e-01
5.721869e+35 3.360971e+15 2.773721e-01
6.169913e+35 3.538564e+15 2.840236e-01
6.637403e+35 3.719576e+15 2.906752e-01
7.124467e+35 3.903901e+15 2.973267e-01
7.631221e+35 4.091435e+15 3.039783e-01
8.157765e+35 4.282076e+15 3.106298e-01
8.704188e+35 4.475723e+15 3.172814e-01
9.270565e+35 4.672277e+15 3.239329e-01
9.856963e+35 4.871644e+15 3.305845e-01
1.046343e+36 5.073727e+15 3.372361e-01
1.109002e+36 5.278437e+15 3.438876e-01
1.173676e+36 5.485684e+15 3.505392e-01
1.240367e+36 5.695376e+15 3.571907e-01
1.309078e+36 5.907435e+15 3.638423e-01
1.379808e+36 6.121770e+15 3.704938e-01
1.452557e+36 6.338301e+15 3.771454e-01
1.527326e+36 6.556954e+15 3.837969e-01
1.604111e+36 6.777645e+15 3.904485e-01
1.682912e+36 7.000303e+15 3.971001e-01
1.763725e+36 7.224856e+15 4.037516e-01
1.846547e+36 7.451225e+15 4.104032e-01
1.931373e+36 7.679486e+15 4.161850e-01
2.018206e+36 7.910694e+15 4.192853e-01
2.107055e+36 8.145623e+15 4.223856e-01
2.197933e+36 8.384132e+15 4.254859e-01
2.290851e+36 8.626233e+15 4.285862e-01
2.385820e+36 8.871892e+15 4.316866e-01
2.482850e+36 9.121087e+15 4.347869e-01
2.581952e+36 9.373794e+15 4.378872e-01
2.683135e+36 9.629988e+15 4.409875e-01
2.786409e+36 9.889644e+15 4.440878e-01
2.891782e+36 1.015274e+16 4.471882e-01
2.999265e+36 1.041924e+16 4.502885e-01
3.108863e+36 1.068912e+16 4.533888e-01
3.220587e+36 1.096237e+16 4.564891e-01
3.334443e+36 1.123894e+16 4.595894e-01
3.450438e+36 1.151882e+16 4.626898e-01
3.568580e+36 1.180197e+16 4.657901e-01
3.688875e+36 1.208837e+16 4.688904e-01
3.811329e+36 1.237799e+16 4.719907e-01
3.935949e+36 1.267080e+16 4.750911e-01
4.062739e+36 1.296678e+16 4.781914e-01
4.191706e+36 1.326589e+16 4.812917e-01
4.322855e+36 1.356810e+16 4.843920e-01
4.456189e+36 1.387340e+16 4.874923e-01
4.591715e+36 1.418174e+16 4.905927e-01
4.729435e+36 1.449310e+16 4.936930e-01
4.869354e+36 1.480745e+16 4.967933e-01
5.011476e+36 1.512477e+16 4.998936e-01
5.155803e+36 1.544502e+16 5.029939e-01
5.302340e+36 1.576817e+16 5.060943e-01
5.451090e+36 1.609420e+16 5.091946e-01
5.602054e+36 1.642307e+16 5.122949e-01
5.755235e+36 1.675476e+16 5.153952e-01
5.910636e+36 1.708924e+16 5.184955e-01
6.068259e+36 1.742648e+16 5.215959e-01
6.228104e+36 1.776645e+16 5.246962e-01
6.390175e+36 1.810911e+16 5.277965e-01
6.554473e+36 1.845449e+16 5.308968e-01
6.720997e+36 1.880216e+16 5.351247e-01
6.889745e+36 1.915147e+16 5.399658e-01
7.060710e+36 1.950217e+16 5.448068e-01
