# Pressure (dyn/cm²)   Energy Density (erg/cm³)   cs² (dimensionless)
3.332576e+33 2.649512e+35 1.518509e-01
8.351681e+33 2.976036e+35 1.550604e-01
1.397355e+34 3.336939e+35 1.563116e-01
2.025242e+34 3.737061e+35 1.575628e-01
2.724589e+34 4.179109e+35 1.588139e-01
3.501478e+34 4.666348e+35 1.600651e-01
4.362323e+34 5.202028e+35 1.613163e-01
5.313871e+34 5.789581e+35 1.625675e-01
6.363209e+34 6.432547e+35 1.638187e-01
7.517766e+34 7.134605e+35 1.650699e-01
8.785319e+34 7.899554e+35 1.663211e-01
1.017400e+35 8.731319e+35 1.675722e-01
1.169228e+35 9.633950e+35 1.688234e-01
1.334900e+35 1.061161e+36 1.700746e-01
1.515335e+35 1.166859e+36 1.713258e-01
1.711489e+35 1.280929e+36 1.725770e-01
1.924353e+35 1.403823e+36 1.738282e-01
2.154953e+35 1.536001e+36 1.750794e-01
2.404353e+35 1.677937e+36 1.763306e-01
2.673651e+35 1.830115e+36 1.775817e-01
2.963982e+35 1.993026e+36 1.788329e-01
3.276517e+35 2.167174e+36 1.800841e-01
3.612462e+35 2.353069e+36 1.813353e-01
3.973058e+35 2.551242e+36 1.825865e-01
4.359581e+35 2.762199e+36 1.837332e-01
4.773382e+35 2.987299e+36 1.838034e-01
5.215976e+35 3.228074e+36 1.838736e-01
5.688967e+35 3.485254e+36 1.839439e-01
6.194025e+35 3.759775e+36 1.840141e-01
6.732889e+35 4.052556e+36 1.840843e-01
7.307368e+35 4.364570e+36 1.841545e-01
7.919347e+35 4.696824e+36 1.842247e-01
8.570782e+35 5.050365e+36 1.842950e-01
9.263709e+35 5.426281e+36 1.843652e-01
1.000024e+36 5.825700e+36 1.844354e-01
1.078257e+36 6.249795e+36 1.845056e-01
1.161298e+36 6.699782e+36 1.845758e-01
1.249383e+36 7.176919e+36 1.846460e-01
1.342757e+36 7.682514e+36 1.847163e-01
1.441674e+36 8.217920e+36 1.847865e-01
1.546398e+36 8.784537e+36 1.848567e-01
1.657199e+36 9.383815e+36 1.849269e-01
1.774362e+36 1.001725e+37 1.849971e-01
1.898177e+36 1.068641e+37 1.850673e-01
2.028947e+36 1.139288e+37 1.851376e-01
2.166983e+36 1.213832e+37 1.852078e-01
2.312609e+36 1.292446e+37 1.852780e-01
2.466158e+36 1.375305e+37 1.853482e-01
2.627975e+36 1.462593e+37 1.854184e-01
